z1_new_m	d1_new_long_m
-7.500000e-03	6.699692e-04
-7.490000e-03	6.693079e-04
-7.480000e-03	6.686467e-04
-7.470000e-03	6.679854e-04
-7.460000e-03	6.673241e-04
-7.450000e-03	6.666629e-04
-7.440000e-03	6.660016e-04
-7.430000e-03	6.653403e-04
-7.420000e-03	6.646791e-04
-7.410000e-03	6.640178e-04
-7.400000e-03	6.633565e-04
-7.390000e-03	6.626953e-04
-7.380000e-03	6.620340e-04
-7.370000e-03	6.613727e-04
-7.360000e-03	6.607115e-04
-7.350000e-03	6.600502e-04
-7.340000e-03	6.593889e-04
-7.330000e-03	6.587277e-04
-7.320000e-03	6.580664e-04
-7.310000e-03	6.574051e-04
-7.300000e-03	6.567439e-04
-7.290000e-03	6.560826e-04
-7.280000e-03	6.554213e-04
-7.270000e-03	6.547601e-04
-7.260000e-03	6.540988e-04
-7.250000e-03	6.534375e-04
-7.240000e-03	6.527763e-04
-7.230000e-03	6.521150e-04
-7.220000e-03	6.514537e-04
-7.210000e-03	6.507925e-04
-7.200000e-03	6.501312e-04
-7.190000e-03	6.494699e-04
-7.180000e-03	6.488087e-04
-7.170000e-03	6.481474e-04
-7.160000e-03	6.474861e-04
-7.150000e-03	6.468249e-04
-7.140000e-03	6.461636e-04
-7.130000e-03	6.455023e-04
-7.120000e-03	6.448411e-04
-7.110000e-03	6.441798e-04
-7.100000e-03	6.435185e-04
-7.090000e-03	6.428573e-04
-7.080000e-03	6.421960e-04
-7.070000e-03	6.415347e-04
-7.060000e-03	6.408735e-04
-7.050000e-03	6.402122e-04
-7.040000e-03	6.395509e-04
-7.030000e-03	6.388897e-04
-7.020000e-03	6.382284e-04
-7.010000e-03	6.375671e-04
-7.000000e-03	6.369059e-04
-6.990000e-03	6.362446e-04
-6.980000e-03	6.355833e-04
-6.970000e-03	6.349221e-04
-6.960000e-03	6.342608e-04
-6.950000e-03	6.335995e-04
-6.940000e-03	6.329382e-04
-6.930000e-03	6.322770e-04
-6.920000e-03	6.316157e-04
-6.910000e-03	6.309544e-04
-6.900000e-03	6.302932e-04
-6.890000e-03	6.296319e-04
-6.880000e-03	6.289706e-04
-6.870000e-03	6.283094e-04
-6.860000e-03	6.276481e-04
-6.850000e-03	6.269868e-04
-6.840000e-03	6.263256e-04
-6.830000e-03	6.256643e-04
-6.820000e-03	6.250030e-04
-6.810000e-03	6.243418e-04
-6.800000e-03	6.236805e-04
-6.790000e-03	6.230192e-04
-6.780000e-03	6.223580e-04
-6.770000e-03	6.216967e-04
-6.760000e-03	6.210354e-04
-6.750000e-03	6.203742e-04
-6.740000e-03	6.197129e-04
-6.730000e-03	6.190516e-04
-6.720000e-03	6.183904e-04
-6.710000e-03	6.177291e-04
-6.700000e-03	6.170678e-04
-6.690000e-03	6.164066e-04
-6.680000e-03	6.157453e-04
-6.670000e-03	6.150840e-04
-6.660000e-03	6.144228e-04
-6.650000e-03	6.137615e-04
-6.640000e-03	6.131002e-04
-6.630000e-03	6.124390e-04
-6.620000e-03	6.117777e-04
-6.610000e-03	6.111164e-04
-6.600000e-03	6.104552e-04
-6.590000e-03	6.097939e-04
-6.580000e-03	6.091326e-04
-6.570000e-03	6.084714e-04
-6.560000e-03	6.078101e-04
-6.550000e-03	6.071488e-04
-6.540000e-03	6.064876e-04
-6.530000e-03	6.058263e-04
-6.520000e-03	6.051650e-04
-6.510000e-03	6.045038e-04
-6.500000e-03	6.038425e-04
-6.490000e-03	6.031822e-04
-6.480000e-03	6.025218e-04
-6.470000e-03	6.018615e-04
-6.460000e-03	6.012012e-04
-6.450000e-03	6.005408e-04
-6.440000e-03	5.998805e-04
-6.430000e-03	5.992202e-04
-6.420000e-03	5.985598e-04
-6.410000e-03	5.978995e-04
-6.400000e-03	5.972392e-04
-6.390000e-03	5.965788e-04
-6.380000e-03	5.959185e-04
-6.370000e-03	5.952582e-04
-6.360000e-03	5.945978e-04
-6.350000e-03	5.939375e-04
-6.340000e-03	5.932771e-04
-6.330000e-03	5.926168e-04
-6.320000e-03	5.919565e-04
-6.310000e-03	5.912961e-04
-6.300000e-03	5.906358e-04
-6.290000e-03	5.899755e-04
-6.280000e-03	5.893151e-04
-6.270000e-03	5.886548e-04
-6.260000e-03	5.879945e-04
-6.250000e-03	5.873341e-04
-6.240000e-03	5.866738e-04
-6.230000e-03	5.860135e-04
-6.220000e-03	5.853531e-04
-6.210000e-03	5.846928e-04
-6.200000e-03	5.840325e-04
-6.190000e-03	5.833721e-04
-6.180000e-03	5.827118e-04
-6.170000e-03	5.820515e-04
-6.160000e-03	5.813911e-04
-6.150000e-03	5.807308e-04
-6.140000e-03	5.800705e-04
-6.130000e-03	5.794101e-04
-6.120000e-03	5.787498e-04
-6.110000e-03	5.780895e-04
-6.100000e-03	5.774291e-04
-6.090000e-03	5.767688e-04
-6.080000e-03	5.761085e-04
-6.070000e-03	5.754481e-04
-6.060000e-03	5.747878e-04
-6.050000e-03	5.741275e-04
-6.040000e-03	5.734671e-04
-6.030000e-03	5.728068e-04
-6.020000e-03	5.721465e-04
-6.010000e-03	5.714861e-04
-6.000000e-03	5.708258e-04
-5.990000e-03	5.701655e-04
-5.980000e-03	5.695051e-04
-5.970000e-03	5.688448e-04
-5.960000e-03	5.681845e-04
-5.950000e-03	5.675241e-04
-5.940000e-03	5.668638e-04
-5.930000e-03	5.662035e-04
-5.920000e-03	5.655431e-04
-5.910000e-03	5.648828e-04
-5.900000e-03	5.642225e-04
-5.890000e-03	5.635621e-04
-5.880000e-03	5.629018e-04
-5.870000e-03	5.622414e-04
-5.860000e-03	5.615811e-04
-5.850000e-03	5.609208e-04
-5.840000e-03	5.602604e-04
-5.830000e-03	5.596001e-04
-5.820000e-03	5.589398e-04
-5.810000e-03	5.582794e-04
-5.800000e-03	5.576191e-04
-5.790000e-03	5.569588e-04
-5.780000e-03	5.562984e-04
-5.770000e-03	5.556381e-04
-5.760000e-03	5.549778e-04
-5.750000e-03	5.543174e-04
-5.740000e-03	5.536571e-04
-5.730000e-03	5.529968e-04
-5.720000e-03	5.523364e-04
-5.710000e-03	5.516761e-04
-5.700000e-03	5.510158e-04
-5.690000e-03	5.503554e-04
-5.680000e-03	5.496951e-04
-5.670000e-03	5.490348e-04
-5.660000e-03	5.483744e-04
-5.650000e-03	5.477141e-04
-5.640000e-03	5.470538e-04
-5.630000e-03	5.463934e-04
-5.620000e-03	5.457331e-04
-5.610000e-03	5.450728e-04
-5.600000e-03	5.444124e-04
-5.590000e-03	5.437521e-04
-5.580000e-03	5.430918e-04
-5.570000e-03	5.424314e-04
-5.560000e-03	5.417711e-04
-5.550000e-03	5.411108e-04
-5.540000e-03	5.404504e-04
-5.530000e-03	5.397901e-04
-5.520000e-03	5.391298e-04
-5.510000e-03	5.384694e-04
-5.500000e-03	5.378091e-04
-5.490000e-03	5.371501e-04
-5.480000e-03	5.364911e-04
-5.470000e-03	5.358321e-04
-5.460000e-03	5.351731e-04
-5.450000e-03	5.345140e-04
-5.440000e-03	5.338550e-04
-5.430000e-03	5.331960e-04
-5.420000e-03	5.325370e-04
-5.410000e-03	5.318780e-04
-5.400000e-03	5.312190e-04
-5.390000e-03	5.305600e-04
-5.380000e-03	5.299010e-04
-5.370000e-03	5.292420e-04
-5.360000e-03	5.285830e-04
-5.350000e-03	5.279240e-04
-5.340000e-03	5.272649e-04
-5.330000e-03	5.266059e-04
-5.320000e-03	5.259469e-04
-5.310000e-03	5.252879e-04
-5.300000e-03	5.246289e-04
-5.290000e-03	5.239699e-04
-5.280000e-03	5.233109e-04
-5.270000e-03	5.226519e-04
-5.260000e-03	5.219929e-04
-5.250000e-03	5.213339e-04
-5.240000e-03	5.206749e-04
-5.230000e-03	5.200158e-04
-5.220000e-03	5.193568e-04
-5.210000e-03	5.186978e-04
-5.200000e-03	5.180388e-04
-5.190000e-03	5.173798e-04
-5.180000e-03	5.167208e-04
-5.170000e-03	5.160618e-04
-5.160000e-03	5.154028e-04
-5.150000e-03	5.147438e-04
-5.140000e-03	5.140848e-04
-5.130000e-03	5.134258e-04
-5.120000e-03	5.127667e-04
-5.110000e-03	5.121077e-04
-5.100000e-03	5.114487e-04
-5.090000e-03	5.107897e-04
-5.080000e-03	5.101307e-04
-5.070000e-03	5.094717e-04
-5.060000e-03	5.088127e-04
-5.050000e-03	5.081537e-04
-5.040000e-03	5.074947e-04
-5.030000e-03	5.068357e-04
-5.020000e-03	5.061766e-04
-5.010000e-03	5.055176e-04
-5.000000e-03	5.048586e-04
-4.990000e-03	5.041996e-04
-4.980000e-03	5.035406e-04
-4.970000e-03	5.028816e-04
-4.960000e-03	5.022226e-04
-4.950000e-03	5.015636e-04
-4.940000e-03	5.009046e-04
-4.930000e-03	5.002456e-04
-4.920000e-03	4.995866e-04
-4.910000e-03	4.989275e-04
-4.900000e-03	4.982685e-04
-4.890000e-03	4.976095e-04
-4.880000e-03	4.969505e-04
-4.870000e-03	4.962915e-04
-4.860000e-03	4.956325e-04
-4.850000e-03	4.949735e-04
-4.840000e-03	4.943145e-04
-4.830000e-03	4.936555e-04
-4.820000e-03	4.929965e-04
-4.810000e-03	4.923375e-04
-4.800000e-03	4.916784e-04
-4.790000e-03	4.910194e-04
-4.780000e-03	4.903604e-04
-4.770000e-03	4.897014e-04
-4.760000e-03	4.890424e-04
-4.750000e-03	4.883834e-04
-4.740000e-03	4.877244e-04
-4.730000e-03	4.870654e-04
-4.720000e-03	4.864064e-04
-4.710000e-03	4.857474e-04
-4.700000e-03	4.850884e-04
-4.690000e-03	4.844293e-04
-4.680000e-03	4.837703e-04
-4.670000e-03	4.831113e-04
-4.660000e-03	4.824523e-04
-4.650000e-03	4.817933e-04
-4.640000e-03	4.811343e-04
-4.630000e-03	4.804753e-04
-4.620000e-03	4.798163e-04
-4.610000e-03	4.791573e-04
-4.600000e-03	4.784983e-04
-4.590000e-03	4.778393e-04
-4.580000e-03	4.771802e-04
-4.570000e-03	4.765212e-04
-4.560000e-03	4.758622e-04
-4.550000e-03	4.752032e-04
-4.540000e-03	4.745442e-04
-4.530000e-03	4.738852e-04
-4.520000e-03	4.732262e-04
-4.510000e-03	4.725672e-04
-4.500000e-03	4.719082e-04
-4.490000e-03	4.712511e-04
-4.480000e-03	4.705941e-04
-4.470000e-03	4.699371e-04
-4.460000e-03	4.692800e-04
-4.450000e-03	4.686230e-04
-4.440000e-03	4.679659e-04
-4.430000e-03	4.673089e-04
-4.420000e-03	4.666519e-04
-4.410000e-03	4.659948e-04
-4.400000e-03	4.653378e-04
-4.390000e-03	4.646807e-04
-4.380000e-03	4.640237e-04
-4.370000e-03	4.633667e-04
-4.360000e-03	4.627096e-04
-4.350000e-03	4.620526e-04
-4.340000e-03	4.613955e-04
-4.330000e-03	4.607385e-04
-4.320000e-03	4.600815e-04
-4.310000e-03	4.594244e-04
-4.300000e-03	4.587674e-04
-4.290000e-03	4.581103e-04
-4.280000e-03	4.574533e-04
-4.270000e-03	4.567963e-04
-4.260000e-03	4.561392e-04
-4.250000e-03	4.554822e-04
-4.240000e-03	4.548251e-04
-4.230000e-03	4.541681e-04
-4.220000e-03	4.535111e-04
-4.210000e-03	4.528540e-04
-4.200000e-03	4.521970e-04
-4.190000e-03	4.515399e-04
-4.180000e-03	4.508829e-04
-4.170000e-03	4.502259e-04
-4.160000e-03	4.495688e-04
-4.150000e-03	4.489118e-04
-4.140000e-03	4.482547e-04
-4.130000e-03	4.475977e-04
-4.120000e-03	4.469407e-04
-4.110000e-03	4.462836e-04
-4.100000e-03	4.456266e-04
-4.090000e-03	4.449696e-04
-4.080000e-03	4.443125e-04
-4.070000e-03	4.436555e-04
-4.060000e-03	4.429984e-04
-4.050000e-03	4.423414e-04
-4.040000e-03	4.416844e-04
-4.030000e-03	4.410273e-04
-4.020000e-03	4.403703e-04
-4.010000e-03	4.397132e-04
-4.000000e-03	4.390562e-04
-3.990000e-03	4.383992e-04
-3.980000e-03	4.377421e-04
-3.970000e-03	4.370851e-04
-3.960000e-03	4.364280e-04
-3.950000e-03	4.357710e-04
-3.940000e-03	4.351140e-04
-3.930000e-03	4.344569e-04
-3.920000e-03	4.337999e-04
-3.910000e-03	4.331428e-04
-3.900000e-03	4.324858e-04
-3.890000e-03	4.318288e-04
-3.880000e-03	4.311717e-04
-3.870000e-03	4.305147e-04
-3.860000e-03	4.298576e-04
-3.850000e-03	4.292006e-04
-3.840000e-03	4.285436e-04
-3.830000e-03	4.278865e-04
-3.820000e-03	4.272295e-04
-3.810000e-03	4.265724e-04
-3.800000e-03	4.259154e-04
-3.790000e-03	4.252584e-04
-3.780000e-03	4.246013e-04
-3.770000e-03	4.239443e-04
-3.760000e-03	4.232872e-04
-3.750000e-03	4.226302e-04
-3.740000e-03	4.219732e-04
-3.730000e-03	4.213161e-04
-3.720000e-03	4.206591e-04
-3.710000e-03	4.200021e-04
-3.700000e-03	4.193450e-04
-3.690000e-03	4.186880e-04
-3.680000e-03	4.180309e-04
-3.670000e-03	4.173739e-04
-3.660000e-03	4.167169e-04
-3.650000e-03	4.160598e-04
-3.640000e-03	4.154028e-04
-3.630000e-03	4.147457e-04
-3.620000e-03	4.140887e-04
-3.610000e-03	4.134317e-04
-3.600000e-03	4.127746e-04
-3.590000e-03	4.121176e-04
-3.580000e-03	4.114605e-04
-3.570000e-03	4.108035e-04
-3.560000e-03	4.101465e-04
-3.550000e-03	4.094894e-04
-3.540000e-03	4.088324e-04
-3.530000e-03	4.081753e-04
-3.520000e-03	4.075183e-04
-3.510000e-03	4.068613e-04
-3.500000e-03	4.062042e-04
-3.490000e-03	4.055530e-04
-3.480000e-03	4.049017e-04
-3.470000e-03	4.042504e-04
-3.460000e-03	4.035991e-04
-3.450000e-03	4.029479e-04
-3.440000e-03	4.022966e-04
-3.430000e-03	4.016453e-04
-3.420000e-03	4.009941e-04
-3.410000e-03	4.003428e-04
-3.400000e-03	3.996915e-04
-3.390000e-03	3.990402e-04
-3.380000e-03	3.983890e-04
-3.370000e-03	3.977377e-04
-3.360000e-03	3.970864e-04
-3.350000e-03	3.964352e-04
-3.340000e-03	3.957839e-04
-3.330000e-03	3.951326e-04
-3.320000e-03	3.944814e-04
-3.310000e-03	3.938301e-04
-3.300000e-03	3.931788e-04
-3.290000e-03	3.925275e-04
-3.280000e-03	3.918763e-04
-3.270000e-03	3.912250e-04
-3.260000e-03	3.905737e-04
-3.250000e-03	3.899225e-04
-3.240000e-03	3.892712e-04
-3.230000e-03	3.886199e-04
-3.220000e-03	3.879687e-04
-3.210000e-03	3.873174e-04
-3.200000e-03	3.866661e-04
-3.190000e-03	3.860148e-04
-3.180000e-03	3.853636e-04
-3.170000e-03	3.847123e-04
-3.160000e-03	3.840610e-04
-3.150000e-03	3.834098e-04
-3.140000e-03	3.827585e-04
-3.130000e-03	3.821072e-04
-3.120000e-03	3.814560e-04
-3.110000e-03	3.808047e-04
-3.100000e-03	3.801534e-04
-3.090000e-03	3.795021e-04
-3.080000e-03	3.788509e-04
-3.070000e-03	3.781996e-04
-3.060000e-03	3.775483e-04
-3.050000e-03	3.768971e-04
-3.040000e-03	3.762458e-04
-3.030000e-03	3.755945e-04
-3.020000e-03	3.749433e-04
-3.010000e-03	3.742920e-04
-3.000000e-03	3.736407e-04
-2.990000e-03	3.729894e-04
-2.980000e-03	3.723382e-04
-2.970000e-03	3.716869e-04
-2.960000e-03	3.710356e-04
-2.950000e-03	3.703844e-04
-2.940000e-03	3.697331e-04
-2.930000e-03	3.690818e-04
-2.920000e-03	3.684305e-04
-2.910000e-03	3.677793e-04
-2.900000e-03	3.671280e-04
-2.890000e-03	3.664767e-04
-2.880000e-03	3.658255e-04
-2.870000e-03	3.651742e-04
-2.860000e-03	3.645229e-04
-2.850000e-03	3.638717e-04
-2.840000e-03	3.632204e-04
-2.830000e-03	3.625691e-04
-2.820000e-03	3.619178e-04
-2.810000e-03	3.612666e-04
-2.800000e-03	3.606153e-04
-2.790000e-03	3.599640e-04
-2.780000e-03	3.593128e-04
-2.770000e-03	3.586615e-04
-2.760000e-03	3.580102e-04
-2.750000e-03	3.573590e-04
-2.740000e-03	3.567077e-04
-2.730000e-03	3.560564e-04
-2.720000e-03	3.554051e-04
-2.710000e-03	3.547539e-04
-2.700000e-03	3.541026e-04
-2.690000e-03	3.534513e-04
-2.680000e-03	3.528001e-04
-2.670000e-03	3.521488e-04
-2.660000e-03	3.514975e-04
-2.650000e-03	3.508463e-04
-2.640000e-03	3.501950e-04
-2.630000e-03	3.495437e-04
-2.620000e-03	3.488924e-04
-2.610000e-03	3.482412e-04
-2.600000e-03	3.475899e-04
-2.590000e-03	3.469386e-04
-2.580000e-03	3.462874e-04
-2.570000e-03	3.456361e-04
-2.560000e-03	3.449848e-04
-2.550000e-03	3.443335e-04
-2.540000e-03	3.436823e-04
-2.530000e-03	3.430310e-04
-2.520000e-03	3.423797e-04
-2.510000e-03	3.417285e-04
-2.500000e-03	3.410772e-04
-2.490000e-03	3.404259e-04
-2.480000e-03	3.397747e-04
-2.470000e-03	3.391234e-04
-2.460000e-03	3.384721e-04
-2.450000e-03	3.378208e-04
-2.440000e-03	3.371696e-04
-2.430000e-03	3.365183e-04
-2.420000e-03	3.358670e-04
-2.410000e-03	3.352158e-04
-2.400000e-03	3.345645e-04
-2.390000e-03	3.339132e-04
-2.380000e-03	3.332620e-04
-2.370000e-03	3.326107e-04
-2.360000e-03	3.319594e-04
-2.350000e-03	3.313081e-04
-2.340000e-03	3.306569e-04
-2.330000e-03	3.300056e-04
-2.320000e-03	3.293543e-04
-2.310000e-03	3.287031e-04
-2.300000e-03	3.280518e-04
-2.290000e-03	3.274005e-04
-2.280000e-03	3.267493e-04
-2.270000e-03	3.260980e-04
-2.260000e-03	3.254467e-04
-2.250000e-03	3.247954e-04
-2.240000e-03	3.241442e-04
-2.230000e-03	3.234929e-04
-2.220000e-03	3.228416e-04
-2.210000e-03	3.221904e-04
-2.200000e-03	3.215391e-04
-2.190000e-03	3.208878e-04
-2.180000e-03	3.202366e-04
-2.170000e-03	3.195853e-04
-2.160000e-03	3.189340e-04
-2.150000e-03	3.182827e-04
-2.140000e-03	3.176315e-04
-2.130000e-03	3.169802e-04
-2.120000e-03	3.163289e-04
-2.110000e-03	3.156777e-04
-2.100000e-03	3.150264e-04
-2.090000e-03	3.143751e-04
-2.080000e-03	3.137238e-04
-2.070000e-03	3.130726e-04
-2.060000e-03	3.124213e-04
-2.050000e-03	3.117700e-04
-2.040000e-03	3.111188e-04
-2.030000e-03	3.104675e-04
-2.020000e-03	3.098162e-04
-2.010000e-03	3.091650e-04
-2.000000e-03	3.085137e-04
-1.990000e-03	3.078624e-04
-1.980000e-03	3.072111e-04
-1.970000e-03	3.065599e-04
-1.960000e-03	3.059086e-04
-1.950000e-03	3.052573e-04
-1.940000e-03	3.046061e-04
-1.930000e-03	3.039548e-04
-1.920000e-03	3.033035e-04
-1.910000e-03	3.026523e-04
-1.900000e-03	3.020010e-04
-1.890000e-03	3.013497e-04
-1.880000e-03	3.006984e-04
-1.870000e-03	3.000472e-04
-1.860000e-03	2.993959e-04
-1.850000e-03	2.987446e-04
-1.840000e-03	2.980934e-04
-1.830000e-03	2.974421e-04
-1.820000e-03	2.967908e-04
-1.810000e-03	2.961396e-04
-1.800000e-03	2.954883e-04
-1.790000e-03	2.948370e-04
-1.780000e-03	2.941857e-04
-1.770000e-03	2.935345e-04
-1.760000e-03	2.928832e-04
-1.750000e-03	2.922319e-04
-1.740000e-03	2.915807e-04
-1.730000e-03	2.909294e-04
-1.720000e-03	2.902781e-04
-1.710000e-03	2.896268e-04
-1.700000e-03	2.889756e-04
-1.690000e-03	2.883243e-04
-1.680000e-03	2.876730e-04
-1.670000e-03	2.870218e-04
-1.660000e-03	2.863705e-04
-1.650000e-03	2.857192e-04
-1.640000e-03	2.850680e-04
-1.630000e-03	2.844167e-04
-1.620000e-03	2.837654e-04
-1.610000e-03	2.831141e-04
-1.600000e-03	2.824629e-04
-1.590000e-03	2.818116e-04
-1.580000e-03	2.811603e-04
-1.570000e-03	2.805091e-04
-1.560000e-03	2.798578e-04
-1.550000e-03	2.792065e-04
-1.540000e-03	2.785553e-04
-1.530000e-03	2.779040e-04
-1.520000e-03	2.772527e-04
-1.510000e-03	2.766014e-04
-1.500000e-03	2.759502e-04
-1.490000e-03	2.753118e-04
-1.480000e-03	2.746734e-04
-1.470000e-03	2.740350e-04
-1.460000e-03	2.733966e-04
-1.450000e-03	2.727582e-04
-1.440000e-03	2.721198e-04
-1.430000e-03	2.714813e-04
-1.420000e-03	2.708429e-04
-1.410000e-03	2.702045e-04
-1.400000e-03	2.695661e-04
-1.390000e-03	2.689277e-04
-1.380000e-03	2.682893e-04
-1.370000e-03	2.676509e-04
-1.360000e-03	2.670125e-04
-1.350000e-03	2.663741e-04
-1.340000e-03	2.657357e-04
-1.330000e-03	2.650973e-04
-1.320000e-03	2.644589e-04
-1.310000e-03	2.638205e-04
-1.300000e-03	2.631821e-04
-1.290000e-03	2.625437e-04
-1.280000e-03	2.619053e-04
-1.270000e-03	2.612669e-04
-1.260000e-03	2.606285e-04
-1.250000e-03	2.599901e-04
-1.240000e-03	2.593517e-04
-1.230000e-03	2.587133e-04
-1.220000e-03	2.580749e-04
-1.210000e-03	2.574365e-04
-1.200000e-03	2.567981e-04
-1.190000e-03	2.561597e-04
-1.180000e-03	2.555213e-04
-1.170000e-03	2.548829e-04
-1.160000e-03	2.542445e-04
-1.150000e-03	2.536061e-04
-1.140000e-03	2.529676e-04
-1.130000e-03	2.523292e-04
-1.120000e-03	2.516908e-04
-1.110000e-03	2.510524e-04
-1.100000e-03	2.504140e-04
-1.090000e-03	2.497756e-04
-1.080000e-03	2.491372e-04
-1.070000e-03	2.484988e-04
-1.060000e-03	2.478604e-04
-1.050000e-03	2.472220e-04
-1.040000e-03	2.465836e-04
-1.030000e-03	2.459452e-04
-1.020000e-03	2.453068e-04
-1.010000e-03	2.446684e-04
-1.000000e-03	2.440300e-04
-9.900000e-04	2.433916e-04
-9.800000e-04	2.427532e-04
-9.700000e-04	2.421148e-04
-9.600000e-04	2.414764e-04
-9.500000e-04	2.408380e-04
-9.400000e-04	2.401996e-04
-9.300000e-04	2.395612e-04
-9.200000e-04	2.389228e-04
-9.100000e-04	2.382844e-04
-9.000000e-04	2.376460e-04
-8.900000e-04	2.370076e-04
-8.800000e-04	2.363692e-04
-8.700000e-04	2.357308e-04
-8.600000e-04	2.350924e-04
-8.500000e-04	2.344539e-04
-8.400000e-04	2.338155e-04
-8.300000e-04	2.331771e-04
-8.200000e-04	2.325387e-04
-8.100000e-04	2.319003e-04
-8.000000e-04	2.312619e-04
-7.900000e-04	2.306235e-04
-7.800000e-04	2.299851e-04
-7.700000e-04	2.293467e-04
-7.600000e-04	2.287083e-04
-7.500000e-04	2.280699e-04
-7.400000e-04	2.274315e-04
-7.300000e-04	2.267931e-04
-7.200000e-04	2.261547e-04
-7.100000e-04	2.255163e-04
-7.000000e-04	2.248779e-04
-6.900000e-04	2.242395e-04
-6.800000e-04	2.236011e-04
-6.700000e-04	2.229627e-04
-6.600000e-04	2.223243e-04
-6.500000e-04	2.216859e-04
-6.400000e-04	2.210475e-04
-6.300000e-04	2.204091e-04
-6.200000e-04	2.197707e-04
-6.100000e-04	2.191323e-04
-6.000000e-04	2.184939e-04
-5.900000e-04	2.178555e-04
-5.800000e-04	2.172171e-04
-5.700000e-04	2.165787e-04
-5.600000e-04	2.159402e-04
-5.500000e-04	2.153018e-04
-5.400000e-04	2.146634e-04
-5.300000e-04	2.140250e-04
-5.200000e-04	2.133866e-04
-5.100000e-04	2.127482e-04
-5.000000e-04	2.121098e-04
-4.900000e-04	2.114947e-04
-4.800000e-04	2.108795e-04
-4.700000e-04	2.102643e-04
-4.600000e-04	2.096492e-04
-4.500000e-04	2.090340e-04
-4.400000e-04	2.084189e-04
-4.300000e-04	2.078037e-04
-4.200000e-04	2.071885e-04
-4.100000e-04	2.065734e-04
-4.000000e-04	2.059582e-04
-3.900000e-04	2.053431e-04
-3.800000e-04	2.047279e-04
-3.700000e-04	2.041127e-04
-3.600000e-04	2.034976e-04
-3.500000e-04	2.028824e-04
-3.400000e-04	2.022673e-04
-3.300000e-04	2.016521e-04
-3.200000e-04	2.010369e-04
-3.100000e-04	2.004218e-04
-3.000000e-04	1.998066e-04
-2.900000e-04	1.991915e-04
-2.800000e-04	1.985763e-04
-2.700000e-04	1.979611e-04
-2.600000e-04	1.973460e-04
-2.500000e-04	1.967308e-04
-2.400000e-04	1.961157e-04
-2.300000e-04	1.955005e-04
-2.200000e-04	1.948853e-04
-2.100000e-04	1.942702e-04
-2.000000e-04	1.936550e-04
-1.900000e-04	1.930399e-04
-1.800000e-04	1.924247e-04
-1.700000e-04	1.918095e-04
-1.600000e-04	1.911944e-04
-1.500000e-04	1.905792e-04
-1.400000e-04	1.899641e-04
-1.300000e-04	1.893489e-04
-1.200000e-04	1.887337e-04
-1.100000e-04	1.881186e-04
-1.000000e-04	1.875034e-04
-9.000000e-05	1.868883e-04
-8.000000e-05	1.862731e-04
-7.000000e-05	1.856580e-04
-6.000000e-05	1.850428e-04
-5.000000e-05	1.844276e-04
-4.000000e-05	1.838125e-04
-3.000000e-05	1.831973e-04
-2.000000e-05	1.825822e-04
-1.000000e-05	1.819670e-04
-3.053113e-16	1.813518e-04
1.000000e-05	1.807367e-04
2.000000e-05	1.801215e-04
3.000000e-05	1.795064e-04
4.000000e-05	1.788912e-04
5.000000e-05	1.782760e-04
6.000000e-05	1.776609e-04
7.000000e-05	1.770457e-04
8.000000e-05	1.764306e-04
9.000000e-05	1.758154e-04
1.000000e-04	1.752002e-04
1.100000e-04	1.745851e-04
1.200000e-04	1.739699e-04
1.300000e-04	1.733548e-04
1.400000e-04	1.727396e-04
1.500000e-04	1.721244e-04
1.600000e-04	1.715093e-04
1.700000e-04	1.708941e-04
1.800000e-04	1.702790e-04
1.900000e-04	1.696638e-04
2.000000e-04	1.690486e-04
2.100000e-04	1.684335e-04
2.200000e-04	1.678183e-04
2.300000e-04	1.672032e-04
2.400000e-04	1.665880e-04
2.500000e-04	1.659728e-04
2.600000e-04	1.653577e-04
2.700000e-04	1.647425e-04
2.800000e-04	1.641274e-04
2.900000e-04	1.635122e-04
3.000000e-04	1.628970e-04
3.100000e-04	1.622819e-04
3.200000e-04	1.616667e-04
3.300000e-04	1.610516e-04
3.400000e-04	1.604364e-04
3.500000e-04	1.598212e-04
3.600000e-04	1.592061e-04
3.700000e-04	1.585909e-04
3.800000e-04	1.579758e-04
3.900000e-04	1.573606e-04
4.000000e-04	1.567454e-04
4.100000e-04	1.561303e-04
4.200000e-04	1.555151e-04
4.300000e-04	1.549000e-04
4.400000e-04	1.542848e-04
4.500000e-04	1.536696e-04
4.600000e-04	1.530545e-04
4.700000e-04	1.524393e-04
4.800000e-04	1.518242e-04
4.900000e-04	1.512090e-04
5.000000e-04	1.505938e-04
5.100000e-04	1.500477e-04
5.200000e-04	1.495016e-04
5.300000e-04	1.489554e-04
5.400000e-04	1.484093e-04
5.500000e-04	1.478632e-04
5.600000e-04	1.473170e-04
5.700000e-04	1.467709e-04
5.800000e-04	1.462248e-04
5.900000e-04	1.456786e-04
6.000000e-04	1.451325e-04
6.100000e-04	1.445864e-04
6.200000e-04	1.440402e-04
6.300000e-04	1.434941e-04
6.400000e-04	1.429480e-04
6.500000e-04	1.424018e-04
6.600000e-04	1.418557e-04
6.700000e-04	1.413096e-04
6.800000e-04	1.407634e-04
6.900000e-04	1.402173e-04
7.000000e-04	1.396712e-04
7.100000e-04	1.391251e-04
7.200000e-04	1.385789e-04
7.300000e-04	1.380328e-04
7.400000e-04	1.374867e-04
7.500000e-04	1.369405e-04
7.600000e-04	1.363944e-04
7.700000e-04	1.358483e-04
7.800000e-04	1.353021e-04
7.900000e-04	1.347560e-04
8.000000e-04	1.342099e-04
8.100000e-04	1.336637e-04
8.200000e-04	1.331176e-04
8.300000e-04	1.325715e-04
8.400000e-04	1.320253e-04
8.500000e-04	1.314792e-04
8.600000e-04	1.309331e-04
8.700000e-04	1.303869e-04
8.800000e-04	1.298408e-04
8.900000e-04	1.292947e-04
9.000000e-04	1.287485e-04
9.100000e-04	1.282024e-04
9.200000e-04	1.276563e-04
9.300000e-04	1.271101e-04
9.400000e-04	1.265640e-04
9.500000e-04	1.260179e-04
9.600000e-04	1.254717e-04
9.700000e-04	1.249256e-04
9.800000e-04	1.243795e-04
9.900000e-04	1.238333e-04
1.000000e-03	1.232872e-04
1.010000e-03	1.227411e-04
1.020000e-03	1.221949e-04
1.030000e-03	1.216488e-04
1.040000e-03	1.211027e-04
1.050000e-03	1.205565e-04
1.060000e-03	1.200104e-04
1.070000e-03	1.194643e-04
1.080000e-03	1.189181e-04
1.090000e-03	1.183720e-04
1.100000e-03	1.178259e-04
1.110000e-03	1.172797e-04
1.120000e-03	1.167336e-04
1.130000e-03	1.161875e-04
1.140000e-03	1.156413e-04
1.150000e-03	1.150952e-04
1.160000e-03	1.145491e-04
1.170000e-03	1.140030e-04
1.180000e-03	1.134568e-04
1.190000e-03	1.129107e-04
1.200000e-03	1.123646e-04
1.210000e-03	1.118184e-04
1.220000e-03	1.112723e-04
1.230000e-03	1.107262e-04
1.240000e-03	1.101800e-04
1.250000e-03	1.096339e-04
1.260000e-03	1.090878e-04
1.270000e-03	1.085416e-04
1.280000e-03	1.079955e-04
1.290000e-03	1.074494e-04
1.300000e-03	1.069032e-04
1.310000e-03	1.063571e-04
1.320000e-03	1.058110e-04
1.330000e-03	1.052648e-04
1.340000e-03	1.047187e-04
1.350000e-03	1.041726e-04
1.360000e-03	1.036264e-04
1.370000e-03	1.030803e-04
1.380000e-03	1.025342e-04
1.390000e-03	1.019880e-04
1.400000e-03	1.014419e-04
1.410000e-03	1.008958e-04
1.420000e-03	1.003496e-04
1.430000e-03	9.980350e-05
1.440000e-03	9.925737e-05
1.450000e-03	9.871124e-05
1.460000e-03	9.816511e-05
1.470000e-03	9.761897e-05
1.480000e-03	9.707284e-05
1.490000e-03	9.652671e-05
1.500000e-03	9.598058e-05
1.510000e-03	9.569841e-05
1.520000e-03	9.541623e-05
1.530000e-03	9.513406e-05
1.540000e-03	9.485189e-05
1.550000e-03	9.456972e-05
1.560000e-03	9.428755e-05
1.570000e-03	9.400538e-05
1.580000e-03	9.372321e-05
1.590000e-03	9.344103e-05
1.600000e-03	9.315886e-05
1.610000e-03	9.287669e-05
1.620000e-03	9.259452e-05
1.630000e-03	9.231235e-05
1.640000e-03	9.203018e-05
1.650000e-03	9.174801e-05
1.660000e-03	9.146583e-05
1.670000e-03	9.118366e-05
1.680000e-03	9.090149e-05
1.690000e-03	9.061932e-05
1.700000e-03	9.033715e-05
1.710000e-03	9.005498e-05
1.720000e-03	8.977281e-05
1.730000e-03	8.949063e-05
1.740000e-03	8.920846e-05
1.750000e-03	8.892629e-05
1.760000e-03	8.864412e-05
1.770000e-03	8.836195e-05
1.780000e-03	8.807978e-05
1.790000e-03	8.779761e-05
1.800000e-03	8.751543e-05
1.810000e-03	8.723326e-05
1.820000e-03	8.695109e-05
1.830000e-03	8.666892e-05
1.840000e-03	8.638675e-05
1.850000e-03	8.610458e-05
1.860000e-03	8.582241e-05
1.870000e-03	8.554023e-05
1.880000e-03	8.525806e-05
1.890000e-03	8.497589e-05
1.900000e-03	8.469372e-05
1.910000e-03	8.441155e-05
1.920000e-03	8.412938e-05
1.930000e-03	8.384721e-05
1.940000e-03	8.356503e-05
1.950000e-03	8.328286e-05
1.960000e-03	8.300069e-05
1.970000e-03	8.271852e-05
1.980000e-03	8.243635e-05
1.990000e-03	8.215418e-05
2.000000e-03	8.187201e-05
2.010000e-03	8.158983e-05
2.020000e-03	8.130766e-05
2.030000e-03	8.102549e-05
2.040000e-03	8.074332e-05
2.050000e-03	8.046115e-05
2.060000e-03	8.017898e-05
2.070000e-03	7.989681e-05
2.080000e-03	7.961464e-05
2.090000e-03	7.933246e-05
2.100000e-03	7.905029e-05
2.110000e-03	7.876812e-05
2.120000e-03	7.848595e-05
2.130000e-03	7.820378e-05
2.140000e-03	7.792161e-05
2.150000e-03	7.763944e-05
2.160000e-03	7.735726e-05
2.170000e-03	7.707509e-05
2.180000e-03	7.679292e-05
2.190000e-03	7.651075e-05
2.200000e-03	7.622858e-05
2.210000e-03	7.594641e-05
2.220000e-03	7.566424e-05
2.230000e-03	7.538206e-05
2.240000e-03	7.509989e-05
2.250000e-03	7.481772e-05
2.260000e-03	7.453555e-05
2.270000e-03	7.425338e-05
2.280000e-03	7.397121e-05
2.290000e-03	7.368904e-05
2.300000e-03	7.340686e-05
2.310000e-03	7.312469e-05
2.320000e-03	7.284252e-05
2.330000e-03	7.256035e-05
2.340000e-03	7.227818e-05
2.350000e-03	7.199601e-05
2.360000e-03	7.171384e-05
2.370000e-03	7.143166e-05
2.380000e-03	7.114949e-05
2.390000e-03	7.086732e-05
2.400000e-03	7.058515e-05
2.410000e-03	7.030298e-05
2.420000e-03	7.002081e-05
2.430000e-03	6.973864e-05
2.440000e-03	6.945646e-05
2.450000e-03	6.917429e-05
2.460000e-03	6.889212e-05
2.470000e-03	6.860995e-05
2.480000e-03	6.832778e-05
2.490000e-03	6.804561e-05
2.500000e-03	6.776344e-05
2.510000e-03	6.802481e-05
2.520000e-03	6.828618e-05
2.530000e-03	6.854755e-05
2.540000e-03	6.880893e-05
2.550000e-03	6.907030e-05
2.560000e-03	6.933167e-05
2.570000e-03	6.959304e-05
2.580000e-03	6.985442e-05
2.590000e-03	7.011579e-05
2.600000e-03	7.037716e-05
2.610000e-03	7.063853e-05
2.620000e-03	7.089991e-05
2.630000e-03	7.116128e-05
2.640000e-03	7.142265e-05
2.650000e-03	7.168402e-05
2.660000e-03	7.194540e-05
2.670000e-03	7.220677e-05
2.680000e-03	7.246814e-05
2.690000e-03	7.272951e-05
2.700000e-03	7.299089e-05
2.710000e-03	7.325226e-05
2.720000e-03	7.351363e-05
2.730000e-03	7.377500e-05
2.740000e-03	7.403638e-05
2.750000e-03	7.429775e-05
2.760000e-03	7.455912e-05
2.770000e-03	7.482049e-05
2.780000e-03	7.508187e-05
2.790000e-03	7.534324e-05
2.800000e-03	7.560461e-05
2.810000e-03	7.586598e-05
2.820000e-03	7.612736e-05
2.830000e-03	7.638873e-05
2.840000e-03	7.665010e-05
2.850000e-03	7.691147e-05
2.860000e-03	7.717285e-05
2.870000e-03	7.743422e-05
2.880000e-03	7.769559e-05
2.890000e-03	7.795696e-05
2.900000e-03	7.821834e-05
2.910000e-03	7.847971e-05
2.920000e-03	7.874108e-05
2.930000e-03	7.900245e-05
2.940000e-03	7.926383e-05
2.950000e-03	7.952520e-05
2.960000e-03	7.978657e-05
2.970000e-03	8.004795e-05
2.980000e-03	8.030932e-05
2.990000e-03	8.057069e-05
3.000000e-03	8.083206e-05
3.010000e-03	8.109344e-05
3.020000e-03	8.135481e-05
3.030000e-03	8.161618e-05
3.040000e-03	8.187755e-05
3.050000e-03	8.213893e-05
3.060000e-03	8.240030e-05
3.070000e-03	8.266167e-05
3.080000e-03	8.292304e-05
3.090000e-03	8.318442e-05
3.100000e-03	8.344579e-05
3.110000e-03	8.370716e-05
3.120000e-03	8.396853e-05
3.130000e-03	8.422991e-05
3.140000e-03	8.449128e-05
3.150000e-03	8.475265e-05
3.160000e-03	8.501402e-05
3.170000e-03	8.527540e-05
3.180000e-03	8.553677e-05
3.190000e-03	8.579814e-05
3.200000e-03	8.605951e-05
3.210000e-03	8.632089e-05
3.220000e-03	8.658226e-05
3.230000e-03	8.684363e-05
3.240000e-03	8.710500e-05
3.250000e-03	8.736638e-05
3.260000e-03	8.762775e-05
3.270000e-03	8.788912e-05
3.280000e-03	8.815049e-05
3.290000e-03	8.841187e-05
3.300000e-03	8.867324e-05
3.310000e-03	8.893461e-05
3.320000e-03	8.919598e-05
3.330000e-03	8.945736e-05
3.340000e-03	8.971873e-05
3.350000e-03	8.998010e-05
3.360000e-03	9.024147e-05
3.370000e-03	9.050285e-05
3.380000e-03	9.076422e-05
3.390000e-03	9.102559e-05
3.400000e-03	9.128696e-05
3.410000e-03	9.154834e-05
3.420000e-03	9.180971e-05
3.430000e-03	9.207108e-05
3.440000e-03	9.233245e-05
3.450000e-03	9.259383e-05
3.460000e-03	9.285520e-05
3.470000e-03	9.311657e-05
3.480000e-03	9.337794e-05
3.490000e-03	9.363932e-05
3.500000e-03	9.390069e-05
3.510000e-03	9.444116e-05
3.520000e-03	9.498164e-05
3.530000e-03	9.552211e-05
3.540000e-03	9.606259e-05
3.550000e-03	9.660306e-05
3.560000e-03	9.714353e-05
3.570000e-03	9.768401e-05
3.580000e-03	9.822448e-05
3.590000e-03	9.876496e-05
3.600000e-03	9.930543e-05
3.610000e-03	9.984590e-05
3.620000e-03	1.003864e-04
3.630000e-03	1.009269e-04
3.640000e-03	1.014673e-04
3.650000e-03	1.020078e-04
3.660000e-03	1.025483e-04
3.670000e-03	1.030887e-04
3.680000e-03	1.036292e-04
3.690000e-03	1.041697e-04
3.700000e-03	1.047102e-04
3.710000e-03	1.052506e-04
3.720000e-03	1.057911e-04
3.730000e-03	1.063316e-04
3.740000e-03	1.068721e-04
3.750000e-03	1.074125e-04
3.760000e-03	1.079530e-04
3.770000e-03	1.084935e-04
3.780000e-03	1.090340e-04
3.790000e-03	1.095744e-04
3.800000e-03	1.101149e-04
3.810000e-03	1.106554e-04
3.820000e-03	1.111959e-04
3.830000e-03	1.117363e-04
3.840000e-03	1.122768e-04
3.850000e-03	1.128173e-04
3.860000e-03	1.133578e-04
3.870000e-03	1.138982e-04
3.880000e-03	1.144387e-04
3.890000e-03	1.149792e-04
3.900000e-03	1.155197e-04
3.910000e-03	1.160601e-04
3.920000e-03	1.166006e-04
3.930000e-03	1.171411e-04
3.940000e-03	1.176815e-04
3.950000e-03	1.182220e-04
3.960000e-03	1.187625e-04
3.970000e-03	1.193030e-04
3.980000e-03	1.198434e-04
3.990000e-03	1.203839e-04
4.000000e-03	1.209244e-04
4.010000e-03	1.214649e-04
4.020000e-03	1.220053e-04
4.030000e-03	1.225458e-04
4.040000e-03	1.230863e-04
4.050000e-03	1.236268e-04
4.060000e-03	1.241672e-04
4.070000e-03	1.247077e-04
4.080000e-03	1.252482e-04
4.090000e-03	1.257887e-04
4.100000e-03	1.263291e-04
4.110000e-03	1.268696e-04
4.120000e-03	1.274101e-04
4.130000e-03	1.279506e-04
4.140000e-03	1.284910e-04
4.150000e-03	1.290315e-04
4.160000e-03	1.295720e-04
4.170000e-03	1.301125e-04
4.180000e-03	1.306529e-04
4.190000e-03	1.311934e-04
4.200000e-03	1.317339e-04
4.210000e-03	1.322743e-04
4.220000e-03	1.328148e-04
4.230000e-03	1.333553e-04
4.240000e-03	1.338958e-04
4.250000e-03	1.344362e-04
4.260000e-03	1.349767e-04
4.270000e-03	1.355172e-04
4.280000e-03	1.360577e-04
4.290000e-03	1.365981e-04
4.300000e-03	1.371386e-04
4.310000e-03	1.376791e-04
4.320000e-03	1.382196e-04
4.330000e-03	1.387600e-04
4.340000e-03	1.393005e-04
4.350000e-03	1.398410e-04
4.360000e-03	1.403815e-04
4.370000e-03	1.409219e-04
4.380000e-03	1.414624e-04
4.390000e-03	1.420029e-04
4.400000e-03	1.425434e-04
4.410000e-03	1.430838e-04
4.420000e-03	1.436243e-04
4.430000e-03	1.441648e-04
4.440000e-03	1.447053e-04
4.450000e-03	1.452457e-04
4.460000e-03	1.457862e-04
4.470000e-03	1.463267e-04
4.480000e-03	1.468671e-04
4.490000e-03	1.474076e-04
4.500000e-03	1.479481e-04
4.510000e-03	1.485616e-04
4.520000e-03	1.491751e-04
4.530000e-03	1.497886e-04
4.540000e-03	1.504021e-04
4.550000e-03	1.510156e-04
4.560000e-03	1.516291e-04
4.570000e-03	1.522426e-04
4.580000e-03	1.528561e-04
4.590000e-03	1.534696e-04
4.600000e-03	1.540831e-04
4.610000e-03	1.546966e-04
4.620000e-03	1.553101e-04
4.630000e-03	1.559236e-04
4.640000e-03	1.565371e-04
4.650000e-03	1.571506e-04
4.660000e-03	1.577641e-04
4.670000e-03	1.583776e-04
4.680000e-03	1.589911e-04
4.690000e-03	1.596046e-04
4.700000e-03	1.602181e-04
4.710000e-03	1.608316e-04
4.720000e-03	1.614451e-04
4.730000e-03	1.620586e-04
4.740000e-03	1.626721e-04
4.750000e-03	1.632857e-04
4.760000e-03	1.638992e-04
4.770000e-03	1.645127e-04
4.780000e-03	1.651262e-04
4.790000e-03	1.657397e-04
4.800000e-03	1.663532e-04
4.810000e-03	1.669667e-04
4.820000e-03	1.675802e-04
4.830000e-03	1.681937e-04
4.840000e-03	1.688072e-04
4.850000e-03	1.694207e-04
4.860000e-03	1.700342e-04
4.870000e-03	1.706477e-04
4.880000e-03	1.712612e-04
4.890000e-03	1.718747e-04
4.900000e-03	1.724882e-04
4.910000e-03	1.731017e-04
4.920000e-03	1.737152e-04
4.930000e-03	1.743287e-04
4.940000e-03	1.749422e-04
4.950000e-03	1.755557e-04
4.960000e-03	1.761692e-04
4.970000e-03	1.767827e-04
4.980000e-03	1.773962e-04
4.990000e-03	1.780097e-04
5.000000e-03	1.786232e-04
5.010000e-03	1.792367e-04
5.020000e-03	1.798502e-04
5.030000e-03	1.804637e-04
5.040000e-03	1.810772e-04
5.050000e-03	1.816907e-04
5.060000e-03	1.823042e-04
5.070000e-03	1.829177e-04
5.080000e-03	1.835312e-04
5.090000e-03	1.841447e-04
5.100000e-03	1.847582e-04
5.110000e-03	1.853717e-04
5.120000e-03	1.859852e-04
5.130000e-03	1.865987e-04
5.140000e-03	1.872122e-04
5.150000e-03	1.878257e-04
5.160000e-03	1.884392e-04
5.170000e-03	1.890527e-04
5.180000e-03	1.896662e-04
5.190000e-03	1.902797e-04
5.200000e-03	1.908932e-04
5.210000e-03	1.915068e-04
5.220000e-03	1.921203e-04
5.230000e-03	1.927338e-04
5.240000e-03	1.933473e-04
5.250000e-03	1.939608e-04
5.260000e-03	1.945743e-04
5.270000e-03	1.951878e-04
5.280000e-03	1.958013e-04
5.290000e-03	1.964148e-04
5.300000e-03	1.970283e-04
5.310000e-03	1.976418e-04
5.320000e-03	1.982553e-04
5.330000e-03	1.988688e-04
5.340000e-03	1.994823e-04
5.350000e-03	2.000958e-04
5.360000e-03	2.007093e-04
5.370000e-03	2.013228e-04
5.380000e-03	2.019363e-04
5.390000e-03	2.025498e-04
5.400000e-03	2.031633e-04
5.410000e-03	2.037768e-04
5.420000e-03	2.043903e-04
5.430000e-03	2.050038e-04
5.440000e-03	2.056173e-04
5.450000e-03	2.062308e-04
5.460000e-03	2.068443e-04
5.470000e-03	2.074578e-04
5.480000e-03	2.080713e-04
5.490000e-03	2.086848e-04
5.500000e-03	2.092983e-04
5.510000e-03	2.099485e-04
5.520000e-03	2.105987e-04
5.530000e-03	2.112490e-04
5.540000e-03	2.118992e-04
5.550000e-03	2.125494e-04
5.560000e-03	2.131996e-04
5.570000e-03	2.138498e-04
5.580000e-03	2.145001e-04
5.590000e-03	2.151503e-04
5.600000e-03	2.158005e-04
5.610000e-03	2.164507e-04
5.620000e-03	2.171009e-04
5.630000e-03	2.177512e-04
5.640000e-03	2.184014e-04
5.650000e-03	2.190516e-04
5.660000e-03	2.197018e-04
5.670000e-03	2.203520e-04
5.680000e-03	2.210022e-04
5.690000e-03	2.216525e-04
5.700000e-03	2.223027e-04
5.710000e-03	2.229529e-04
5.720000e-03	2.236031e-04
5.730000e-03	2.242533e-04
5.740000e-03	2.249036e-04
5.750000e-03	2.255538e-04
5.760000e-03	2.262040e-04
5.770000e-03	2.268542e-04
5.780000e-03	2.275044e-04
5.790000e-03	2.281547e-04
5.800000e-03	2.288049e-04
5.810000e-03	2.294551e-04
5.820000e-03	2.301053e-04
5.830000e-03	2.307555e-04
5.840000e-03	2.314057e-04
5.850000e-03	2.320560e-04
5.860000e-03	2.327062e-04
5.870000e-03	2.333564e-04
5.880000e-03	2.340066e-04
5.890000e-03	2.346568e-04
5.900000e-03	2.353071e-04
5.910000e-03	2.359573e-04
5.920000e-03	2.366075e-04
5.930000e-03	2.372577e-04
5.940000e-03	2.379079e-04
5.950000e-03	2.385581e-04
5.960000e-03	2.392084e-04
5.970000e-03	2.398586e-04
5.980000e-03	2.405088e-04
5.990000e-03	2.411590e-04
6.000000e-03	2.418092e-04
6.010000e-03	2.424595e-04
6.020000e-03	2.431097e-04
6.030000e-03	2.437599e-04
6.040000e-03	2.444101e-04
6.050000e-03	2.450603e-04
6.060000e-03	2.457106e-04
6.070000e-03	2.463608e-04
6.080000e-03	2.470110e-04
6.090000e-03	2.476612e-04
6.100000e-03	2.483114e-04
6.110000e-03	2.489616e-04
6.120000e-03	2.496119e-04
6.130000e-03	2.502621e-04
6.140000e-03	2.509123e-04
6.150000e-03	2.515625e-04
6.160000e-03	2.522127e-04
6.170000e-03	2.528630e-04
6.180000e-03	2.535132e-04
6.190000e-03	2.541634e-04
6.200000e-03	2.548136e-04
6.210000e-03	2.554638e-04
6.220000e-03	2.561140e-04
6.230000e-03	2.567643e-04
6.240000e-03	2.574145e-04
6.250000e-03	2.580647e-04
6.260000e-03	2.587149e-04
6.270000e-03	2.593651e-04
6.280000e-03	2.600154e-04
6.290000e-03	2.606656e-04
6.300000e-03	2.613158e-04
6.310000e-03	2.619660e-04
6.320000e-03	2.626162e-04
6.330000e-03	2.632665e-04
6.340000e-03	2.639167e-04
6.350000e-03	2.645669e-04
6.360000e-03	2.652171e-04
6.370000e-03	2.658673e-04
6.380000e-03	2.665175e-04
6.390000e-03	2.671678e-04
6.400000e-03	2.678180e-04
6.410000e-03	2.684682e-04
6.420000e-03	2.691184e-04
6.430000e-03	2.697686e-04
6.440000e-03	2.704189e-04
6.450000e-03	2.710691e-04
6.460000e-03	2.717193e-04
6.470000e-03	2.723695e-04
6.480000e-03	2.730197e-04
6.490000e-03	2.736699e-04
6.500000e-03	2.743202e-04
6.510000e-03	2.749704e-04
6.520000e-03	2.756206e-04
6.530000e-03	2.762708e-04
6.540000e-03	2.769210e-04
6.550000e-03	2.775713e-04
6.560000e-03	2.782215e-04
6.570000e-03	2.788717e-04
6.580000e-03	2.795219e-04
6.590000e-03	2.801721e-04
6.600000e-03	2.808224e-04
6.610000e-03	2.814726e-04
6.620000e-03	2.821228e-04
6.630000e-03	2.827730e-04
6.640000e-03	2.834232e-04
6.650000e-03	2.840734e-04
6.660000e-03	2.847237e-04
6.670000e-03	2.853739e-04
6.680000e-03	2.860241e-04
6.690000e-03	2.866743e-04
6.700000e-03	2.873245e-04
6.710000e-03	2.879748e-04
6.720000e-03	2.886250e-04
6.730000e-03	2.892752e-04
6.740000e-03	2.899254e-04
6.750000e-03	2.905756e-04
6.760000e-03	2.912258e-04
6.770000e-03	2.918761e-04
6.780000e-03	2.925263e-04
6.790000e-03	2.931765e-04
6.800000e-03	2.938267e-04
6.810000e-03	2.944769e-04
6.820000e-03	2.951272e-04
6.830000e-03	2.957774e-04
6.840000e-03	2.964276e-04
6.850000e-03	2.970778e-04
6.860000e-03	2.977280e-04
6.870000e-03	2.983783e-04
6.880000e-03	2.990285e-04
6.890000e-03	2.996787e-04
6.900000e-03	3.003289e-04
6.910000e-03	3.009791e-04
6.920000e-03	3.016293e-04
6.930000e-03	3.022796e-04
6.940000e-03	3.029298e-04
6.950000e-03	3.035800e-04
6.960000e-03	3.042302e-04
6.970000e-03	3.048804e-04
6.980000e-03	3.055307e-04
6.990000e-03	3.061809e-04
7.000000e-03	3.068311e-04
7.010000e-03	3.074813e-04
7.020000e-03	3.081315e-04
7.030000e-03	3.087817e-04
7.040000e-03	3.094320e-04
7.050000e-03	3.100822e-04
7.060000e-03	3.107324e-04
7.070000e-03	3.113826e-04
7.080000e-03	3.120328e-04
7.090000e-03	3.126831e-04
7.100000e-03	3.133333e-04
7.110000e-03	3.139835e-04
7.120000e-03	3.146337e-04
7.130000e-03	3.152839e-04
7.140000e-03	3.159342e-04
7.150000e-03	3.165844e-04
7.160000e-03	3.172346e-04
7.170000e-03	3.178848e-04
7.180000e-03	3.185350e-04
7.190000e-03	3.191852e-04
7.200000e-03	3.198355e-04
7.210000e-03	3.204857e-04
7.220000e-03	3.211359e-04
7.230000e-03	3.217861e-04
7.240000e-03	3.224363e-04
7.250000e-03	3.230866e-04
7.260000e-03	3.237368e-04
7.270000e-03	3.243870e-04
7.280000e-03	3.250372e-04
7.290000e-03	3.256874e-04
7.300000e-03	3.263376e-04
7.310000e-03	3.269879e-04
7.320000e-03	3.276381e-04
7.330000e-03	3.282883e-04
7.340000e-03	3.289385e-04
7.350000e-03	3.295887e-04
7.360000e-03	3.302390e-04
7.370000e-03	3.308892e-04
7.380000e-03	3.315394e-04
7.390000e-03	3.321896e-04
7.400000e-03	3.328398e-04
7.410000e-03	3.334901e-04
7.420000e-03	3.341403e-04
7.430000e-03	3.347905e-04
7.440000e-03	3.354407e-04
7.450000e-03	3.360909e-04
7.460000e-03	3.367411e-04
7.470000e-03	3.373914e-04
7.480000e-03	3.380416e-04
7.490000e-03	3.386918e-04
7.500000e-03	3.393420e-04
7.510000e-03	3.399922e-04
7.520000e-03	3.406425e-04
7.530000e-03	3.412927e-04
7.540000e-03	3.419429e-04
7.550000e-03	3.425931e-04
7.560000e-03	3.432433e-04
7.570000e-03	3.438936e-04
7.580000e-03	3.445438e-04
7.590000e-03	3.451940e-04
7.600000e-03	3.458442e-04
7.610000e-03	3.464944e-04
7.620000e-03	3.471446e-04
7.630000e-03	3.477949e-04
7.640000e-03	3.484451e-04
7.650000e-03	3.490953e-04
7.660000e-03	3.497455e-04
7.670000e-03	3.503957e-04
7.680000e-03	3.510460e-04
7.690000e-03	3.516962e-04
7.700000e-03	3.523464e-04
7.710000e-03	3.529966e-04
7.720000e-03	3.536468e-04
7.730000e-03	3.542970e-04
7.740000e-03	3.549473e-04
7.750000e-03	3.555975e-04
7.760000e-03	3.562477e-04
7.770000e-03	3.568979e-04
7.780000e-03	3.575481e-04
7.790000e-03	3.581984e-04
7.800000e-03	3.588486e-04
7.810000e-03	3.594988e-04
7.820000e-03	3.601490e-04
7.830000e-03	3.607992e-04
7.840000e-03	3.614495e-04
7.850000e-03	3.620997e-04
7.860000e-03	3.627499e-04
7.870000e-03	3.634001e-04
7.880000e-03	3.640503e-04
7.890000e-03	3.647005e-04
7.900000e-03	3.653508e-04
7.910000e-03	3.660010e-04
7.920000e-03	3.666512e-04
7.930000e-03	3.673014e-04
7.940000e-03	3.679516e-04
7.950000e-03	3.686019e-04
7.960000e-03	3.692521e-04
7.970000e-03	3.699023e-04
7.980000e-03	3.705525e-04
7.990000e-03	3.712027e-04
8.000000e-03	3.718529e-04
8.010000e-03	3.725032e-04
8.020000e-03	3.731534e-04
8.030000e-03	3.738036e-04
8.040000e-03	3.744538e-04
8.050000e-03	3.751040e-04
8.060000e-03	3.757543e-04
8.070000e-03	3.764045e-04
8.080000e-03	3.770547e-04
8.090000e-03	3.777049e-04
8.100000e-03	3.783551e-04
8.110000e-03	3.790054e-04
8.120000e-03	3.796556e-04
8.130000e-03	3.803058e-04
8.140000e-03	3.809560e-04
8.150000e-03	3.816062e-04
8.160000e-03	3.822564e-04
8.170000e-03	3.829067e-04
8.180000e-03	3.835569e-04
8.190000e-03	3.842071e-04
8.200000e-03	3.848573e-04
8.210000e-03	3.855075e-04
8.220000e-03	3.861578e-04
8.230000e-03	3.868080e-04
8.240000e-03	3.874582e-04
8.250000e-03	3.881084e-04
8.260000e-03	3.887586e-04
8.270000e-03	3.894088e-04
8.280000e-03	3.900591e-04
8.290000e-03	3.907093e-04
8.300000e-03	3.913595e-04
8.310000e-03	3.920097e-04
8.320000e-03	3.926599e-04
8.330000e-03	3.933102e-04
8.340000e-03	3.939604e-04
8.350000e-03	3.946106e-04
8.360000e-03	3.952608e-04
8.370000e-03	3.959110e-04
8.380000e-03	3.965613e-04
8.390000e-03	3.972115e-04
8.400000e-03	3.978617e-04
8.410000e-03	3.985119e-04
8.420000e-03	3.991621e-04
8.430000e-03	3.998123e-04
8.440000e-03	4.004626e-04
8.450000e-03	4.011128e-04
8.460000e-03	4.017630e-04
8.470000e-03	4.024132e-04
8.480000e-03	4.030634e-04
8.490000e-03	4.037137e-04
8.500000e-03	4.043639e-04
8.510000e-03	4.050141e-04
8.520000e-03	4.056643e-04
8.530000e-03	4.063145e-04
8.540000e-03	4.069647e-04
8.550000e-03	4.076150e-04
8.560000e-03	4.082652e-04
8.570000e-03	4.089154e-04
8.580000e-03	4.095656e-04
8.590000e-03	4.102158e-04
8.600000e-03	4.108661e-04
8.610000e-03	4.115163e-04
8.620000e-03	4.121665e-04
8.630000e-03	4.128167e-04
8.640000e-03	4.134669e-04
8.650000e-03	4.141172e-04
8.660000e-03	4.147674e-04
8.670000e-03	4.154176e-04
8.680000e-03	4.160678e-04
8.690000e-03	4.167180e-04
8.700000e-03	4.173682e-04
8.710000e-03	4.180185e-04
8.720000e-03	4.186687e-04
8.730000e-03	4.193189e-04
8.740000e-03	4.199691e-04
8.750000e-03	4.206193e-04
8.760000e-03	4.212696e-04
8.770000e-03	4.219198e-04
8.780000e-03	4.225700e-04
8.790000e-03	4.232202e-04
8.800000e-03	4.238704e-04
8.810000e-03	4.245206e-04
8.820000e-03	4.251709e-04
8.830000e-03	4.258211e-04
8.840000e-03	4.264713e-04
8.850000e-03	4.271215e-04
8.860000e-03	4.277717e-04
8.870000e-03	4.284220e-04
8.880000e-03	4.290722e-04
8.890000e-03	4.297224e-04
8.900000e-03	4.303726e-04
8.910000e-03	4.310228e-04
8.920000e-03	4.316731e-04
8.930000e-03	4.323233e-04
8.940000e-03	4.329735e-04
8.950000e-03	4.336237e-04
8.960000e-03	4.342739e-04
8.970000e-03	4.349241e-04
8.980000e-03	4.355744e-04
8.990000e-03	4.362246e-04
9.000000e-03	4.368748e-04
9.010000e-03	4.375250e-04
9.020000e-03	4.381752e-04
9.030000e-03	4.388255e-04
9.040000e-03	4.394757e-04
9.050000e-03	4.401259e-04
9.060000e-03	4.407761e-04
9.070000e-03	4.414263e-04
9.080000e-03	4.420765e-04
9.090000e-03	4.427268e-04
9.100000e-03	4.433770e-04
9.110000e-03	4.440272e-04
9.120000e-03	4.446774e-04
9.130000e-03	4.453276e-04
9.140000e-03	4.459779e-04
9.150000e-03	4.466281e-04
9.160000e-03	4.472783e-04
9.170000e-03	4.479285e-04
9.180000e-03	4.485787e-04
9.190000e-03	4.492290e-04
9.200000e-03	4.498792e-04
9.210000e-03	4.505294e-04
9.220000e-03	4.511796e-04
9.230000e-03	4.518298e-04
9.240000e-03	4.524800e-04
9.250000e-03	4.531303e-04
9.260000e-03	4.537805e-04
9.270000e-03	4.544307e-04
9.280000e-03	4.550809e-04
9.290000e-03	4.557311e-04
9.300000e-03	4.563814e-04
9.310000e-03	4.570316e-04
9.320000e-03	4.576818e-04
9.330000e-03	4.583320e-04
9.340000e-03	4.589822e-04
9.350000e-03	4.596324e-04
9.360000e-03	4.602827e-04
9.370000e-03	4.609329e-04
9.380000e-03	4.615831e-04
9.390000e-03	4.622333e-04
9.400000e-03	4.628835e-04
9.410000e-03	4.635338e-04
9.420000e-03	4.641840e-04
9.430000e-03	4.648342e-04
9.440000e-03	4.654844e-04
9.450000e-03	4.661346e-04
9.460000e-03	4.667849e-04
9.470000e-03	4.674351e-04
9.480000e-03	4.680853e-04
9.490000e-03	4.687355e-04
9.500000e-03	4.693857e-04
9.510000e-03	4.700359e-04
9.520000e-03	4.706862e-04
9.530000e-03	4.713364e-04
9.540000e-03	4.719866e-04
9.550000e-03	4.726368e-04
9.560000e-03	4.732870e-04
9.570000e-03	4.739373e-04
9.580000e-03	4.745875e-04
9.590000e-03	4.752377e-04
9.600000e-03	4.758879e-04
9.610000e-03	4.765381e-04
9.620000e-03	4.771884e-04
9.630000e-03	4.778386e-04
9.640000e-03	4.784888e-04
9.650000e-03	4.791390e-04
9.660000e-03	4.797892e-04
9.670000e-03	4.804394e-04
9.680000e-03	4.810897e-04
9.690000e-03	4.817399e-04
9.700000e-03	4.823901e-04
9.710000e-03	4.830403e-04
9.720000e-03	4.836905e-04
9.730000e-03	4.843408e-04
9.740000e-03	4.849910e-04
9.750000e-03	4.856412e-04
9.760000e-03	4.862914e-04
9.770000e-03	4.869416e-04
9.780000e-03	4.875918e-04
9.790000e-03	4.882421e-04
9.800000e-03	4.888923e-04
9.810000e-03	4.895425e-04
9.820000e-03	4.901927e-04
9.830000e-03	4.908429e-04
9.840000e-03	4.914932e-04
9.850000e-03	4.921434e-04
9.860000e-03	4.927936e-04
9.870000e-03	4.934438e-04
9.880000e-03	4.940940e-04
9.890000e-03	4.947443e-04
9.900000e-03	4.953945e-04
9.910000e-03	4.960447e-04
9.920000e-03	4.966949e-04
9.930000e-03	4.973451e-04
9.940000e-03	4.979953e-04
9.950000e-03	4.986456e-04
9.960000e-03	4.992958e-04
9.970000e-03	4.999460e-04
9.980000e-03	5.005962e-04
9.990000e-03	5.012464e-04
1.000000e-02	5.018967e-04
1.001000e-02	5.025563e-04
1.002000e-02	5.032160e-04
1.003000e-02	5.038757e-04
1.004000e-02	5.045353e-04
1.005000e-02	5.051950e-04
1.006000e-02	5.058547e-04
1.007000e-02	5.065144e-04
1.008000e-02	5.071740e-04
1.009000e-02	5.078337e-04
1.010000e-02	5.084934e-04
1.011000e-02	5.091531e-04
1.012000e-02	5.098127e-04
1.013000e-02	5.104724e-04
1.014000e-02	5.111321e-04
1.015000e-02	5.117918e-04
1.016000e-02	5.124514e-04
1.017000e-02	5.131111e-04
1.018000e-02	5.137708e-04
1.019000e-02	5.144305e-04
1.020000e-02	5.150901e-04
1.021000e-02	5.157498e-04
1.022000e-02	5.164095e-04
1.023000e-02	5.170691e-04
1.024000e-02	5.177288e-04
1.025000e-02	5.183885e-04
1.026000e-02	5.190482e-04
1.027000e-02	5.197078e-04
1.028000e-02	5.203675e-04
1.029000e-02	5.210272e-04
1.030000e-02	5.216869e-04
1.031000e-02	5.223465e-04
1.032000e-02	5.230062e-04
1.033000e-02	5.236659e-04
1.034000e-02	5.243256e-04
1.035000e-02	5.249852e-04
1.036000e-02	5.256449e-04
1.037000e-02	5.263046e-04
1.038000e-02	5.269643e-04
1.039000e-02	5.276239e-04
1.040000e-02	5.282836e-04
1.041000e-02	5.289433e-04
1.042000e-02	5.296029e-04
1.043000e-02	5.302626e-04
1.044000e-02	5.309223e-04
1.045000e-02	5.315820e-04
1.046000e-02	5.322416e-04
1.047000e-02	5.329013e-04
1.048000e-02	5.335610e-04
1.049000e-02	5.342207e-04
1.050000e-02	5.348803e-04
1.051000e-02	5.355400e-04
1.052000e-02	5.361997e-04
1.053000e-02	5.368594e-04
1.054000e-02	5.375190e-04
1.055000e-02	5.381787e-04
1.056000e-02	5.388384e-04
1.057000e-02	5.394980e-04
1.058000e-02	5.401577e-04
1.059000e-02	5.408174e-04
1.060000e-02	5.414771e-04
1.061000e-02	5.421367e-04
1.062000e-02	5.427964e-04
1.063000e-02	5.434561e-04
1.064000e-02	5.441158e-04
1.065000e-02	5.447754e-04
1.066000e-02	5.454351e-04
1.067000e-02	5.460948e-04
1.068000e-02	5.467545e-04
1.069000e-02	5.474141e-04
1.070000e-02	5.480738e-04
1.071000e-02	5.487335e-04
1.072000e-02	5.493932e-04
1.073000e-02	5.500528e-04
1.074000e-02	5.507125e-04
1.075000e-02	5.513722e-04
1.076000e-02	5.520318e-04
1.077000e-02	5.526915e-04
1.078000e-02	5.533512e-04
1.079000e-02	5.540109e-04
1.080000e-02	5.546705e-04
1.081000e-02	5.553302e-04
1.082000e-02	5.559899e-04
1.083000e-02	5.566496e-04
1.084000e-02	5.573092e-04
1.085000e-02	5.579689e-04
1.086000e-02	5.586286e-04
1.087000e-02	5.592883e-04
1.088000e-02	5.599479e-04
1.089000e-02	5.606076e-04
1.090000e-02	5.612673e-04
1.091000e-02	5.619270e-04
1.092000e-02	5.625866e-04
1.093000e-02	5.632463e-04
1.094000e-02	5.639060e-04
1.095000e-02	5.645656e-04
1.096000e-02	5.652253e-04
1.097000e-02	5.658850e-04
1.098000e-02	5.665447e-04
1.099000e-02	5.672043e-04
1.100000e-02	5.678640e-04
1.101000e-02	5.685248e-04
1.102000e-02	5.691856e-04
1.103000e-02	5.698464e-04
1.104000e-02	5.705072e-04
1.105000e-02	5.711680e-04
1.106000e-02	5.718288e-04
1.107000e-02	5.724896e-04
1.108000e-02	5.731504e-04
1.109000e-02	5.738112e-04
1.110000e-02	5.744720e-04
1.111000e-02	5.751328e-04
1.112000e-02	5.757936e-04
1.113000e-02	5.764544e-04
1.114000e-02	5.771152e-04
1.115000e-02	5.777760e-04
1.116000e-02	5.784368e-04
1.117000e-02	5.790976e-04
1.118000e-02	5.797584e-04
1.119000e-02	5.804192e-04
1.120000e-02	5.810800e-04
1.121000e-02	5.817408e-04
1.122000e-02	5.824016e-04
1.123000e-02	5.830624e-04
1.124000e-02	5.837231e-04
1.125000e-02	5.843839e-04
1.126000e-02	5.850447e-04
1.127000e-02	5.857055e-04
1.128000e-02	5.863663e-04
1.129000e-02	5.870271e-04
1.130000e-02	5.876879e-04
1.131000e-02	5.883487e-04
1.132000e-02	5.890095e-04
1.133000e-02	5.896703e-04
1.134000e-02	5.903311e-04
1.135000e-02	5.909919e-04
1.136000e-02	5.916527e-04
1.137000e-02	5.923135e-04
1.138000e-02	5.929743e-04
1.139000e-02	5.936351e-04
1.140000e-02	5.942959e-04
1.141000e-02	5.949567e-04
1.142000e-02	5.956175e-04
1.143000e-02	5.962783e-04
1.144000e-02	5.969391e-04
1.145000e-02	5.975999e-04
1.146000e-02	5.982607e-04
1.147000e-02	5.989215e-04
1.148000e-02	5.995823e-04
1.149000e-02	6.002431e-04
1.150000e-02	6.009039e-04
1.151000e-02	6.015647e-04
1.152000e-02	6.022255e-04
1.153000e-02	6.028863e-04
1.154000e-02	6.035471e-04
1.155000e-02	6.042079e-04
1.156000e-02	6.048687e-04
1.157000e-02	6.055295e-04
1.158000e-02	6.061903e-04
1.159000e-02	6.068511e-04
1.160000e-02	6.075119e-04
1.161000e-02	6.081726e-04
1.162000e-02	6.088334e-04
1.163000e-02	6.094942e-04
1.164000e-02	6.101550e-04
1.165000e-02	6.108158e-04
1.166000e-02	6.114766e-04
1.167000e-02	6.121374e-04
1.168000e-02	6.127982e-04
1.169000e-02	6.134590e-04
1.170000e-02	6.141198e-04
1.171000e-02	6.147806e-04
1.172000e-02	6.154414e-04
1.173000e-02	6.161022e-04
1.174000e-02	6.167630e-04
1.175000e-02	6.174238e-04
1.176000e-02	6.180846e-04
1.177000e-02	6.187454e-04
1.178000e-02	6.194062e-04
1.179000e-02	6.200670e-04
1.180000e-02	6.207278e-04
1.181000e-02	6.213886e-04
1.182000e-02	6.220494e-04
1.183000e-02	6.227102e-04
1.184000e-02	6.233710e-04
1.185000e-02	6.240318e-04
1.186000e-02	6.246926e-04
1.187000e-02	6.253534e-04
1.188000e-02	6.260142e-04
1.189000e-02	6.266750e-04
1.190000e-02	6.273358e-04
1.191000e-02	6.279966e-04
1.192000e-02	6.286574e-04
1.193000e-02	6.293182e-04
1.194000e-02	6.299790e-04
1.195000e-02	6.306398e-04
1.196000e-02	6.313006e-04
1.197000e-02	6.319614e-04
1.198000e-02	6.326221e-04
1.199000e-02	6.332829e-04
1.200000e-02	6.339437e-04
1.201000e-02	6.346053e-04
1.202000e-02	6.352669e-04
1.203000e-02	6.359286e-04
1.204000e-02	6.365902e-04
1.205000e-02	6.372518e-04
1.206000e-02	6.379134e-04
1.207000e-02	6.385750e-04
1.208000e-02	6.392366e-04
1.209000e-02	6.398982e-04
1.210000e-02	6.405598e-04
1.211000e-02	6.412214e-04
1.212000e-02	6.418830e-04
1.213000e-02	6.425446e-04
1.214000e-02	6.432062e-04
1.215000e-02	6.438678e-04
1.216000e-02	6.445294e-04
1.217000e-02	6.451910e-04
1.218000e-02	6.458526e-04
1.219000e-02	6.465142e-04
1.220000e-02	6.471758e-04
1.221000e-02	6.478374e-04
1.222000e-02	6.484990e-04
1.223000e-02	6.491606e-04
1.224000e-02	6.498222e-04
1.225000e-02	6.504838e-04
1.226000e-02	6.511454e-04
1.227000e-02	6.518070e-04
1.228000e-02	6.524686e-04
1.229000e-02	6.531302e-04
1.230000e-02	6.537918e-04
1.231000e-02	6.544534e-04
1.232000e-02	6.551150e-04
1.233000e-02	6.557766e-04
1.234000e-02	6.564382e-04
1.235000e-02	6.570998e-04
1.236000e-02	6.577614e-04
1.237000e-02	6.584230e-04
1.238000e-02	6.590846e-04
1.239000e-02	6.597463e-04
1.240000e-02	6.604079e-04
1.241000e-02	6.610695e-04
1.242000e-02	6.617311e-04
1.243000e-02	6.623927e-04
1.244000e-02	6.630543e-04
1.245000e-02	6.637159e-04
1.246000e-02	6.643775e-04
1.247000e-02	6.650391e-04
1.248000e-02	6.657007e-04
1.249000e-02	6.663623e-04
1.250000e-02	6.670239e-04
1.251000e-02	6.676855e-04
1.252000e-02	6.683471e-04
1.253000e-02	6.690087e-04
1.254000e-02	6.696703e-04
1.255000e-02	6.703319e-04
1.256000e-02	6.709935e-04
1.257000e-02	6.716551e-04
1.258000e-02	6.723167e-04
1.259000e-02	6.729783e-04
1.260000e-02	6.736399e-04
1.261000e-02	6.743015e-04
1.262000e-02	6.749631e-04
1.263000e-02	6.756247e-04
1.264000e-02	6.762863e-04
1.265000e-02	6.769479e-04
1.266000e-02	6.776095e-04
1.267000e-02	6.782711e-04
1.268000e-02	6.789327e-04
1.269000e-02	6.795943e-04
1.270000e-02	6.802559e-04
1.271000e-02	6.809175e-04
1.272000e-02	6.815791e-04
1.273000e-02	6.822407e-04
1.274000e-02	6.829023e-04
1.275000e-02	6.835640e-04
1.276000e-02	6.842256e-04
1.277000e-02	6.848872e-04
1.278000e-02	6.855488e-04
1.279000e-02	6.862104e-04
1.280000e-02	6.868720e-04
1.281000e-02	6.875336e-04
1.282000e-02	6.881952e-04
1.283000e-02	6.888568e-04
1.284000e-02	6.895184e-04
1.285000e-02	6.901800e-04
1.286000e-02	6.908416e-04
1.287000e-02	6.915032e-04
1.288000e-02	6.921648e-04
1.289000e-02	6.928264e-04
1.290000e-02	6.934880e-04
1.291000e-02	6.941496e-04
1.292000e-02	6.948112e-04
1.293000e-02	6.954728e-04
1.294000e-02	6.961344e-04
1.295000e-02	6.967960e-04
1.296000e-02	6.974576e-04
1.297000e-02	6.981192e-04
1.298000e-02	6.987808e-04
1.299000e-02	6.994424e-04
1.300000e-02	7.001040e-04
1.301000e-02	7.007662e-04
1.302000e-02	7.014284e-04
1.303000e-02	7.020906e-04
1.304000e-02	7.027528e-04
1.305000e-02	7.034150e-04
1.306000e-02	7.040772e-04
1.307000e-02	7.047394e-04
1.308000e-02	7.054016e-04
1.309000e-02	7.060638e-04
1.310000e-02	7.067260e-04
1.311000e-02	7.073882e-04
1.312000e-02	7.080504e-04
1.313000e-02	7.087126e-04
1.314000e-02	7.093748e-04
1.315000e-02	7.100370e-04
1.316000e-02	7.106992e-04
1.317000e-02	7.113614e-04
1.318000e-02	7.120236e-04
1.319000e-02	7.126858e-04
1.320000e-02	7.133480e-04
1.321000e-02	7.140102e-04
1.322000e-02	7.146724e-04
1.323000e-02	7.153346e-04
1.324000e-02	7.159968e-04
1.325000e-02	7.166590e-04
1.326000e-02	7.173212e-04
1.327000e-02	7.179834e-04
1.328000e-02	7.186456e-04
1.329000e-02	7.193078e-04
1.330000e-02	7.199700e-04
1.331000e-02	7.206322e-04
1.332000e-02	7.212944e-04
1.333000e-02	7.219566e-04
1.334000e-02	7.226188e-04
1.335000e-02	7.232810e-04
1.336000e-02	7.239432e-04
1.337000e-02	7.246054e-04
1.338000e-02	7.252676e-04
1.339000e-02	7.259298e-04
1.340000e-02	7.265920e-04
1.341000e-02	7.272542e-04
1.342000e-02	7.279164e-04
1.343000e-02	7.285786e-04
1.344000e-02	7.292408e-04
1.345000e-02	7.299030e-04
1.346000e-02	7.305652e-04
1.347000e-02	7.312274e-04
1.348000e-02	7.318896e-04
1.349000e-02	7.325518e-04
1.350000e-02	7.332140e-04
1.351000e-02	7.338762e-04
1.352000e-02	7.345384e-04
1.353000e-02	7.352006e-04
1.354000e-02	7.358628e-04
1.355000e-02	7.365250e-04
1.356000e-02	7.371872e-04
1.357000e-02	7.378494e-04
1.358000e-02	7.385116e-04
1.359000e-02	7.391738e-04
1.360000e-02	7.398360e-04
1.361000e-02	7.404982e-04
1.362000e-02	7.411604e-04
1.363000e-02	7.418226e-04
1.364000e-02	7.424848e-04
1.365000e-02	7.431470e-04
1.366000e-02	7.438092e-04
1.367000e-02	7.444714e-04
1.368000e-02	7.451336e-04
1.369000e-02	7.457958e-04
1.370000e-02	7.464580e-04
1.371000e-02	7.471202e-04
1.372000e-02	7.477824e-04
1.373000e-02	7.484446e-04
1.374000e-02	7.491068e-04
1.375000e-02	7.497690e-04
1.376000e-02	7.504312e-04
1.377000e-02	7.510934e-04
1.378000e-02	7.517556e-04
1.379000e-02	7.524178e-04
1.380000e-02	7.530800e-04
1.381000e-02	7.537422e-04
1.382000e-02	7.544044e-04
1.383000e-02	7.550666e-04
1.384000e-02	7.557288e-04
1.385000e-02	7.563910e-04
1.386000e-02	7.570532e-04
1.387000e-02	7.577154e-04
1.388000e-02	7.583776e-04
1.389000e-02	7.590398e-04
1.390000e-02	7.597020e-04
1.391000e-02	7.603642e-04
1.392000e-02	7.610264e-04
1.393000e-02	7.616886e-04
1.394000e-02	7.623508e-04
1.395000e-02	7.630130e-04
1.396000e-02	7.636752e-04
1.397000e-02	7.643374e-04
1.398000e-02	7.649996e-04
1.399000e-02	7.656618e-04
1.400000e-02	7.663240e-04
