z1_new_m	d2_new_long_m
-7.500000e-03	2.974601e-04
-7.490000e-03	2.971792e-04
-7.480000e-03	2.968983e-04
-7.470000e-03	2.966173e-04
-7.460000e-03	2.963364e-04
-7.450000e-03	2.960555e-04
-7.440000e-03	2.957746e-04
-7.430000e-03	2.954936e-04
-7.420000e-03	2.952127e-04
-7.410000e-03	2.949318e-04
-7.400000e-03	2.946509e-04
-7.390000e-03	2.943699e-04
-7.380000e-03	2.940890e-04
-7.370000e-03	2.938081e-04
-7.360000e-03	2.935272e-04
-7.350000e-03	2.932462e-04
-7.340000e-03	2.929653e-04
-7.330000e-03	2.926844e-04
-7.320000e-03	2.924035e-04
-7.310000e-03	2.921225e-04
-7.300000e-03	2.918416e-04
-7.290000e-03	2.915607e-04
-7.280000e-03	2.912798e-04
-7.270000e-03	2.909988e-04
-7.260000e-03	2.907179e-04
-7.250000e-03	2.904370e-04
-7.240000e-03	2.901561e-04
-7.230000e-03	2.898751e-04
-7.220000e-03	2.895942e-04
-7.210000e-03	2.893133e-04
-7.200000e-03	2.890324e-04
-7.190000e-03	2.887514e-04
-7.180000e-03	2.884705e-04
-7.170000e-03	2.881896e-04
-7.160000e-03	2.879087e-04
-7.150000e-03	2.876277e-04
-7.140000e-03	2.873468e-04
-7.130000e-03	2.870659e-04
-7.120000e-03	2.867850e-04
-7.110000e-03	2.865040e-04
-7.100000e-03	2.862231e-04
-7.090000e-03	2.859422e-04
-7.080000e-03	2.856613e-04
-7.070000e-03	2.853803e-04
-7.060000e-03	2.850994e-04
-7.050000e-03	2.848185e-04
-7.040000e-03	2.845376e-04
-7.030000e-03	2.842566e-04
-7.020000e-03	2.839757e-04
-7.010000e-03	2.836948e-04
-7.000000e-03	2.834139e-04
-6.990000e-03	2.831329e-04
-6.980000e-03	2.828520e-04
-6.970000e-03	2.825711e-04
-6.960000e-03	2.822902e-04
-6.950000e-03	2.820093e-04
-6.940000e-03	2.817283e-04
-6.930000e-03	2.814474e-04
-6.920000e-03	2.811665e-04
-6.910000e-03	2.808856e-04
-6.900000e-03	2.806046e-04
-6.890000e-03	2.803237e-04
-6.880000e-03	2.800428e-04
-6.870000e-03	2.797619e-04
-6.860000e-03	2.794809e-04
-6.850000e-03	2.792000e-04
-6.840000e-03	2.789191e-04
-6.830000e-03	2.786382e-04
-6.820000e-03	2.783572e-04
-6.810000e-03	2.780763e-04
-6.800000e-03	2.777954e-04
-6.790000e-03	2.775145e-04
-6.780000e-03	2.772335e-04
-6.770000e-03	2.769526e-04
-6.760000e-03	2.766717e-04
-6.750000e-03	2.763908e-04
-6.740000e-03	2.761098e-04
-6.730000e-03	2.758289e-04
-6.720000e-03	2.755480e-04
-6.710000e-03	2.752671e-04
-6.700000e-03	2.749861e-04
-6.690000e-03	2.747052e-04
-6.680000e-03	2.744243e-04
-6.670000e-03	2.741434e-04
-6.660000e-03	2.738624e-04
-6.650000e-03	2.735815e-04
-6.640000e-03	2.733006e-04
-6.630000e-03	2.730197e-04
-6.620000e-03	2.727387e-04
-6.610000e-03	2.724578e-04
-6.600000e-03	2.721769e-04
-6.590000e-03	2.718960e-04
-6.580000e-03	2.716150e-04
-6.570000e-03	2.713341e-04
-6.560000e-03	2.710532e-04
-6.550000e-03	2.707723e-04
-6.540000e-03	2.704913e-04
-6.530000e-03	2.702104e-04
-6.520000e-03	2.699295e-04
-6.510000e-03	2.696486e-04
-6.500000e-03	2.693676e-04
-6.490000e-03	2.690888e-04
-6.480000e-03	2.688100e-04
-6.470000e-03	2.685312e-04
-6.460000e-03	2.682523e-04
-6.450000e-03	2.679735e-04
-6.440000e-03	2.676947e-04
-6.430000e-03	2.674159e-04
-6.420000e-03	2.671370e-04
-6.410000e-03	2.668582e-04
-6.400000e-03	2.665794e-04
-6.390000e-03	2.663005e-04
-6.380000e-03	2.660217e-04
-6.370000e-03	2.657429e-04
-6.360000e-03	2.654641e-04
-6.350000e-03	2.651852e-04
-6.340000e-03	2.649064e-04
-6.330000e-03	2.646276e-04
-6.320000e-03	2.643488e-04
-6.310000e-03	2.640699e-04
-6.300000e-03	2.637911e-04
-6.290000e-03	2.635123e-04
-6.280000e-03	2.632335e-04
-6.270000e-03	2.629546e-04
-6.260000e-03	2.626758e-04
-6.250000e-03	2.623970e-04
-6.240000e-03	2.621182e-04
-6.230000e-03	2.618393e-04
-6.220000e-03	2.615605e-04
-6.210000e-03	2.612817e-04
-6.200000e-03	2.610029e-04
-6.190000e-03	2.607240e-04
-6.180000e-03	2.604452e-04
-6.170000e-03	2.601664e-04
-6.160000e-03	2.598875e-04
-6.150000e-03	2.596087e-04
-6.140000e-03	2.593299e-04
-6.130000e-03	2.590511e-04
-6.120000e-03	2.587722e-04
-6.110000e-03	2.584934e-04
-6.100000e-03	2.582146e-04
-6.090000e-03	2.579358e-04
-6.080000e-03	2.576569e-04
-6.070000e-03	2.573781e-04
-6.060000e-03	2.570993e-04
-6.050000e-03	2.568205e-04
-6.040000e-03	2.565416e-04
-6.030000e-03	2.562628e-04
-6.020000e-03	2.559840e-04
-6.010000e-03	2.557052e-04
-6.000000e-03	2.554263e-04
-5.990000e-03	2.551475e-04
-5.980000e-03	2.548687e-04
-5.970000e-03	2.545898e-04
-5.960000e-03	2.543110e-04
-5.950000e-03	2.540322e-04
-5.940000e-03	2.537534e-04
-5.930000e-03	2.534745e-04
-5.920000e-03	2.531957e-04
-5.910000e-03	2.529169e-04
-5.900000e-03	2.526381e-04
-5.890000e-03	2.523592e-04
-5.880000e-03	2.520804e-04
-5.870000e-03	2.518016e-04
-5.860000e-03	2.515228e-04
-5.850000e-03	2.512439e-04
-5.840000e-03	2.509651e-04
-5.830000e-03	2.506863e-04
-5.820000e-03	2.504075e-04
-5.810000e-03	2.501286e-04
-5.800000e-03	2.498498e-04
-5.790000e-03	2.495710e-04
-5.780000e-03	2.492922e-04
-5.770000e-03	2.490133e-04
-5.760000e-03	2.487345e-04
-5.750000e-03	2.484557e-04
-5.740000e-03	2.481768e-04
-5.730000e-03	2.478980e-04
-5.720000e-03	2.476192e-04
-5.710000e-03	2.473404e-04
-5.700000e-03	2.470615e-04
-5.690000e-03	2.467827e-04
-5.680000e-03	2.465039e-04
-5.670000e-03	2.462251e-04
-5.660000e-03	2.459462e-04
-5.650000e-03	2.456674e-04
-5.640000e-03	2.453886e-04
-5.630000e-03	2.451098e-04
-5.620000e-03	2.448309e-04
-5.610000e-03	2.445521e-04
-5.600000e-03	2.442733e-04
-5.590000e-03	2.439945e-04
-5.580000e-03	2.437156e-04
-5.570000e-03	2.434368e-04
-5.560000e-03	2.431580e-04
-5.550000e-03	2.428791e-04
-5.540000e-03	2.426003e-04
-5.530000e-03	2.423215e-04
-5.520000e-03	2.420427e-04
-5.510000e-03	2.417638e-04
-5.500000e-03	2.414850e-04
-5.490000e-03	2.412091e-04
-5.480000e-03	2.409332e-04
-5.470000e-03	2.406573e-04
-5.460000e-03	2.403814e-04
-5.450000e-03	2.401055e-04
-5.440000e-03	2.398296e-04
-5.430000e-03	2.395537e-04
-5.420000e-03	2.392778e-04
-5.410000e-03	2.390019e-04
-5.400000e-03	2.387260e-04
-5.390000e-03	2.384500e-04
-5.380000e-03	2.381741e-04
-5.370000e-03	2.378982e-04
-5.360000e-03	2.376223e-04
-5.350000e-03	2.373464e-04
-5.340000e-03	2.370705e-04
-5.330000e-03	2.367946e-04
-5.320000e-03	2.365187e-04
-5.310000e-03	2.362428e-04
-5.300000e-03	2.359669e-04
-5.290000e-03	2.356910e-04
-5.280000e-03	2.354151e-04
-5.270000e-03	2.351392e-04
-5.260000e-03	2.348633e-04
-5.250000e-03	2.345873e-04
-5.240000e-03	2.343114e-04
-5.230000e-03	2.340355e-04
-5.220000e-03	2.337596e-04
-5.210000e-03	2.334837e-04
-5.200000e-03	2.332078e-04
-5.190000e-03	2.329319e-04
-5.180000e-03	2.326560e-04
-5.170000e-03	2.323801e-04
-5.160000e-03	2.321042e-04
-5.150000e-03	2.318283e-04
-5.140000e-03	2.315524e-04
-5.130000e-03	2.312765e-04
-5.120000e-03	2.310006e-04
-5.110000e-03	2.307247e-04
-5.100000e-03	2.304487e-04
-5.090000e-03	2.301728e-04
-5.080000e-03	2.298969e-04
-5.070000e-03	2.296210e-04
-5.060000e-03	2.293451e-04
-5.050000e-03	2.290692e-04
-5.040000e-03	2.287933e-04
-5.030000e-03	2.285174e-04
-5.020000e-03	2.282415e-04
-5.010000e-03	2.279656e-04
-5.000000e-03	2.276897e-04
-4.990000e-03	2.274138e-04
-4.980000e-03	2.271379e-04
-4.970000e-03	2.268620e-04
-4.960000e-03	2.265861e-04
-4.950000e-03	2.263101e-04
-4.940000e-03	2.260342e-04
-4.930000e-03	2.257583e-04
-4.920000e-03	2.254824e-04
-4.910000e-03	2.252065e-04
-4.900000e-03	2.249306e-04
-4.890000e-03	2.246547e-04
-4.880000e-03	2.243788e-04
-4.870000e-03	2.241029e-04
-4.860000e-03	2.238270e-04
-4.850000e-03	2.235511e-04
-4.840000e-03	2.232752e-04
-4.830000e-03	2.229993e-04
-4.820000e-03	2.227234e-04
-4.810000e-03	2.224475e-04
-4.800000e-03	2.221715e-04
-4.790000e-03	2.218956e-04
-4.780000e-03	2.216197e-04
-4.770000e-03	2.213438e-04
-4.760000e-03	2.210679e-04
-4.750000e-03	2.207920e-04
-4.740000e-03	2.205161e-04
-4.730000e-03	2.202402e-04
-4.720000e-03	2.199643e-04
-4.710000e-03	2.196884e-04
-4.700000e-03	2.194125e-04
-4.690000e-03	2.191366e-04
-4.680000e-03	2.188607e-04
-4.670000e-03	2.185848e-04
-4.660000e-03	2.183088e-04
-4.650000e-03	2.180329e-04
-4.640000e-03	2.177570e-04
-4.630000e-03	2.174811e-04
-4.620000e-03	2.172052e-04
-4.610000e-03	2.169293e-04
-4.600000e-03	2.166534e-04
-4.590000e-03	2.163775e-04
-4.580000e-03	2.161016e-04
-4.570000e-03	2.158257e-04
-4.560000e-03	2.155498e-04
-4.550000e-03	2.152739e-04
-4.540000e-03	2.149980e-04
-4.530000e-03	2.147221e-04
-4.520000e-03	2.144462e-04
-4.510000e-03	2.141702e-04
-4.500000e-03	2.138943e-04
-4.490000e-03	2.136226e-04
-4.480000e-03	2.133510e-04
-4.470000e-03	2.130793e-04
-4.460000e-03	2.128076e-04
-4.450000e-03	2.125359e-04
-4.440000e-03	2.122642e-04
-4.430000e-03	2.119925e-04
-4.420000e-03	2.117208e-04
-4.410000e-03	2.114491e-04
-4.400000e-03	2.111774e-04
-4.390000e-03	2.109057e-04
-4.380000e-03	2.106340e-04
-4.370000e-03	2.103623e-04
-4.360000e-03	2.100906e-04
-4.350000e-03	2.098189e-04
-4.340000e-03	2.095473e-04
-4.330000e-03	2.092756e-04
-4.320000e-03	2.090039e-04
-4.310000e-03	2.087322e-04
-4.300000e-03	2.084605e-04
-4.290000e-03	2.081888e-04
-4.280000e-03	2.079171e-04
-4.270000e-03	2.076454e-04
-4.260000e-03	2.073737e-04
-4.250000e-03	2.071020e-04
-4.240000e-03	2.068303e-04
-4.230000e-03	2.065586e-04
-4.220000e-03	2.062869e-04
-4.210000e-03	2.060152e-04
-4.200000e-03	2.057436e-04
-4.190000e-03	2.054719e-04
-4.180000e-03	2.052002e-04
-4.170000e-03	2.049285e-04
-4.160000e-03	2.046568e-04
-4.150000e-03	2.043851e-04
-4.140000e-03	2.041134e-04
-4.130000e-03	2.038417e-04
-4.120000e-03	2.035700e-04
-4.110000e-03	2.032983e-04
-4.100000e-03	2.030266e-04
-4.090000e-03	2.027549e-04
-4.080000e-03	2.024832e-04
-4.070000e-03	2.022116e-04
-4.060000e-03	2.019399e-04
-4.050000e-03	2.016682e-04
-4.040000e-03	2.013965e-04
-4.030000e-03	2.011248e-04
-4.020000e-03	2.008531e-04
-4.010000e-03	2.005814e-04
-4.000000e-03	2.003097e-04
-3.990000e-03	2.000380e-04
-3.980000e-03	1.997663e-04
-3.970000e-03	1.994946e-04
-3.960000e-03	1.992229e-04
-3.950000e-03	1.989512e-04
-3.940000e-03	1.986795e-04
-3.930000e-03	1.984079e-04
-3.920000e-03	1.981362e-04
-3.910000e-03	1.978645e-04
-3.900000e-03	1.975928e-04
-3.890000e-03	1.973211e-04
-3.880000e-03	1.970494e-04
-3.870000e-03	1.967777e-04
-3.860000e-03	1.965060e-04
-3.850000e-03	1.962343e-04
-3.840000e-03	1.959626e-04
-3.830000e-03	1.956909e-04
-3.820000e-03	1.954192e-04
-3.810000e-03	1.951475e-04
-3.800000e-03	1.948758e-04
-3.790000e-03	1.946042e-04
-3.780000e-03	1.943325e-04
-3.770000e-03	1.940608e-04
-3.760000e-03	1.937891e-04
-3.750000e-03	1.935174e-04
-3.740000e-03	1.932457e-04
-3.730000e-03	1.929740e-04
-3.720000e-03	1.927023e-04
-3.710000e-03	1.924306e-04
-3.700000e-03	1.921589e-04
-3.690000e-03	1.918872e-04
-3.680000e-03	1.916155e-04
-3.670000e-03	1.913438e-04
-3.660000e-03	1.910721e-04
-3.650000e-03	1.908005e-04
-3.640000e-03	1.905288e-04
-3.630000e-03	1.902571e-04
-3.620000e-03	1.899854e-04
-3.610000e-03	1.897137e-04
-3.600000e-03	1.894420e-04
-3.590000e-03	1.891703e-04
-3.580000e-03	1.888986e-04
-3.570000e-03	1.886269e-04
-3.560000e-03	1.883552e-04
-3.550000e-03	1.880835e-04
-3.540000e-03	1.878118e-04
-3.530000e-03	1.875401e-04
-3.520000e-03	1.872684e-04
-3.510000e-03	1.869968e-04
-3.500000e-03	1.867251e-04
-3.490000e-03	1.864648e-04
-3.480000e-03	1.862045e-04
-3.470000e-03	1.859442e-04
-3.460000e-03	1.856840e-04
-3.450000e-03	1.854237e-04
-3.440000e-03	1.851634e-04
-3.430000e-03	1.849032e-04
-3.420000e-03	1.846429e-04
-3.410000e-03	1.843826e-04
-3.400000e-03	1.841223e-04
-3.390000e-03	1.838621e-04
-3.380000e-03	1.836018e-04
-3.370000e-03	1.833415e-04
-3.360000e-03	1.830813e-04
-3.350000e-03	1.828210e-04
-3.340000e-03	1.825607e-04
-3.330000e-03	1.823004e-04
-3.320000e-03	1.820402e-04
-3.310000e-03	1.817799e-04
-3.300000e-03	1.815196e-04
-3.290000e-03	1.812594e-04
-3.280000e-03	1.809991e-04
-3.270000e-03	1.807388e-04
-3.260000e-03	1.804785e-04
-3.250000e-03	1.802183e-04
-3.240000e-03	1.799580e-04
-3.230000e-03	1.796977e-04
-3.220000e-03	1.794375e-04
-3.210000e-03	1.791772e-04
-3.200000e-03	1.789169e-04
-3.190000e-03	1.786566e-04
-3.180000e-03	1.783964e-04
-3.170000e-03	1.781361e-04
-3.160000e-03	1.778758e-04
-3.150000e-03	1.776156e-04
-3.140000e-03	1.773553e-04
-3.130000e-03	1.770950e-04
-3.120000e-03	1.768347e-04
-3.110000e-03	1.765745e-04
-3.100000e-03	1.763142e-04
-3.090000e-03	1.760539e-04
-3.080000e-03	1.757937e-04
-3.070000e-03	1.755334e-04
-3.060000e-03	1.752731e-04
-3.050000e-03	1.750128e-04
-3.040000e-03	1.747526e-04
-3.030000e-03	1.744923e-04
-3.020000e-03	1.742320e-04
-3.010000e-03	1.739718e-04
-3.000000e-03	1.737115e-04
-2.990000e-03	1.734512e-04
-2.980000e-03	1.731909e-04
-2.970000e-03	1.729307e-04
-2.960000e-03	1.726704e-04
-2.950000e-03	1.724101e-04
-2.940000e-03	1.721499e-04
-2.930000e-03	1.718896e-04
-2.920000e-03	1.716293e-04
-2.910000e-03	1.713691e-04
-2.900000e-03	1.711088e-04
-2.890000e-03	1.708485e-04
-2.880000e-03	1.705882e-04
-2.870000e-03	1.703280e-04
-2.860000e-03	1.700677e-04
-2.850000e-03	1.698074e-04
-2.840000e-03	1.695472e-04
-2.830000e-03	1.692869e-04
-2.820000e-03	1.690266e-04
-2.810000e-03	1.687663e-04
-2.800000e-03	1.685061e-04
-2.790000e-03	1.682458e-04
-2.780000e-03	1.679855e-04
-2.770000e-03	1.677253e-04
-2.760000e-03	1.674650e-04
-2.750000e-03	1.672047e-04
-2.740000e-03	1.669444e-04
-2.730000e-03	1.666842e-04
-2.720000e-03	1.664239e-04
-2.710000e-03	1.661636e-04
-2.700000e-03	1.659034e-04
-2.690000e-03	1.656431e-04
-2.680000e-03	1.653828e-04
-2.670000e-03	1.651225e-04
-2.660000e-03	1.648623e-04
-2.650000e-03	1.646020e-04
-2.640000e-03	1.643417e-04
-2.630000e-03	1.640815e-04
-2.620000e-03	1.638212e-04
-2.610000e-03	1.635609e-04
-2.600000e-03	1.633006e-04
-2.590000e-03	1.630404e-04
-2.580000e-03	1.627801e-04
-2.570000e-03	1.625198e-04
-2.560000e-03	1.622596e-04
-2.550000e-03	1.619993e-04
-2.540000e-03	1.617390e-04
-2.530000e-03	1.614787e-04
-2.520000e-03	1.612185e-04
-2.510000e-03	1.609582e-04
-2.500000e-03	1.606979e-04
-2.490000e-03	1.604377e-04
-2.480000e-03	1.601774e-04
-2.470000e-03	1.599171e-04
-2.460000e-03	1.596568e-04
-2.450000e-03	1.593966e-04
-2.440000e-03	1.591363e-04
-2.430000e-03	1.588760e-04
-2.420000e-03	1.586158e-04
-2.410000e-03	1.583555e-04
-2.400000e-03	1.580952e-04
-2.390000e-03	1.578349e-04
-2.380000e-03	1.575747e-04
-2.370000e-03	1.573144e-04
-2.360000e-03	1.570541e-04
-2.350000e-03	1.567939e-04
-2.340000e-03	1.565336e-04
-2.330000e-03	1.562733e-04
-2.320000e-03	1.560130e-04
-2.310000e-03	1.557528e-04
-2.300000e-03	1.554925e-04
-2.290000e-03	1.552322e-04
-2.280000e-03	1.549720e-04
-2.270000e-03	1.547117e-04
-2.260000e-03	1.544514e-04
-2.250000e-03	1.541911e-04
-2.240000e-03	1.539309e-04
-2.230000e-03	1.536706e-04
-2.220000e-03	1.534103e-04
-2.210000e-03	1.531501e-04
-2.200000e-03	1.528898e-04
-2.190000e-03	1.526295e-04
-2.180000e-03	1.523692e-04
-2.170000e-03	1.521090e-04
-2.160000e-03	1.518487e-04
-2.150000e-03	1.515884e-04
-2.140000e-03	1.513282e-04
-2.130000e-03	1.510679e-04
-2.120000e-03	1.508076e-04
-2.110000e-03	1.505473e-04
-2.100000e-03	1.502871e-04
-2.090000e-03	1.500268e-04
-2.080000e-03	1.497665e-04
-2.070000e-03	1.495063e-04
-2.060000e-03	1.492460e-04
-2.050000e-03	1.489857e-04
-2.040000e-03	1.487254e-04
-2.030000e-03	1.484652e-04
-2.020000e-03	1.482049e-04
-2.010000e-03	1.479446e-04
-2.000000e-03	1.476844e-04
-1.990000e-03	1.474241e-04
-1.980000e-03	1.471638e-04
-1.970000e-03	1.469035e-04
-1.960000e-03	1.466433e-04
-1.950000e-03	1.463830e-04
-1.940000e-03	1.461227e-04
-1.930000e-03	1.458625e-04
-1.920000e-03	1.456022e-04
-1.910000e-03	1.453419e-04
-1.900000e-03	1.450816e-04
-1.890000e-03	1.448214e-04
-1.880000e-03	1.445611e-04
-1.870000e-03	1.443008e-04
-1.860000e-03	1.440406e-04
-1.850000e-03	1.437803e-04
-1.840000e-03	1.435200e-04
-1.830000e-03	1.432597e-04
-1.820000e-03	1.429995e-04
-1.810000e-03	1.427392e-04
-1.800000e-03	1.424789e-04
-1.790000e-03	1.422187e-04
-1.780000e-03	1.419584e-04
-1.770000e-03	1.416981e-04
-1.760000e-03	1.414378e-04
-1.750000e-03	1.411776e-04
-1.740000e-03	1.409173e-04
-1.730000e-03	1.406570e-04
-1.720000e-03	1.403968e-04
-1.710000e-03	1.401365e-04
-1.700000e-03	1.398762e-04
-1.690000e-03	1.396159e-04
-1.680000e-03	1.393557e-04
-1.670000e-03	1.390954e-04
-1.660000e-03	1.388351e-04
-1.650000e-03	1.385749e-04
-1.640000e-03	1.383146e-04
-1.630000e-03	1.380543e-04
-1.620000e-03	1.377940e-04
-1.610000e-03	1.375338e-04
-1.600000e-03	1.372735e-04
-1.590000e-03	1.370132e-04
-1.580000e-03	1.367530e-04
-1.570000e-03	1.364927e-04
-1.560000e-03	1.362324e-04
-1.550000e-03	1.359721e-04
-1.540000e-03	1.357119e-04
-1.530000e-03	1.354516e-04
-1.520000e-03	1.351913e-04
-1.510000e-03	1.349311e-04
-1.500000e-03	1.346708e-04
-1.490000e-03	1.344327e-04
-1.480000e-03	1.341946e-04
-1.470000e-03	1.339566e-04
-1.460000e-03	1.337185e-04
-1.450000e-03	1.334804e-04
-1.440000e-03	1.332424e-04
-1.430000e-03	1.330043e-04
-1.420000e-03	1.327662e-04
-1.410000e-03	1.325281e-04
-1.400000e-03	1.322901e-04
-1.390000e-03	1.320520e-04
-1.380000e-03	1.318139e-04
-1.370000e-03	1.315758e-04
-1.360000e-03	1.313378e-04
-1.350000e-03	1.310997e-04
-1.340000e-03	1.308616e-04
-1.330000e-03	1.306236e-04
-1.320000e-03	1.303855e-04
-1.310000e-03	1.301474e-04
-1.300000e-03	1.299093e-04
-1.290000e-03	1.296713e-04
-1.280000e-03	1.294332e-04
-1.270000e-03	1.291951e-04
-1.260000e-03	1.289571e-04
-1.250000e-03	1.287190e-04
-1.240000e-03	1.284809e-04
-1.230000e-03	1.282428e-04
-1.220000e-03	1.280048e-04
-1.210000e-03	1.277667e-04
-1.200000e-03	1.275286e-04
-1.190000e-03	1.272906e-04
-1.180000e-03	1.270525e-04
-1.170000e-03	1.268144e-04
-1.160000e-03	1.265763e-04
-1.150000e-03	1.263383e-04
-1.140000e-03	1.261002e-04
-1.130000e-03	1.258621e-04
-1.120000e-03	1.256240e-04
-1.110000e-03	1.253860e-04
-1.100000e-03	1.251479e-04
-1.090000e-03	1.249098e-04
-1.080000e-03	1.246718e-04
-1.070000e-03	1.244337e-04
-1.060000e-03	1.241956e-04
-1.050000e-03	1.239575e-04
-1.040000e-03	1.237195e-04
-1.030000e-03	1.234814e-04
-1.020000e-03	1.232433e-04
-1.010000e-03	1.230053e-04
-1.000000e-03	1.227672e-04
-9.900000e-04	1.225291e-04
-9.800000e-04	1.222910e-04
-9.700000e-04	1.220530e-04
-9.600000e-04	1.218149e-04
-9.500000e-04	1.215768e-04
-9.400000e-04	1.213388e-04
-9.300000e-04	1.211007e-04
-9.200000e-04	1.208626e-04
-9.100000e-04	1.206245e-04
-9.000000e-04	1.203865e-04
-8.900000e-04	1.201484e-04
-8.800000e-04	1.199103e-04
-8.700000e-04	1.196722e-04
-8.600000e-04	1.194342e-04
-8.500000e-04	1.191961e-04
-8.400000e-04	1.189580e-04
-8.300000e-04	1.187200e-04
-8.200000e-04	1.184819e-04
-8.100000e-04	1.182438e-04
-8.000000e-04	1.180057e-04
-7.900000e-04	1.177677e-04
-7.800000e-04	1.175296e-04
-7.700000e-04	1.172915e-04
-7.600000e-04	1.170535e-04
-7.500000e-04	1.168154e-04
-7.400000e-04	1.165773e-04
-7.300000e-04	1.163392e-04
-7.200000e-04	1.161012e-04
-7.100000e-04	1.158631e-04
-7.000000e-04	1.156250e-04
-6.900000e-04	1.153869e-04
-6.800000e-04	1.151489e-04
-6.700000e-04	1.149108e-04
-6.600000e-04	1.146727e-04
-6.500000e-04	1.144347e-04
-6.400000e-04	1.141966e-04
-6.300000e-04	1.139585e-04
-6.200000e-04	1.137204e-04
-6.100000e-04	1.134824e-04
-6.000000e-04	1.132443e-04
-5.900000e-04	1.130062e-04
-5.800000e-04	1.127682e-04
-5.700000e-04	1.125301e-04
-5.600000e-04	1.122920e-04
-5.500000e-04	1.120539e-04
-5.400000e-04	1.118159e-04
-5.300000e-04	1.115778e-04
-5.200000e-04	1.113397e-04
-5.100000e-04	1.111017e-04
-5.000000e-04	1.108636e-04
-4.900000e-04	1.106563e-04
-4.800000e-04	1.104491e-04
-4.700000e-04	1.102418e-04
-4.600000e-04	1.100346e-04
-4.500000e-04	1.098273e-04
-4.400000e-04	1.096201e-04
-4.300000e-04	1.094128e-04
-4.200000e-04	1.092056e-04
-4.100000e-04	1.089983e-04
-4.000000e-04	1.087911e-04
-3.900000e-04	1.085838e-04
-3.800000e-04	1.083766e-04
-3.700000e-04	1.081693e-04
-3.600000e-04	1.079621e-04
-3.500000e-04	1.077548e-04
-3.400000e-04	1.075476e-04
-3.300000e-04	1.073403e-04
-3.200000e-04	1.071330e-04
-3.100000e-04	1.069258e-04
-3.000000e-04	1.067185e-04
-2.900000e-04	1.065113e-04
-2.800000e-04	1.063040e-04
-2.700000e-04	1.060968e-04
-2.600000e-04	1.058895e-04
-2.500000e-04	1.056823e-04
-2.400000e-04	1.054750e-04
-2.300000e-04	1.052678e-04
-2.200000e-04	1.050605e-04
-2.100000e-04	1.048533e-04
-2.000000e-04	1.046460e-04
-1.900000e-04	1.044388e-04
-1.800000e-04	1.042315e-04
-1.700000e-04	1.040243e-04
-1.600000e-04	1.038170e-04
-1.500000e-04	1.036098e-04
-1.400000e-04	1.034025e-04
-1.300000e-04	1.031953e-04
-1.200000e-04	1.029880e-04
-1.100000e-04	1.027808e-04
-1.000000e-04	1.025735e-04
-9.000000e-05	1.023663e-04
-8.000000e-05	1.021590e-04
-7.000000e-05	1.019518e-04
-6.000000e-05	1.017445e-04
-5.000000e-05	1.015372e-04
-4.000000e-05	1.013300e-04
-3.000000e-05	1.011227e-04
-2.000000e-05	1.009155e-04
-1.000000e-05	1.007082e-04
-3.053113e-16	1.005010e-04
1.000000e-05	1.002937e-04
2.000000e-05	1.000865e-04
3.000000e-05	9.987923e-05
4.000000e-05	9.967198e-05
5.000000e-05	9.946473e-05
6.000000e-05	9.925748e-05
7.000000e-05	9.905022e-05
8.000000e-05	9.884297e-05
9.000000e-05	9.863572e-05
1.000000e-04	9.842847e-05
1.100000e-04	9.822122e-05
1.200000e-04	9.801397e-05
1.300000e-04	9.780671e-05
1.400000e-04	9.759946e-05
1.500000e-04	9.739221e-05
1.600000e-04	9.718496e-05
1.700000e-04	9.697771e-05
1.800000e-04	9.677045e-05
1.900000e-04	9.656320e-05
2.000000e-04	9.635595e-05
2.100000e-04	9.614870e-05
2.200000e-04	9.594145e-05
2.300000e-04	9.573420e-05
2.400000e-04	9.552694e-05
2.500000e-04	9.531969e-05
2.600000e-04	9.511244e-05
2.700000e-04	9.490519e-05
2.800000e-04	9.469794e-05
2.900000e-04	9.449068e-05
3.000000e-04	9.428343e-05
3.100000e-04	9.407618e-05
3.200000e-04	9.386893e-05
3.300000e-04	9.366168e-05
3.400000e-04	9.345443e-05
3.500000e-04	9.324717e-05
3.600000e-04	9.303992e-05
3.700000e-04	9.283267e-05
3.800000e-04	9.262542e-05
3.900000e-04	9.241817e-05
4.000000e-04	9.221091e-05
4.100000e-04	9.200366e-05
4.200000e-04	9.179641e-05
4.300000e-04	9.158916e-05
4.400000e-04	9.138191e-05
4.500000e-04	9.117465e-05
4.600000e-04	9.096740e-05
4.700000e-04	9.076015e-05
4.800000e-04	9.055290e-05
4.900000e-04	9.034565e-05
5.000000e-04	9.013840e-05
5.100000e-04	8.998793e-05
5.200000e-04	8.983747e-05
5.300000e-04	8.968700e-05
5.400000e-04	8.953654e-05
5.500000e-04	8.938608e-05
5.600000e-04	8.923561e-05
5.700000e-04	8.908515e-05
5.800000e-04	8.893469e-05
5.900000e-04	8.878422e-05
6.000000e-04	8.863376e-05
6.100000e-04	8.848329e-05
6.200000e-04	8.833283e-05
6.300000e-04	8.818237e-05
6.400000e-04	8.803190e-05
6.500000e-04	8.788144e-05
6.600000e-04	8.773098e-05
6.700000e-04	8.758051e-05
6.800000e-04	8.743005e-05
6.900000e-04	8.727958e-05
7.000000e-04	8.712912e-05
7.100000e-04	8.697866e-05
7.200000e-04	8.682819e-05
7.300000e-04	8.667773e-05
7.400000e-04	8.652727e-05
7.500000e-04	8.637680e-05
7.600000e-04	8.622634e-05
7.700000e-04	8.607588e-05
7.800000e-04	8.592541e-05
7.900000e-04	8.577495e-05
8.000000e-04	8.562448e-05
8.100000e-04	8.547402e-05
8.200000e-04	8.532356e-05
8.300000e-04	8.517309e-05
8.400000e-04	8.502263e-05
8.500000e-04	8.487217e-05
8.600000e-04	8.472170e-05
8.700000e-04	8.457124e-05
8.800000e-04	8.442077e-05
8.900000e-04	8.427031e-05
9.000000e-04	8.411985e-05
9.100000e-04	8.396938e-05
9.200000e-04	8.381892e-05
9.300000e-04	8.366846e-05
9.400000e-04	8.351799e-05
9.500000e-04	8.336753e-05
9.600000e-04	8.321706e-05
9.700000e-04	8.306660e-05
9.800000e-04	8.291614e-05
9.900000e-04	8.276567e-05
1.000000e-03	8.261521e-05
1.010000e-03	8.246475e-05
1.020000e-03	8.231428e-05
1.030000e-03	8.216382e-05
1.040000e-03	8.201335e-05
1.050000e-03	8.186289e-05
1.060000e-03	8.171243e-05
1.070000e-03	8.156196e-05
1.080000e-03	8.141150e-05
1.090000e-03	8.126104e-05
1.100000e-03	8.111057e-05
1.110000e-03	8.096011e-05
1.120000e-03	8.080964e-05
1.130000e-03	8.065918e-05
1.140000e-03	8.050872e-05
1.150000e-03	8.035825e-05
1.160000e-03	8.020779e-05
1.170000e-03	8.005733e-05
1.180000e-03	7.990686e-05
1.190000e-03	7.975640e-05
1.200000e-03	7.960593e-05
1.210000e-03	7.945547e-05
1.220000e-03	7.930501e-05
1.230000e-03	7.915454e-05
1.240000e-03	7.900408e-05
1.250000e-03	7.885362e-05
1.260000e-03	7.870315e-05
1.270000e-03	7.855269e-05
1.280000e-03	7.840223e-05
1.290000e-03	7.825176e-05
1.300000e-03	7.810130e-05
1.310000e-03	7.795083e-05
1.320000e-03	7.780037e-05
1.330000e-03	7.764991e-05
1.340000e-03	7.749944e-05
1.350000e-03	7.734898e-05
1.360000e-03	7.719852e-05
1.370000e-03	7.704805e-05
1.380000e-03	7.689759e-05
1.390000e-03	7.674712e-05
1.400000e-03	7.659666e-05
1.410000e-03	7.644620e-05
1.420000e-03	7.629573e-05
1.430000e-03	7.614527e-05
1.440000e-03	7.599481e-05
1.450000e-03	7.584434e-05
1.460000e-03	7.569388e-05
1.470000e-03	7.554341e-05
1.480000e-03	7.539295e-05
1.490000e-03	7.524249e-05
1.500000e-03	7.509202e-05
1.510000e-03	7.503626e-05
1.520000e-03	7.498049e-05
1.530000e-03	7.492472e-05
1.540000e-03	7.486895e-05
1.550000e-03	7.481319e-05
1.560000e-03	7.475742e-05
1.570000e-03	7.470165e-05
1.580000e-03	7.464589e-05
1.590000e-03	7.459012e-05
1.600000e-03	7.453435e-05
1.610000e-03	7.447858e-05
1.620000e-03	7.442282e-05
1.630000e-03	7.436705e-05
1.640000e-03	7.431128e-05
1.650000e-03	7.425552e-05
1.660000e-03	7.419975e-05
1.670000e-03	7.414398e-05
1.680000e-03	7.408821e-05
1.690000e-03	7.403245e-05
1.700000e-03	7.397668e-05
1.710000e-03	7.392091e-05
1.720000e-03	7.386515e-05
1.730000e-03	7.380938e-05
1.740000e-03	7.375361e-05
1.750000e-03	7.369784e-05
1.760000e-03	7.364208e-05
1.770000e-03	7.358631e-05
1.780000e-03	7.353054e-05
1.790000e-03	7.347478e-05
1.800000e-03	7.341901e-05
1.810000e-03	7.336324e-05
1.820000e-03	7.330747e-05
1.830000e-03	7.325171e-05
1.840000e-03	7.319594e-05
1.850000e-03	7.314017e-05
1.860000e-03	7.308441e-05
1.870000e-03	7.302864e-05
1.880000e-03	7.297287e-05
1.890000e-03	7.291710e-05
1.900000e-03	7.286134e-05
1.910000e-03	7.280557e-05
1.920000e-03	7.274980e-05
1.930000e-03	7.269404e-05
1.940000e-03	7.263827e-05
1.950000e-03	7.258250e-05
1.960000e-03	7.252673e-05
1.970000e-03	7.247097e-05
1.980000e-03	7.241520e-05
1.990000e-03	7.235943e-05
2.000000e-03	7.230367e-05
2.010000e-03	7.224790e-05
2.020000e-03	7.219213e-05
2.030000e-03	7.213636e-05
2.040000e-03	7.208060e-05
2.050000e-03	7.202483e-05
2.060000e-03	7.196906e-05
2.070000e-03	7.191330e-05
2.080000e-03	7.185753e-05
2.090000e-03	7.180176e-05
2.100000e-03	7.174599e-05
2.110000e-03	7.169023e-05
2.120000e-03	7.163446e-05
2.130000e-03	7.157869e-05
2.140000e-03	7.152293e-05
2.150000e-03	7.146716e-05
2.160000e-03	7.141139e-05
2.170000e-03	7.135562e-05
2.180000e-03	7.129986e-05
2.190000e-03	7.124409e-05
2.200000e-03	7.118832e-05
2.210000e-03	7.113255e-05
2.220000e-03	7.107679e-05
2.230000e-03	7.102102e-05
2.240000e-03	7.096525e-05
2.250000e-03	7.090949e-05
2.260000e-03	7.085372e-05
2.270000e-03	7.079795e-05
2.280000e-03	7.074218e-05
2.290000e-03	7.068642e-05
2.300000e-03	7.063065e-05
2.310000e-03	7.057488e-05
2.320000e-03	7.051912e-05
2.330000e-03	7.046335e-05
2.340000e-03	7.040758e-05
2.350000e-03	7.035181e-05
2.360000e-03	7.029605e-05
2.370000e-03	7.024028e-05
2.380000e-03	7.018451e-05
2.390000e-03	7.012875e-05
2.400000e-03	7.007298e-05
2.410000e-03	7.001721e-05
2.420000e-03	6.996144e-05
2.430000e-03	6.990568e-05
2.440000e-03	6.984991e-05
2.450000e-03	6.979414e-05
2.460000e-03	6.973838e-05
2.470000e-03	6.968261e-05
2.480000e-03	6.962684e-05
2.490000e-03	6.957107e-05
2.500000e-03	6.951531e-05
2.510000e-03	6.957551e-05
2.520000e-03	6.963571e-05
2.530000e-03	6.969592e-05
2.540000e-03	6.975612e-05
2.550000e-03	6.981632e-05
2.560000e-03	6.987653e-05
2.570000e-03	6.993673e-05
2.580000e-03	6.999693e-05
2.590000e-03	7.005713e-05
2.600000e-03	7.011734e-05
2.610000e-03	7.017754e-05
2.620000e-03	7.023774e-05
2.630000e-03	7.029795e-05
2.640000e-03	7.035815e-05
2.650000e-03	7.041835e-05
2.660000e-03	7.047856e-05
2.670000e-03	7.053876e-05
2.680000e-03	7.059896e-05
2.690000e-03	7.065916e-05
2.700000e-03	7.071937e-05
2.710000e-03	7.077957e-05
2.720000e-03	7.083977e-05
2.730000e-03	7.089998e-05
2.740000e-03	7.096018e-05
2.750000e-03	7.102038e-05
2.760000e-03	7.108059e-05
2.770000e-03	7.114079e-05
2.780000e-03	7.120099e-05
2.790000e-03	7.126120e-05
2.800000e-03	7.132140e-05
2.810000e-03	7.138160e-05
2.820000e-03	7.144180e-05
2.830000e-03	7.150201e-05
2.840000e-03	7.156221e-05
2.850000e-03	7.162241e-05
2.860000e-03	7.168262e-05
2.870000e-03	7.174282e-05
2.880000e-03	7.180302e-05
2.890000e-03	7.186323e-05
2.900000e-03	7.192343e-05
2.910000e-03	7.198363e-05
2.920000e-03	7.204383e-05
2.930000e-03	7.210404e-05
2.940000e-03	7.216424e-05
2.950000e-03	7.222444e-05
2.960000e-03	7.228465e-05
2.970000e-03	7.234485e-05
2.980000e-03	7.240505e-05
2.990000e-03	7.246526e-05
3.000000e-03	7.252546e-05
3.010000e-03	7.258566e-05
3.020000e-03	7.264586e-05
3.030000e-03	7.270607e-05
3.040000e-03	7.276627e-05
3.050000e-03	7.282647e-05
3.060000e-03	7.288668e-05
3.070000e-03	7.294688e-05
3.080000e-03	7.300708e-05
3.090000e-03	7.306729e-05
3.100000e-03	7.312749e-05
3.110000e-03	7.318769e-05
3.120000e-03	7.324790e-05
3.130000e-03	7.330810e-05
3.140000e-03	7.336830e-05
3.150000e-03	7.342850e-05
3.160000e-03	7.348871e-05
3.170000e-03	7.354891e-05
3.180000e-03	7.360911e-05
3.190000e-03	7.366932e-05
3.200000e-03	7.372952e-05
3.210000e-03	7.378972e-05
3.220000e-03	7.384993e-05
3.230000e-03	7.391013e-05
3.240000e-03	7.397033e-05
3.250000e-03	7.403053e-05
3.260000e-03	7.409074e-05
3.270000e-03	7.415094e-05
3.280000e-03	7.421114e-05
3.290000e-03	7.427135e-05
3.300000e-03	7.433155e-05
3.310000e-03	7.439175e-05
3.320000e-03	7.445196e-05
3.330000e-03	7.451216e-05
3.340000e-03	7.457236e-05
3.350000e-03	7.463256e-05
3.360000e-03	7.469277e-05
3.370000e-03	7.475297e-05
3.380000e-03	7.481317e-05
3.390000e-03	7.487338e-05
3.400000e-03	7.493358e-05
3.410000e-03	7.499378e-05
3.420000e-03	7.505399e-05
3.430000e-03	7.511419e-05
3.440000e-03	7.517439e-05
3.450000e-03	7.523459e-05
3.460000e-03	7.529480e-05
3.470000e-03	7.535500e-05
3.480000e-03	7.541520e-05
3.490000e-03	7.547541e-05
3.500000e-03	7.553561e-05
3.510000e-03	7.568902e-05
3.520000e-03	7.584243e-05
3.530000e-03	7.599584e-05
3.540000e-03	7.614925e-05
3.550000e-03	7.630266e-05
3.560000e-03	7.645607e-05
3.570000e-03	7.660948e-05
3.580000e-03	7.676289e-05
3.590000e-03	7.691630e-05
3.600000e-03	7.706971e-05
3.610000e-03	7.722312e-05
3.620000e-03	7.737653e-05
3.630000e-03	7.752994e-05
3.640000e-03	7.768335e-05
3.650000e-03	7.783676e-05
3.660000e-03	7.799017e-05
3.670000e-03	7.814358e-05
3.680000e-03	7.829700e-05
3.690000e-03	7.845041e-05
3.700000e-03	7.860382e-05
3.710000e-03	7.875723e-05
3.720000e-03	7.891064e-05
3.730000e-03	7.906405e-05
3.740000e-03	7.921746e-05
3.750000e-03	7.937087e-05
3.760000e-03	7.952428e-05
3.770000e-03	7.967769e-05
3.780000e-03	7.983110e-05
3.790000e-03	7.998451e-05
3.800000e-03	8.013792e-05
3.810000e-03	8.029133e-05
3.820000e-03	8.044474e-05
3.830000e-03	8.059815e-05
3.840000e-03	8.075156e-05
3.850000e-03	8.090497e-05
3.860000e-03	8.105838e-05
3.870000e-03	8.121179e-05
3.880000e-03	8.136520e-05
3.890000e-03	8.151861e-05
3.900000e-03	8.167202e-05
3.910000e-03	8.182543e-05
3.920000e-03	8.197884e-05
3.930000e-03	8.213225e-05
3.940000e-03	8.228566e-05
3.950000e-03	8.243907e-05
3.960000e-03	8.259248e-05
3.970000e-03	8.274589e-05
3.980000e-03	8.289930e-05
3.990000e-03	8.305271e-05
4.000000e-03	8.320612e-05
4.010000e-03	8.335953e-05
4.020000e-03	8.351294e-05
4.030000e-03	8.366635e-05
4.040000e-03	8.381976e-05
4.050000e-03	8.397318e-05
4.060000e-03	8.412659e-05
4.070000e-03	8.428000e-05
4.080000e-03	8.443341e-05
4.090000e-03	8.458682e-05
4.100000e-03	8.474023e-05
4.110000e-03	8.489364e-05
4.120000e-03	8.504705e-05
4.130000e-03	8.520046e-05
4.140000e-03	8.535387e-05
4.150000e-03	8.550728e-05
4.160000e-03	8.566069e-05
4.170000e-03	8.581410e-05
4.180000e-03	8.596751e-05
4.190000e-03	8.612092e-05
4.200000e-03	8.627433e-05
4.210000e-03	8.642774e-05
4.220000e-03	8.658115e-05
4.230000e-03	8.673456e-05
4.240000e-03	8.688797e-05
4.250000e-03	8.704138e-05
4.260000e-03	8.719479e-05
4.270000e-03	8.734820e-05
4.280000e-03	8.750161e-05
4.290000e-03	8.765502e-05
4.300000e-03	8.780843e-05
4.310000e-03	8.796184e-05
4.320000e-03	8.811525e-05
4.330000e-03	8.826866e-05
4.340000e-03	8.842207e-05
4.350000e-03	8.857548e-05
4.360000e-03	8.872889e-05
4.370000e-03	8.888230e-05
4.380000e-03	8.903571e-05
4.390000e-03	8.918912e-05
4.400000e-03	8.934253e-05
4.410000e-03	8.949595e-05
4.420000e-03	8.964936e-05
4.430000e-03	8.980277e-05
4.440000e-03	8.995618e-05
4.450000e-03	9.010959e-05
4.460000e-03	9.026300e-05
4.470000e-03	9.041641e-05
4.480000e-03	9.056982e-05
4.490000e-03	9.072323e-05
4.500000e-03	9.087664e-05
4.510000e-03	9.108551e-05
4.520000e-03	9.129438e-05
4.530000e-03	9.150326e-05
4.540000e-03	9.171213e-05
4.550000e-03	9.192100e-05
4.560000e-03	9.212988e-05
4.570000e-03	9.233875e-05
4.580000e-03	9.254762e-05
4.590000e-03	9.275650e-05
4.600000e-03	9.296537e-05
4.610000e-03	9.317424e-05
4.620000e-03	9.338312e-05
4.630000e-03	9.359199e-05
4.640000e-03	9.380086e-05
4.650000e-03	9.400974e-05
4.660000e-03	9.421861e-05
4.670000e-03	9.442748e-05
4.680000e-03	9.463636e-05
4.690000e-03	9.484523e-05
4.700000e-03	9.505410e-05
4.710000e-03	9.526298e-05
4.720000e-03	9.547185e-05
4.730000e-03	9.568072e-05
4.740000e-03	9.588959e-05
4.750000e-03	9.609847e-05
4.760000e-03	9.630734e-05
4.770000e-03	9.651621e-05
4.780000e-03	9.672509e-05
4.790000e-03	9.693396e-05
4.800000e-03	9.714283e-05
4.810000e-03	9.735171e-05
4.820000e-03	9.756058e-05
4.830000e-03	9.776945e-05
4.840000e-03	9.797833e-05
4.850000e-03	9.818720e-05
4.860000e-03	9.839607e-05
4.870000e-03	9.860495e-05
4.880000e-03	9.881382e-05
4.890000e-03	9.902269e-05
4.900000e-03	9.923157e-05
4.910000e-03	9.944044e-05
4.920000e-03	9.964931e-05
4.930000e-03	9.985819e-05
4.940000e-03	1.000671e-04
4.950000e-03	1.002759e-04
4.960000e-03	1.004848e-04
4.970000e-03	1.006937e-04
4.980000e-03	1.009026e-04
4.990000e-03	1.011114e-04
5.000000e-03	1.013203e-04
5.010000e-03	1.015292e-04
5.020000e-03	1.017380e-04
5.030000e-03	1.019469e-04
5.040000e-03	1.021558e-04
5.050000e-03	1.023647e-04
5.060000e-03	1.025735e-04
5.070000e-03	1.027824e-04
5.080000e-03	1.029913e-04
5.090000e-03	1.032002e-04
5.100000e-03	1.034090e-04
5.110000e-03	1.036179e-04
5.120000e-03	1.038268e-04
5.130000e-03	1.040357e-04
5.140000e-03	1.042445e-04
5.150000e-03	1.044534e-04
5.160000e-03	1.046623e-04
5.170000e-03	1.048711e-04
5.180000e-03	1.050800e-04
5.190000e-03	1.052889e-04
5.200000e-03	1.054978e-04
5.210000e-03	1.057066e-04
5.220000e-03	1.059155e-04
5.230000e-03	1.061244e-04
5.240000e-03	1.063333e-04
5.250000e-03	1.065421e-04
5.260000e-03	1.067510e-04
5.270000e-03	1.069599e-04
5.280000e-03	1.071687e-04
5.290000e-03	1.073776e-04
5.300000e-03	1.075865e-04
5.310000e-03	1.077954e-04
5.320000e-03	1.080042e-04
5.330000e-03	1.082131e-04
5.340000e-03	1.084220e-04
5.350000e-03	1.086309e-04
5.360000e-03	1.088397e-04
5.370000e-03	1.090486e-04
5.380000e-03	1.092575e-04
5.390000e-03	1.094664e-04
5.400000e-03	1.096752e-04
5.410000e-03	1.098841e-04
5.420000e-03	1.100930e-04
5.430000e-03	1.103018e-04
5.440000e-03	1.105107e-04
5.450000e-03	1.107196e-04
5.460000e-03	1.109285e-04
5.470000e-03	1.111373e-04
5.480000e-03	1.113462e-04
5.490000e-03	1.115551e-04
5.500000e-03	1.117640e-04
5.510000e-03	1.120239e-04
5.520000e-03	1.122839e-04
5.530000e-03	1.125438e-04
5.540000e-03	1.128038e-04
5.550000e-03	1.130637e-04
5.560000e-03	1.133237e-04
5.570000e-03	1.135837e-04
5.580000e-03	1.138436e-04
5.590000e-03	1.141036e-04
5.600000e-03	1.143635e-04
5.610000e-03	1.146235e-04
5.620000e-03	1.148834e-04
5.630000e-03	1.151434e-04
5.640000e-03	1.154034e-04
5.650000e-03	1.156633e-04
5.660000e-03	1.159233e-04
5.670000e-03	1.161832e-04
5.680000e-03	1.164432e-04
5.690000e-03	1.167031e-04
5.700000e-03	1.169631e-04
5.710000e-03	1.172231e-04
5.720000e-03	1.174830e-04
5.730000e-03	1.177430e-04
5.740000e-03	1.180029e-04
5.750000e-03	1.182629e-04
5.760000e-03	1.185228e-04
5.770000e-03	1.187828e-04
5.780000e-03	1.190428e-04
5.790000e-03	1.193027e-04
5.800000e-03	1.195627e-04
5.810000e-03	1.198226e-04
5.820000e-03	1.200826e-04
5.830000e-03	1.203425e-04
5.840000e-03	1.206025e-04
5.850000e-03	1.208624e-04
5.860000e-03	1.211224e-04
5.870000e-03	1.213824e-04
5.880000e-03	1.216423e-04
5.890000e-03	1.219023e-04
5.900000e-03	1.221622e-04
5.910000e-03	1.224222e-04
5.920000e-03	1.226821e-04
5.930000e-03	1.229421e-04
5.940000e-03	1.232021e-04
5.950000e-03	1.234620e-04
5.960000e-03	1.237220e-04
5.970000e-03	1.239819e-04
5.980000e-03	1.242419e-04
5.990000e-03	1.245018e-04
6.000000e-03	1.247618e-04
6.010000e-03	1.250218e-04
6.020000e-03	1.252817e-04
6.030000e-03	1.255417e-04
6.040000e-03	1.258016e-04
6.050000e-03	1.260616e-04
6.060000e-03	1.263215e-04
6.070000e-03	1.265815e-04
6.080000e-03	1.268415e-04
6.090000e-03	1.271014e-04
6.100000e-03	1.273614e-04
6.110000e-03	1.276213e-04
6.120000e-03	1.278813e-04
6.130000e-03	1.281412e-04
6.140000e-03	1.284012e-04
6.150000e-03	1.286612e-04
6.160000e-03	1.289211e-04
6.170000e-03	1.291811e-04
6.180000e-03	1.294410e-04
6.190000e-03	1.297010e-04
6.200000e-03	1.299609e-04
6.210000e-03	1.302209e-04
6.220000e-03	1.304809e-04
6.230000e-03	1.307408e-04
6.240000e-03	1.310008e-04
6.250000e-03	1.312607e-04
6.260000e-03	1.315207e-04
6.270000e-03	1.317806e-04
6.280000e-03	1.320406e-04
6.290000e-03	1.323006e-04
6.300000e-03	1.325605e-04
6.310000e-03	1.328205e-04
6.320000e-03	1.330804e-04
6.330000e-03	1.333404e-04
6.340000e-03	1.336003e-04
6.350000e-03	1.338603e-04
6.360000e-03	1.341202e-04
6.370000e-03	1.343802e-04
6.380000e-03	1.346402e-04
6.390000e-03	1.349001e-04
6.400000e-03	1.351601e-04
6.410000e-03	1.354200e-04
6.420000e-03	1.356800e-04
6.430000e-03	1.359399e-04
6.440000e-03	1.361999e-04
6.450000e-03	1.364599e-04
6.460000e-03	1.367198e-04
6.470000e-03	1.369798e-04
6.480000e-03	1.372397e-04
6.490000e-03	1.374997e-04
6.500000e-03	1.377596e-04
6.510000e-03	1.380196e-04
6.520000e-03	1.382796e-04
6.530000e-03	1.385395e-04
6.540000e-03	1.387995e-04
6.550000e-03	1.390594e-04
6.560000e-03	1.393194e-04
6.570000e-03	1.395793e-04
6.580000e-03	1.398393e-04
6.590000e-03	1.400993e-04
6.600000e-03	1.403592e-04
6.610000e-03	1.406192e-04
6.620000e-03	1.408791e-04
6.630000e-03	1.411391e-04
6.640000e-03	1.413990e-04
6.650000e-03	1.416590e-04
6.660000e-03	1.419190e-04
6.670000e-03	1.421789e-04
6.680000e-03	1.424389e-04
6.690000e-03	1.426988e-04
6.700000e-03	1.429588e-04
6.710000e-03	1.432187e-04
6.720000e-03	1.434787e-04
6.730000e-03	1.437387e-04
6.740000e-03	1.439986e-04
6.750000e-03	1.442586e-04
6.760000e-03	1.445185e-04
6.770000e-03	1.447785e-04
6.780000e-03	1.450384e-04
6.790000e-03	1.452984e-04
6.800000e-03	1.455583e-04
6.810000e-03	1.458183e-04
6.820000e-03	1.460783e-04
6.830000e-03	1.463382e-04
6.840000e-03	1.465982e-04
6.850000e-03	1.468581e-04
6.860000e-03	1.471181e-04
6.870000e-03	1.473780e-04
6.880000e-03	1.476380e-04
6.890000e-03	1.478980e-04
6.900000e-03	1.481579e-04
6.910000e-03	1.484179e-04
6.920000e-03	1.486778e-04
6.930000e-03	1.489378e-04
6.940000e-03	1.491977e-04
6.950000e-03	1.494577e-04
6.960000e-03	1.497177e-04
6.970000e-03	1.499776e-04
6.980000e-03	1.502376e-04
6.990000e-03	1.504975e-04
7.000000e-03	1.507575e-04
7.010000e-03	1.510174e-04
7.020000e-03	1.512774e-04
7.030000e-03	1.515374e-04
7.040000e-03	1.517973e-04
7.050000e-03	1.520573e-04
7.060000e-03	1.523172e-04
7.070000e-03	1.525772e-04
7.080000e-03	1.528371e-04
7.090000e-03	1.530971e-04
7.100000e-03	1.533571e-04
7.110000e-03	1.536170e-04
7.120000e-03	1.538770e-04
7.130000e-03	1.541369e-04
7.140000e-03	1.543969e-04
7.150000e-03	1.546568e-04
7.160000e-03	1.549168e-04
7.170000e-03	1.551768e-04
7.180000e-03	1.554367e-04
7.190000e-03	1.556967e-04
7.200000e-03	1.559566e-04
7.210000e-03	1.562166e-04
7.220000e-03	1.564765e-04
7.230000e-03	1.567365e-04
7.240000e-03	1.569965e-04
7.250000e-03	1.572564e-04
7.260000e-03	1.575164e-04
7.270000e-03	1.577763e-04
7.280000e-03	1.580363e-04
7.290000e-03	1.582962e-04
7.300000e-03	1.585562e-04
7.310000e-03	1.588161e-04
7.320000e-03	1.590761e-04
7.330000e-03	1.593361e-04
7.340000e-03	1.595960e-04
7.350000e-03	1.598560e-04
7.360000e-03	1.601159e-04
7.370000e-03	1.603759e-04
7.380000e-03	1.606358e-04
7.390000e-03	1.608958e-04
7.400000e-03	1.611558e-04
7.410000e-03	1.614157e-04
7.420000e-03	1.616757e-04
7.430000e-03	1.619356e-04
7.440000e-03	1.621956e-04
7.450000e-03	1.624555e-04
7.460000e-03	1.627155e-04
7.470000e-03	1.629755e-04
7.480000e-03	1.632354e-04
7.490000e-03	1.634954e-04
7.500000e-03	1.637553e-04
7.510000e-03	1.640153e-04
7.520000e-03	1.642752e-04
7.530000e-03	1.645352e-04
7.540000e-03	1.647952e-04
7.550000e-03	1.650551e-04
7.560000e-03	1.653151e-04
7.570000e-03	1.655750e-04
7.580000e-03	1.658350e-04
7.590000e-03	1.660949e-04
7.600000e-03	1.663549e-04
7.610000e-03	1.666149e-04
7.620000e-03	1.668748e-04
7.630000e-03	1.671348e-04
7.640000e-03	1.673947e-04
7.650000e-03	1.676547e-04
7.660000e-03	1.679146e-04
7.670000e-03	1.681746e-04
7.680000e-03	1.684346e-04
7.690000e-03	1.686945e-04
7.700000e-03	1.689545e-04
7.710000e-03	1.692144e-04
7.720000e-03	1.694744e-04
7.730000e-03	1.697343e-04
7.740000e-03	1.699943e-04
7.750000e-03	1.702542e-04
7.760000e-03	1.705142e-04
7.770000e-03	1.707742e-04
7.780000e-03	1.710341e-04
7.790000e-03	1.712941e-04
7.800000e-03	1.715540e-04
7.810000e-03	1.718140e-04
7.820000e-03	1.720739e-04
7.830000e-03	1.723339e-04
7.840000e-03	1.725939e-04
7.850000e-03	1.728538e-04
7.860000e-03	1.731138e-04
7.870000e-03	1.733737e-04
7.880000e-03	1.736337e-04
7.890000e-03	1.738936e-04
7.900000e-03	1.741536e-04
7.910000e-03	1.744136e-04
7.920000e-03	1.746735e-04
7.930000e-03	1.749335e-04
7.940000e-03	1.751934e-04
7.950000e-03	1.754534e-04
7.960000e-03	1.757133e-04
7.970000e-03	1.759733e-04
7.980000e-03	1.762333e-04
7.990000e-03	1.764932e-04
8.000000e-03	1.767532e-04
8.010000e-03	1.770131e-04
8.020000e-03	1.772731e-04
8.030000e-03	1.775330e-04
8.040000e-03	1.777930e-04
8.050000e-03	1.780530e-04
8.060000e-03	1.783129e-04
8.070000e-03	1.785729e-04
8.080000e-03	1.788328e-04
8.090000e-03	1.790928e-04
8.100000e-03	1.793527e-04
8.110000e-03	1.796127e-04
8.120000e-03	1.798727e-04
8.130000e-03	1.801326e-04
8.140000e-03	1.803926e-04
8.150000e-03	1.806525e-04
8.160000e-03	1.809125e-04
8.170000e-03	1.811724e-04
8.180000e-03	1.814324e-04
8.190000e-03	1.816924e-04
8.200000e-03	1.819523e-04
8.210000e-03	1.822123e-04
8.220000e-03	1.824722e-04
8.230000e-03	1.827322e-04
8.240000e-03	1.829921e-04
8.250000e-03	1.832521e-04
8.260000e-03	1.835120e-04
8.270000e-03	1.837720e-04
8.280000e-03	1.840320e-04
8.290000e-03	1.842919e-04
8.300000e-03	1.845519e-04
8.310000e-03	1.848118e-04
8.320000e-03	1.850718e-04
8.330000e-03	1.853317e-04
8.340000e-03	1.855917e-04
8.350000e-03	1.858517e-04
8.360000e-03	1.861116e-04
8.370000e-03	1.863716e-04
8.380000e-03	1.866315e-04
8.390000e-03	1.868915e-04
8.400000e-03	1.871514e-04
8.410000e-03	1.874114e-04
8.420000e-03	1.876714e-04
8.430000e-03	1.879313e-04
8.440000e-03	1.881913e-04
8.450000e-03	1.884512e-04
8.460000e-03	1.887112e-04
8.470000e-03	1.889711e-04
8.480000e-03	1.892311e-04
8.490000e-03	1.894911e-04
8.500000e-03	1.897510e-04
8.510000e-03	1.900110e-04
8.520000e-03	1.902709e-04
8.530000e-03	1.905309e-04
8.540000e-03	1.907908e-04
8.550000e-03	1.910508e-04
8.560000e-03	1.913108e-04
8.570000e-03	1.915707e-04
8.580000e-03	1.918307e-04
8.590000e-03	1.920906e-04
8.600000e-03	1.923506e-04
8.610000e-03	1.926105e-04
8.620000e-03	1.928705e-04
8.630000e-03	1.931305e-04
8.640000e-03	1.933904e-04
8.650000e-03	1.936504e-04
8.660000e-03	1.939103e-04
8.670000e-03	1.941703e-04
8.680000e-03	1.944302e-04
8.690000e-03	1.946902e-04
8.700000e-03	1.949501e-04
8.710000e-03	1.952101e-04
8.720000e-03	1.954701e-04
8.730000e-03	1.957300e-04
8.740000e-03	1.959900e-04
8.750000e-03	1.962499e-04
8.760000e-03	1.965099e-04
8.770000e-03	1.967698e-04
8.780000e-03	1.970298e-04
8.790000e-03	1.972898e-04
8.800000e-03	1.975497e-04
8.810000e-03	1.978097e-04
8.820000e-03	1.980696e-04
8.830000e-03	1.983296e-04
8.840000e-03	1.985895e-04
8.850000e-03	1.988495e-04
8.860000e-03	1.991095e-04
8.870000e-03	1.993694e-04
8.880000e-03	1.996294e-04
8.890000e-03	1.998893e-04
8.900000e-03	2.001493e-04
8.910000e-03	2.004092e-04
8.920000e-03	2.006692e-04
8.930000e-03	2.009292e-04
8.940000e-03	2.011891e-04
8.950000e-03	2.014491e-04
8.960000e-03	2.017090e-04
8.970000e-03	2.019690e-04
8.980000e-03	2.022289e-04
8.990000e-03	2.024889e-04
9.000000e-03	2.027489e-04
9.010000e-03	2.030088e-04
9.020000e-03	2.032688e-04
9.030000e-03	2.035287e-04
9.040000e-03	2.037887e-04
9.050000e-03	2.040486e-04
9.060000e-03	2.043086e-04
9.070000e-03	2.045686e-04
9.080000e-03	2.048285e-04
9.090000e-03	2.050885e-04
9.100000e-03	2.053484e-04
9.110000e-03	2.056084e-04
9.120000e-03	2.058683e-04
9.130000e-03	2.061283e-04
9.140000e-03	2.063883e-04
9.150000e-03	2.066482e-04
9.160000e-03	2.069082e-04
9.170000e-03	2.071681e-04
9.180000e-03	2.074281e-04
9.190000e-03	2.076880e-04
9.200000e-03	2.079480e-04
9.210000e-03	2.082079e-04
9.220000e-03	2.084679e-04
9.230000e-03	2.087279e-04
9.240000e-03	2.089878e-04
9.250000e-03	2.092478e-04
9.260000e-03	2.095077e-04
9.270000e-03	2.097677e-04
9.280000e-03	2.100276e-04
9.290000e-03	2.102876e-04
9.300000e-03	2.105476e-04
9.310000e-03	2.108075e-04
9.320000e-03	2.110675e-04
9.330000e-03	2.113274e-04
9.340000e-03	2.115874e-04
9.350000e-03	2.118473e-04
9.360000e-03	2.121073e-04
9.370000e-03	2.123673e-04
9.380000e-03	2.126272e-04
9.390000e-03	2.128872e-04
9.400000e-03	2.131471e-04
9.410000e-03	2.134071e-04
9.420000e-03	2.136670e-04
9.430000e-03	2.139270e-04
9.440000e-03	2.141870e-04
9.450000e-03	2.144469e-04
9.460000e-03	2.147069e-04
9.470000e-03	2.149668e-04
9.480000e-03	2.152268e-04
9.490000e-03	2.154867e-04
9.500000e-03	2.157467e-04
9.510000e-03	2.160067e-04
9.520000e-03	2.162666e-04
9.530000e-03	2.165266e-04
9.540000e-03	2.167865e-04
9.550000e-03	2.170465e-04
9.560000e-03	2.173064e-04
9.570000e-03	2.175664e-04
9.580000e-03	2.178264e-04
9.590000e-03	2.180863e-04
9.600000e-03	2.183463e-04
9.610000e-03	2.186062e-04
9.620000e-03	2.188662e-04
9.630000e-03	2.191261e-04
9.640000e-03	2.193861e-04
9.650000e-03	2.196461e-04
9.660000e-03	2.199060e-04
9.670000e-03	2.201660e-04
9.680000e-03	2.204259e-04
9.690000e-03	2.206859e-04
9.700000e-03	2.209458e-04
9.710000e-03	2.212058e-04
9.720000e-03	2.214657e-04
9.730000e-03	2.217257e-04
9.740000e-03	2.219857e-04
9.750000e-03	2.222456e-04
9.760000e-03	2.225056e-04
9.770000e-03	2.227655e-04
9.780000e-03	2.230255e-04
9.790000e-03	2.232854e-04
9.800000e-03	2.235454e-04
9.810000e-03	2.238054e-04
9.820000e-03	2.240653e-04
9.830000e-03	2.243253e-04
9.840000e-03	2.245852e-04
9.850000e-03	2.248452e-04
9.860000e-03	2.251051e-04
9.870000e-03	2.253651e-04
9.880000e-03	2.256251e-04
9.890000e-03	2.258850e-04
9.900000e-03	2.261450e-04
9.910000e-03	2.264049e-04
9.920000e-03	2.266649e-04
9.930000e-03	2.269248e-04
9.940000e-03	2.271848e-04
9.950000e-03	2.274448e-04
9.960000e-03	2.277047e-04
9.970000e-03	2.279647e-04
9.980000e-03	2.282246e-04
9.990000e-03	2.284846e-04
1.000000e-02	2.287445e-04
1.001000e-02	2.290221e-04
1.002000e-02	2.292998e-04
1.003000e-02	2.295774e-04
1.004000e-02	2.298550e-04
1.005000e-02	2.301326e-04
1.006000e-02	2.304102e-04
1.007000e-02	2.306878e-04
1.008000e-02	2.309654e-04
1.009000e-02	2.312430e-04
1.010000e-02	2.315206e-04
1.011000e-02	2.317982e-04
1.012000e-02	2.320758e-04
1.013000e-02	2.323534e-04
1.014000e-02	2.326310e-04
1.015000e-02	2.329086e-04
1.016000e-02	2.331863e-04
1.017000e-02	2.334639e-04
1.018000e-02	2.337415e-04
1.019000e-02	2.340191e-04
1.020000e-02	2.342967e-04
1.021000e-02	2.345743e-04
1.022000e-02	2.348519e-04
1.023000e-02	2.351295e-04
1.024000e-02	2.354071e-04
1.025000e-02	2.356847e-04
1.026000e-02	2.359623e-04
1.027000e-02	2.362399e-04
1.028000e-02	2.365175e-04
1.029000e-02	2.367951e-04
1.030000e-02	2.370728e-04
1.031000e-02	2.373504e-04
1.032000e-02	2.376280e-04
1.033000e-02	2.379056e-04
1.034000e-02	2.381832e-04
1.035000e-02	2.384608e-04
1.036000e-02	2.387384e-04
1.037000e-02	2.390160e-04
1.038000e-02	2.392936e-04
1.039000e-02	2.395712e-04
1.040000e-02	2.398488e-04
1.041000e-02	2.401264e-04
1.042000e-02	2.404040e-04
1.043000e-02	2.406816e-04
1.044000e-02	2.409593e-04
1.045000e-02	2.412369e-04
1.046000e-02	2.415145e-04
1.047000e-02	2.417921e-04
1.048000e-02	2.420697e-04
1.049000e-02	2.423473e-04
1.050000e-02	2.426249e-04
1.051000e-02	2.429025e-04
1.052000e-02	2.431801e-04
1.053000e-02	2.434577e-04
1.054000e-02	2.437353e-04
1.055000e-02	2.440129e-04
1.056000e-02	2.442905e-04
1.057000e-02	2.445681e-04
1.058000e-02	2.448458e-04
1.059000e-02	2.451234e-04
1.060000e-02	2.454010e-04
1.061000e-02	2.456786e-04
1.062000e-02	2.459562e-04
1.063000e-02	2.462338e-04
1.064000e-02	2.465114e-04
1.065000e-02	2.467890e-04
1.066000e-02	2.470666e-04
1.067000e-02	2.473442e-04
1.068000e-02	2.476218e-04
1.069000e-02	2.478994e-04
1.070000e-02	2.481770e-04
1.071000e-02	2.484547e-04
1.072000e-02	2.487323e-04
1.073000e-02	2.490099e-04
1.074000e-02	2.492875e-04
1.075000e-02	2.495651e-04
1.076000e-02	2.498427e-04
1.077000e-02	2.501203e-04
1.078000e-02	2.503979e-04
1.079000e-02	2.506755e-04
1.080000e-02	2.509531e-04
1.081000e-02	2.512307e-04
1.082000e-02	2.515083e-04
1.083000e-02	2.517859e-04
1.084000e-02	2.520635e-04
1.085000e-02	2.523412e-04
1.086000e-02	2.526188e-04
1.087000e-02	2.528964e-04
1.088000e-02	2.531740e-04
1.089000e-02	2.534516e-04
1.090000e-02	2.537292e-04
1.091000e-02	2.540068e-04
1.092000e-02	2.542844e-04
1.093000e-02	2.545620e-04
1.094000e-02	2.548396e-04
1.095000e-02	2.551172e-04
1.096000e-02	2.553948e-04
1.097000e-02	2.556724e-04
1.098000e-02	2.559500e-04
1.099000e-02	2.562277e-04
1.100000e-02	2.565053e-04
1.101000e-02	2.567853e-04
1.102000e-02	2.570653e-04
1.103000e-02	2.573454e-04
1.104000e-02	2.576254e-04
1.105000e-02	2.579055e-04
1.106000e-02	2.581855e-04
1.107000e-02	2.584655e-04
1.108000e-02	2.587456e-04
1.109000e-02	2.590256e-04
1.110000e-02	2.593057e-04
1.111000e-02	2.595857e-04
1.112000e-02	2.598657e-04
1.113000e-02	2.601458e-04
1.114000e-02	2.604258e-04
1.115000e-02	2.607059e-04
1.116000e-02	2.609859e-04
1.117000e-02	2.612659e-04
1.118000e-02	2.615460e-04
1.119000e-02	2.618260e-04
1.120000e-02	2.621061e-04
1.121000e-02	2.623861e-04
1.122000e-02	2.626661e-04
1.123000e-02	2.629462e-04
1.124000e-02	2.632262e-04
1.125000e-02	2.635063e-04
1.126000e-02	2.637863e-04
1.127000e-02	2.640663e-04
1.128000e-02	2.643464e-04
1.129000e-02	2.646264e-04
1.130000e-02	2.649065e-04
1.131000e-02	2.651865e-04
1.132000e-02	2.654665e-04
1.133000e-02	2.657466e-04
1.134000e-02	2.660266e-04
1.135000e-02	2.663067e-04
1.136000e-02	2.665867e-04
1.137000e-02	2.668667e-04
1.138000e-02	2.671468e-04
1.139000e-02	2.674268e-04
1.140000e-02	2.677069e-04
1.141000e-02	2.679869e-04
1.142000e-02	2.682669e-04
1.143000e-02	2.685470e-04
1.144000e-02	2.688270e-04
1.145000e-02	2.691071e-04
1.146000e-02	2.693871e-04
1.147000e-02	2.696671e-04
1.148000e-02	2.699472e-04
1.149000e-02	2.702272e-04
1.150000e-02	2.705073e-04
1.151000e-02	2.707873e-04
1.152000e-02	2.710673e-04
1.153000e-02	2.713474e-04
1.154000e-02	2.716274e-04
1.155000e-02	2.719075e-04
1.156000e-02	2.721875e-04
1.157000e-02	2.724675e-04
1.158000e-02	2.727476e-04
1.159000e-02	2.730276e-04
1.160000e-02	2.733077e-04
1.161000e-02	2.735877e-04
1.162000e-02	2.738677e-04
1.163000e-02	2.741478e-04
1.164000e-02	2.744278e-04
1.165000e-02	2.747079e-04
1.166000e-02	2.749879e-04
1.167000e-02	2.752679e-04
1.168000e-02	2.755480e-04
1.169000e-02	2.758280e-04
1.170000e-02	2.761081e-04
1.171000e-02	2.763881e-04
1.172000e-02	2.766681e-04
1.173000e-02	2.769482e-04
1.174000e-02	2.772282e-04
1.175000e-02	2.775083e-04
1.176000e-02	2.777883e-04
1.177000e-02	2.780683e-04
1.178000e-02	2.783484e-04
1.179000e-02	2.786284e-04
1.180000e-02	2.789085e-04
1.181000e-02	2.791885e-04
1.182000e-02	2.794685e-04
1.183000e-02	2.797486e-04
1.184000e-02	2.800286e-04
1.185000e-02	2.803087e-04
1.186000e-02	2.805887e-04
1.187000e-02	2.808687e-04
1.188000e-02	2.811488e-04
1.189000e-02	2.814288e-04
1.190000e-02	2.817089e-04
1.191000e-02	2.819889e-04
1.192000e-02	2.822689e-04
1.193000e-02	2.825490e-04
1.194000e-02	2.828290e-04
1.195000e-02	2.831091e-04
1.196000e-02	2.833891e-04
1.197000e-02	2.836691e-04
1.198000e-02	2.839492e-04
1.199000e-02	2.842292e-04
1.200000e-02	2.845093e-04
1.201000e-02	2.847911e-04
1.202000e-02	2.850729e-04
1.203000e-02	2.853547e-04
1.204000e-02	2.856365e-04
1.205000e-02	2.859184e-04
1.206000e-02	2.862002e-04
1.207000e-02	2.864820e-04
1.208000e-02	2.867638e-04
1.209000e-02	2.870456e-04
1.210000e-02	2.873274e-04
1.211000e-02	2.876093e-04
1.212000e-02	2.878911e-04
1.213000e-02	2.881729e-04
1.214000e-02	2.884547e-04
1.215000e-02	2.887365e-04
1.216000e-02	2.890184e-04
1.217000e-02	2.893002e-04
1.218000e-02	2.895820e-04
1.219000e-02	2.898638e-04
1.220000e-02	2.901456e-04
1.221000e-02	2.904275e-04
1.222000e-02	2.907093e-04
1.223000e-02	2.909911e-04
1.224000e-02	2.912729e-04
1.225000e-02	2.915547e-04
1.226000e-02	2.918366e-04
1.227000e-02	2.921184e-04
1.228000e-02	2.924002e-04
1.229000e-02	2.926820e-04
1.230000e-02	2.929638e-04
1.231000e-02	2.932456e-04
1.232000e-02	2.935275e-04
1.233000e-02	2.938093e-04
1.234000e-02	2.940911e-04
1.235000e-02	2.943729e-04
1.236000e-02	2.946547e-04
1.237000e-02	2.949366e-04
1.238000e-02	2.952184e-04
1.239000e-02	2.955002e-04
1.240000e-02	2.957820e-04
1.241000e-02	2.960638e-04
1.242000e-02	2.963457e-04
1.243000e-02	2.966275e-04
1.244000e-02	2.969093e-04
1.245000e-02	2.971911e-04
1.246000e-02	2.974729e-04
1.247000e-02	2.977548e-04
1.248000e-02	2.980366e-04
1.249000e-02	2.983184e-04
1.250000e-02	2.986002e-04
1.251000e-02	2.988820e-04
1.252000e-02	2.991639e-04
1.253000e-02	2.994457e-04
1.254000e-02	2.997275e-04
1.255000e-02	3.000093e-04
1.256000e-02	3.002911e-04
1.257000e-02	3.005729e-04
1.258000e-02	3.008548e-04
1.259000e-02	3.011366e-04
1.260000e-02	3.014184e-04
1.261000e-02	3.017002e-04
1.262000e-02	3.019820e-04
1.263000e-02	3.022639e-04
1.264000e-02	3.025457e-04
1.265000e-02	3.028275e-04
1.266000e-02	3.031093e-04
1.267000e-02	3.033911e-04
1.268000e-02	3.036730e-04
1.269000e-02	3.039548e-04
1.270000e-02	3.042366e-04
1.271000e-02	3.045184e-04
1.272000e-02	3.048002e-04
1.273000e-02	3.050821e-04
1.274000e-02	3.053639e-04
1.275000e-02	3.056457e-04
1.276000e-02	3.059275e-04
1.277000e-02	3.062093e-04
1.278000e-02	3.064912e-04
1.279000e-02	3.067730e-04
1.280000e-02	3.070548e-04
1.281000e-02	3.073366e-04
1.282000e-02	3.076184e-04
1.283000e-02	3.079002e-04
1.284000e-02	3.081821e-04
1.285000e-02	3.084639e-04
1.286000e-02	3.087457e-04
1.287000e-02	3.090275e-04
1.288000e-02	3.093093e-04
1.289000e-02	3.095912e-04
1.290000e-02	3.098730e-04
1.291000e-02	3.101548e-04
1.292000e-02	3.104366e-04
1.293000e-02	3.107184e-04
1.294000e-02	3.110003e-04
1.295000e-02	3.112821e-04
1.296000e-02	3.115639e-04
1.297000e-02	3.118457e-04
1.298000e-02	3.121275e-04
1.299000e-02	3.124094e-04
1.300000e-02	3.126912e-04
1.301000e-02	3.129743e-04
1.302000e-02	3.132575e-04
1.303000e-02	3.135406e-04
1.304000e-02	3.138238e-04
1.305000e-02	3.141070e-04
1.306000e-02	3.143901e-04
1.307000e-02	3.146733e-04
1.308000e-02	3.149564e-04
1.309000e-02	3.152396e-04
1.310000e-02	3.155227e-04
1.311000e-02	3.158059e-04
1.312000e-02	3.160891e-04
1.313000e-02	3.163722e-04
1.314000e-02	3.166554e-04
1.315000e-02	3.169385e-04
1.316000e-02	3.172217e-04
1.317000e-02	3.175048e-04
1.318000e-02	3.177880e-04
1.319000e-02	3.180712e-04
1.320000e-02	3.183543e-04
1.321000e-02	3.186375e-04
1.322000e-02	3.189206e-04
1.323000e-02	3.192038e-04
1.324000e-02	3.194869e-04
1.325000e-02	3.197701e-04
1.326000e-02	3.200533e-04
1.327000e-02	3.203364e-04
1.328000e-02	3.206196e-04
1.329000e-02	3.209027e-04
1.330000e-02	3.211859e-04
1.331000e-02	3.214690e-04
1.332000e-02	3.217522e-04
1.333000e-02	3.220354e-04
1.334000e-02	3.223185e-04
1.335000e-02	3.226017e-04
1.336000e-02	3.228848e-04
1.337000e-02	3.231680e-04
1.338000e-02	3.234511e-04
1.339000e-02	3.237343e-04
1.340000e-02	3.240175e-04
1.341000e-02	3.243006e-04
1.342000e-02	3.245838e-04
1.343000e-02	3.248669e-04
1.344000e-02	3.251501e-04
1.345000e-02	3.254332e-04
1.346000e-02	3.257164e-04
1.347000e-02	3.259996e-04
1.348000e-02	3.262827e-04
1.349000e-02	3.265659e-04
1.350000e-02	3.268490e-04
1.351000e-02	3.271322e-04
1.352000e-02	3.274154e-04
1.353000e-02	3.276985e-04
1.354000e-02	3.279817e-04
1.355000e-02	3.282648e-04
1.356000e-02	3.285480e-04
1.357000e-02	3.288311e-04
1.358000e-02	3.291143e-04
1.359000e-02	3.293975e-04
1.360000e-02	3.296806e-04
1.361000e-02	3.299638e-04
1.362000e-02	3.302469e-04
1.363000e-02	3.305301e-04
1.364000e-02	3.308132e-04
1.365000e-02	3.310964e-04
1.366000e-02	3.313796e-04
1.367000e-02	3.316627e-04
1.368000e-02	3.319459e-04
1.369000e-02	3.322290e-04
1.370000e-02	3.325122e-04
1.371000e-02	3.327953e-04
1.372000e-02	3.330785e-04
1.373000e-02	3.333617e-04
1.374000e-02	3.336448e-04
1.375000e-02	3.339280e-04
1.376000e-02	3.342111e-04
1.377000e-02	3.344943e-04
1.378000e-02	3.347774e-04
1.379000e-02	3.350606e-04
1.380000e-02	3.353438e-04
1.381000e-02	3.356269e-04
1.382000e-02	3.359101e-04
1.383000e-02	3.361932e-04
1.384000e-02	3.364764e-04
1.385000e-02	3.367595e-04
1.386000e-02	3.370427e-04
1.387000e-02	3.373259e-04
1.388000e-02	3.376090e-04
1.389000e-02	3.378922e-04
1.390000e-02	3.381753e-04
1.391000e-02	3.384585e-04
1.392000e-02	3.387416e-04
1.393000e-02	3.390248e-04
1.394000e-02	3.393080e-04
1.395000e-02	3.395911e-04
1.396000e-02	3.398743e-04
1.397000e-02	3.401574e-04
1.398000e-02	3.404406e-04
1.399000e-02	3.407237e-04
1.400000e-02	3.410069e-04
