z1_new_m	d2_new_long_m
-9.000000e-03	2.200667e-04
-8.990000e-03	2.199501e-04
-8.980000e-03	2.198336e-04
-8.970000e-03	2.197170e-04
-8.960000e-03	2.196004e-04
-8.950000e-03	2.194839e-04
-8.940000e-03	2.193673e-04
-8.930000e-03	2.192507e-04
-8.920000e-03	2.191341e-04
-8.910000e-03	2.190176e-04
-8.900000e-03	2.189010e-04
-8.890000e-03	2.187844e-04
-8.880000e-03	2.186679e-04
-8.870000e-03	2.185513e-04
-8.860000e-03	2.184347e-04
-8.850000e-03	2.183181e-04
-8.840000e-03	2.182016e-04
-8.830000e-03	2.180850e-04
-8.820000e-03	2.179684e-04
-8.810000e-03	2.178519e-04
-8.800000e-03	2.177353e-04
-8.790000e-03	2.176187e-04
-8.780000e-03	2.175021e-04
-8.770000e-03	2.173856e-04
-8.760000e-03	2.172690e-04
-8.750000e-03	2.171524e-04
-8.740000e-03	2.170359e-04
-8.730000e-03	2.169193e-04
-8.720000e-03	2.168027e-04
-8.710000e-03	2.166861e-04
-8.700000e-03	2.165696e-04
-8.690000e-03	2.164530e-04
-8.680000e-03	2.163364e-04
-8.670000e-03	2.162199e-04
-8.660000e-03	2.161033e-04
-8.650000e-03	2.159867e-04
-8.640000e-03	2.158701e-04
-8.630000e-03	2.157536e-04
-8.620000e-03	2.156370e-04
-8.610000e-03	2.155204e-04
-8.600000e-03	2.154039e-04
-8.590000e-03	2.152873e-04
-8.580000e-03	2.151707e-04
-8.570000e-03	2.150541e-04
-8.560000e-03	2.149376e-04
-8.550000e-03	2.148210e-04
-8.540000e-03	2.147044e-04
-8.530000e-03	2.145879e-04
-8.520000e-03	2.144713e-04
-8.510000e-03	2.143547e-04
-8.500000e-03	2.142381e-04
-8.490000e-03	2.141216e-04
-8.480000e-03	2.140050e-04
-8.470000e-03	2.138884e-04
-8.460000e-03	2.137719e-04
-8.450000e-03	2.136553e-04
-8.440000e-03	2.135387e-04
-8.430000e-03	2.134221e-04
-8.420000e-03	2.133056e-04
-8.410000e-03	2.131890e-04
-8.400000e-03	2.130724e-04
-8.390000e-03	2.129558e-04
-8.380000e-03	2.128393e-04
-8.370000e-03	2.127227e-04
-8.360000e-03	2.126061e-04
-8.350000e-03	2.124896e-04
-8.340000e-03	2.123730e-04
-8.330000e-03	2.122564e-04
-8.320000e-03	2.121398e-04
-8.310000e-03	2.120233e-04
-8.300000e-03	2.119067e-04
-8.290000e-03	2.117901e-04
-8.280000e-03	2.116736e-04
-8.270000e-03	2.115570e-04
-8.260000e-03	2.114404e-04
-8.250000e-03	2.113238e-04
-8.240000e-03	2.112073e-04
-8.230000e-03	2.110907e-04
-8.220000e-03	2.109741e-04
-8.210000e-03	2.108576e-04
-8.200000e-03	2.107410e-04
-8.190000e-03	2.106244e-04
-8.180000e-03	2.105078e-04
-8.170000e-03	2.103913e-04
-8.160000e-03	2.102747e-04
-8.150000e-03	2.101581e-04
-8.140000e-03	2.100416e-04
-8.130000e-03	2.099250e-04
-8.120000e-03	2.098084e-04
-8.110000e-03	2.096918e-04
-8.100000e-03	2.095753e-04
-8.090000e-03	2.094587e-04
-8.080000e-03	2.093421e-04
-8.070000e-03	2.092256e-04
-8.060000e-03	2.091090e-04
-8.050000e-03	2.089924e-04
-8.040000e-03	2.088758e-04
-8.030000e-03	2.087593e-04
-8.020000e-03	2.086427e-04
-8.010000e-03	2.085261e-04
-8.000000e-03	2.084096e-04
-7.990000e-03	2.082937e-04
-7.980000e-03	2.081779e-04
-7.970000e-03	2.080620e-04
-7.960000e-03	2.079461e-04
-7.950000e-03	2.078303e-04
-7.940000e-03	2.077144e-04
-7.930000e-03	2.075986e-04
-7.920000e-03	2.074827e-04
-7.910000e-03	2.073669e-04
-7.900000e-03	2.072510e-04
-7.890000e-03	2.071352e-04
-7.880000e-03	2.070193e-04
-7.870000e-03	2.069035e-04
-7.860000e-03	2.067876e-04
-7.850000e-03	2.066718e-04
-7.840000e-03	2.065559e-04
-7.830000e-03	2.064401e-04
-7.820000e-03	2.063242e-04
-7.810000e-03	2.062084e-04
-7.800000e-03	2.060925e-04
-7.790000e-03	2.059767e-04
-7.780000e-03	2.058608e-04
-7.770000e-03	2.057450e-04
-7.760000e-03	2.056291e-04
-7.750000e-03	2.055133e-04
-7.740000e-03	2.053974e-04
-7.730000e-03	2.052816e-04
-7.720000e-03	2.051657e-04
-7.710000e-03	2.050499e-04
-7.700000e-03	2.049340e-04
-7.690000e-03	2.048182e-04
-7.680000e-03	2.047023e-04
-7.670000e-03	2.045865e-04
-7.660000e-03	2.044706e-04
-7.650000e-03	2.043547e-04
-7.640000e-03	2.042389e-04
-7.630000e-03	2.041230e-04
-7.620000e-03	2.040072e-04
-7.610000e-03	2.038913e-04
-7.600000e-03	2.037755e-04
-7.590000e-03	2.036596e-04
-7.580000e-03	2.035438e-04
-7.570000e-03	2.034279e-04
-7.560000e-03	2.033121e-04
-7.550000e-03	2.031962e-04
-7.540000e-03	2.030804e-04
-7.530000e-03	2.029645e-04
-7.520000e-03	2.028487e-04
-7.510000e-03	2.027328e-04
-7.500000e-03	2.026170e-04
-7.490000e-03	2.025011e-04
-7.480000e-03	2.023853e-04
-7.470000e-03	2.022694e-04
-7.460000e-03	2.021536e-04
-7.450000e-03	2.020377e-04
-7.440000e-03	2.019219e-04
-7.430000e-03	2.018060e-04
-7.420000e-03	2.016902e-04
-7.410000e-03	2.015743e-04
-7.400000e-03	2.014585e-04
-7.390000e-03	2.013426e-04
-7.380000e-03	2.012268e-04
-7.370000e-03	2.011109e-04
-7.360000e-03	2.009951e-04
-7.350000e-03	2.008792e-04
-7.340000e-03	2.007633e-04
-7.330000e-03	2.006475e-04
-7.320000e-03	2.005316e-04
-7.310000e-03	2.004158e-04
-7.300000e-03	2.002999e-04
-7.290000e-03	2.001841e-04
-7.280000e-03	2.000682e-04
-7.270000e-03	1.999524e-04
-7.260000e-03	1.998365e-04
-7.250000e-03	1.997207e-04
-7.240000e-03	1.996048e-04
-7.230000e-03	1.994890e-04
-7.220000e-03	1.993731e-04
-7.210000e-03	1.992573e-04
-7.200000e-03	1.991414e-04
-7.190000e-03	1.990256e-04
-7.180000e-03	1.989097e-04
-7.170000e-03	1.987939e-04
-7.160000e-03	1.986780e-04
-7.150000e-03	1.985622e-04
-7.140000e-03	1.984463e-04
-7.130000e-03	1.983305e-04
-7.120000e-03	1.982146e-04
-7.110000e-03	1.980988e-04
-7.100000e-03	1.979829e-04
-7.090000e-03	1.978671e-04
-7.080000e-03	1.977512e-04
-7.070000e-03	1.976354e-04
-7.060000e-03	1.975195e-04
-7.050000e-03	1.974037e-04
-7.040000e-03	1.972878e-04
-7.030000e-03	1.971719e-04
-7.020000e-03	1.970561e-04
-7.010000e-03	1.969402e-04
-7.000000e-03	1.968244e-04
-6.990000e-03	1.967094e-04
-6.980000e-03	1.965944e-04
-6.970000e-03	1.964794e-04
-6.960000e-03	1.963644e-04
-6.950000e-03	1.962494e-04
-6.940000e-03	1.961344e-04
-6.930000e-03	1.960194e-04
-6.920000e-03	1.959044e-04
-6.910000e-03	1.957894e-04
-6.900000e-03	1.956744e-04
-6.890000e-03	1.955594e-04
-6.880000e-03	1.954444e-04
-6.870000e-03	1.953294e-04
-6.860000e-03	1.952144e-04
-6.850000e-03	1.950994e-04
-6.840000e-03	1.949844e-04
-6.830000e-03	1.948695e-04
-6.820000e-03	1.947545e-04
-6.810000e-03	1.946395e-04
-6.800000e-03	1.945245e-04
-6.790000e-03	1.944095e-04
-6.780000e-03	1.942945e-04
-6.770000e-03	1.941795e-04
-6.760000e-03	1.940645e-04
-6.750000e-03	1.939495e-04
-6.740000e-03	1.938345e-04
-6.730000e-03	1.937195e-04
-6.720000e-03	1.936045e-04
-6.710000e-03	1.934895e-04
-6.700000e-03	1.933745e-04
-6.690000e-03	1.932595e-04
-6.680000e-03	1.931445e-04
-6.670000e-03	1.930295e-04
-6.660000e-03	1.929145e-04
-6.650000e-03	1.927995e-04
-6.640000e-03	1.926845e-04
-6.630000e-03	1.925695e-04
-6.620000e-03	1.924545e-04
-6.610000e-03	1.923395e-04
-6.600000e-03	1.922245e-04
-6.590000e-03	1.921095e-04
-6.580000e-03	1.919945e-04
-6.570000e-03	1.918795e-04
-6.560000e-03	1.917645e-04
-6.550000e-03	1.916495e-04
-6.540000e-03	1.915345e-04
-6.530000e-03	1.914196e-04
-6.520000e-03	1.913046e-04
-6.510000e-03	1.911896e-04
-6.500000e-03	1.910746e-04
-6.490000e-03	1.909596e-04
-6.480000e-03	1.908446e-04
-6.470000e-03	1.907296e-04
-6.460000e-03	1.906146e-04
-6.450000e-03	1.904996e-04
-6.440000e-03	1.903846e-04
-6.430000e-03	1.902696e-04
-6.420000e-03	1.901546e-04
-6.410000e-03	1.900396e-04
-6.400000e-03	1.899246e-04
-6.390000e-03	1.898096e-04
-6.380000e-03	1.896946e-04
-6.370000e-03	1.895796e-04
-6.360000e-03	1.894646e-04
-6.350000e-03	1.893496e-04
-6.340000e-03	1.892346e-04
-6.330000e-03	1.891196e-04
-6.320000e-03	1.890046e-04
-6.310000e-03	1.888896e-04
-6.300000e-03	1.887746e-04
-6.290000e-03	1.886596e-04
-6.280000e-03	1.885446e-04
-6.270000e-03	1.884296e-04
-6.260000e-03	1.883146e-04
-6.250000e-03	1.881996e-04
-6.240000e-03	1.880847e-04
-6.230000e-03	1.879697e-04
-6.220000e-03	1.878547e-04
-6.210000e-03	1.877397e-04
-6.200000e-03	1.876247e-04
-6.190000e-03	1.875097e-04
-6.180000e-03	1.873947e-04
-6.170000e-03	1.872797e-04
-6.160000e-03	1.871647e-04
-6.150000e-03	1.870497e-04
-6.140000e-03	1.869347e-04
-6.130000e-03	1.868197e-04
-6.120000e-03	1.867047e-04
-6.110000e-03	1.865897e-04
-6.100000e-03	1.864747e-04
-6.090000e-03	1.863597e-04
-6.080000e-03	1.862447e-04
-6.070000e-03	1.861297e-04
-6.060000e-03	1.860147e-04
-6.050000e-03	1.858997e-04
-6.040000e-03	1.857847e-04
-6.030000e-03	1.856697e-04
-6.020000e-03	1.855547e-04
-6.010000e-03	1.854397e-04
-6.000000e-03	1.853247e-04
-5.990000e-03	1.852108e-04
-5.980000e-03	1.850968e-04
-5.970000e-03	1.849828e-04
-5.960000e-03	1.848688e-04
-5.950000e-03	1.847549e-04
-5.940000e-03	1.846409e-04
-5.930000e-03	1.845269e-04
-5.920000e-03	1.844130e-04
-5.910000e-03	1.842990e-04
-5.900000e-03	1.841850e-04
-5.890000e-03	1.840710e-04
-5.880000e-03	1.839571e-04
-5.870000e-03	1.838431e-04
-5.860000e-03	1.837291e-04
-5.850000e-03	1.836152e-04
-5.840000e-03	1.835012e-04
-5.830000e-03	1.833872e-04
-5.820000e-03	1.832732e-04
-5.810000e-03	1.831593e-04
-5.800000e-03	1.830453e-04
-5.790000e-03	1.829313e-04
-5.780000e-03	1.828174e-04
-5.770000e-03	1.827034e-04
-5.760000e-03	1.825894e-04
-5.750000e-03	1.824754e-04
-5.740000e-03	1.823615e-04
-5.730000e-03	1.822475e-04
-5.720000e-03	1.821335e-04
-5.710000e-03	1.820195e-04
-5.700000e-03	1.819056e-04
-5.690000e-03	1.817916e-04
-5.680000e-03	1.816776e-04
-5.670000e-03	1.815637e-04
-5.660000e-03	1.814497e-04
-5.650000e-03	1.813357e-04
-5.640000e-03	1.812217e-04
-5.630000e-03	1.811078e-04
-5.620000e-03	1.809938e-04
-5.610000e-03	1.808798e-04
-5.600000e-03	1.807659e-04
-5.590000e-03	1.806519e-04
-5.580000e-03	1.805379e-04
-5.570000e-03	1.804239e-04
-5.560000e-03	1.803100e-04
-5.550000e-03	1.801960e-04
-5.540000e-03	1.800820e-04
-5.530000e-03	1.799681e-04
-5.520000e-03	1.798541e-04
-5.510000e-03	1.797401e-04
-5.500000e-03	1.796261e-04
-5.490000e-03	1.795122e-04
-5.480000e-03	1.793982e-04
-5.470000e-03	1.792842e-04
-5.460000e-03	1.791702e-04
-5.450000e-03	1.790563e-04
-5.440000e-03	1.789423e-04
-5.430000e-03	1.788283e-04
-5.420000e-03	1.787144e-04
-5.410000e-03	1.786004e-04
-5.400000e-03	1.784864e-04
-5.390000e-03	1.783724e-04
-5.380000e-03	1.782585e-04
-5.370000e-03	1.781445e-04
-5.360000e-03	1.780305e-04
-5.350000e-03	1.779166e-04
-5.340000e-03	1.778026e-04
-5.330000e-03	1.776886e-04
-5.320000e-03	1.775746e-04
-5.310000e-03	1.774607e-04
-5.300000e-03	1.773467e-04
-5.290000e-03	1.772327e-04
-5.280000e-03	1.771188e-04
-5.270000e-03	1.770048e-04
-5.260000e-03	1.768908e-04
-5.250000e-03	1.767768e-04
-5.240000e-03	1.766629e-04
-5.230000e-03	1.765489e-04
-5.220000e-03	1.764349e-04
-5.210000e-03	1.763210e-04
-5.200000e-03	1.762070e-04
-5.190000e-03	1.760930e-04
-5.180000e-03	1.759790e-04
-5.170000e-03	1.758651e-04
-5.160000e-03	1.757511e-04
-5.150000e-03	1.756371e-04
-5.140000e-03	1.755231e-04
-5.130000e-03	1.754092e-04
-5.120000e-03	1.752952e-04
-5.110000e-03	1.751812e-04
-5.100000e-03	1.750673e-04
-5.090000e-03	1.749533e-04
-5.080000e-03	1.748393e-04
-5.070000e-03	1.747253e-04
-5.060000e-03	1.746114e-04
-5.050000e-03	1.744974e-04
-5.040000e-03	1.743834e-04
-5.030000e-03	1.742695e-04
-5.020000e-03	1.741555e-04
-5.010000e-03	1.740415e-04
-5.000000e-03	1.739275e-04
-4.990000e-03	1.738299e-04
-4.980000e-03	1.737322e-04
-4.970000e-03	1.736345e-04
-4.960000e-03	1.735368e-04
-4.950000e-03	1.734391e-04
-4.940000e-03	1.733414e-04
-4.930000e-03	1.732437e-04
-4.920000e-03	1.731460e-04
-4.910000e-03	1.730484e-04
-4.900000e-03	1.729507e-04
-4.890000e-03	1.728530e-04
-4.880000e-03	1.727553e-04
-4.870000e-03	1.726576e-04
-4.860000e-03	1.725599e-04
-4.850000e-03	1.724622e-04
-4.840000e-03	1.723645e-04
-4.830000e-03	1.722669e-04
-4.820000e-03	1.721692e-04
-4.810000e-03	1.720715e-04
-4.800000e-03	1.719738e-04
-4.790000e-03	1.718761e-04
-4.780000e-03	1.717784e-04
-4.770000e-03	1.716807e-04
-4.760000e-03	1.715830e-04
-4.750000e-03	1.714854e-04
-4.740000e-03	1.713877e-04
-4.730000e-03	1.712900e-04
-4.720000e-03	1.711923e-04
-4.710000e-03	1.710946e-04
-4.700000e-03	1.709969e-04
-4.690000e-03	1.708992e-04
-4.680000e-03	1.708015e-04
-4.670000e-03	1.707039e-04
-4.660000e-03	1.706062e-04
-4.650000e-03	1.705085e-04
-4.640000e-03	1.704108e-04
-4.630000e-03	1.703131e-04
-4.620000e-03	1.702154e-04
-4.610000e-03	1.701177e-04
-4.600000e-03	1.700200e-04
-4.590000e-03	1.699224e-04
-4.580000e-03	1.698247e-04
-4.570000e-03	1.697270e-04
-4.560000e-03	1.696293e-04
-4.550000e-03	1.695316e-04
-4.540000e-03	1.694339e-04
-4.530000e-03	1.693362e-04
-4.520000e-03	1.692385e-04
-4.510000e-03	1.691409e-04
-4.500000e-03	1.690432e-04
-4.490000e-03	1.689455e-04
-4.480000e-03	1.688478e-04
-4.470000e-03	1.687501e-04
-4.460000e-03	1.686524e-04
-4.450000e-03	1.685547e-04
-4.440000e-03	1.684570e-04
-4.430000e-03	1.683594e-04
-4.420000e-03	1.682617e-04
-4.410000e-03	1.681640e-04
-4.400000e-03	1.680663e-04
-4.390000e-03	1.679686e-04
-4.380000e-03	1.678709e-04
-4.370000e-03	1.677732e-04
-4.360000e-03	1.676755e-04
-4.350000e-03	1.675779e-04
-4.340000e-03	1.674802e-04
-4.330000e-03	1.673825e-04
-4.320000e-03	1.672848e-04
-4.310000e-03	1.671871e-04
-4.300000e-03	1.670894e-04
-4.290000e-03	1.669917e-04
-4.280000e-03	1.668940e-04
-4.270000e-03	1.667964e-04
-4.260000e-03	1.666987e-04
-4.250000e-03	1.666010e-04
-4.240000e-03	1.665033e-04
-4.230000e-03	1.664056e-04
-4.220000e-03	1.663079e-04
-4.210000e-03	1.662102e-04
-4.200000e-03	1.661125e-04
-4.190000e-03	1.660149e-04
-4.180000e-03	1.659172e-04
-4.170000e-03	1.658195e-04
-4.160000e-03	1.657218e-04
-4.150000e-03	1.656241e-04
-4.140000e-03	1.655264e-04
-4.130000e-03	1.654287e-04
-4.120000e-03	1.653310e-04
-4.110000e-03	1.652334e-04
-4.100000e-03	1.651357e-04
-4.090000e-03	1.650380e-04
-4.080000e-03	1.649403e-04
-4.070000e-03	1.648426e-04
-4.060000e-03	1.647449e-04
-4.050000e-03	1.646472e-04
-4.040000e-03	1.645495e-04
-4.030000e-03	1.644519e-04
-4.020000e-03	1.643542e-04
-4.010000e-03	1.642565e-04
-4.000000e-03	1.641588e-04
-3.990000e-03	1.640611e-04
-3.980000e-03	1.639634e-04
-3.970000e-03	1.638657e-04
-3.960000e-03	1.637680e-04
-3.950000e-03	1.636704e-04
-3.940000e-03	1.635727e-04
-3.930000e-03	1.634750e-04
-3.920000e-03	1.633773e-04
-3.910000e-03	1.632796e-04
-3.900000e-03	1.631819e-04
-3.890000e-03	1.630842e-04
-3.880000e-03	1.629865e-04
-3.870000e-03	1.628889e-04
-3.860000e-03	1.627912e-04
-3.850000e-03	1.626935e-04
-3.840000e-03	1.625958e-04
-3.830000e-03	1.624981e-04
-3.820000e-03	1.624004e-04
-3.810000e-03	1.623027e-04
-3.800000e-03	1.622050e-04
-3.790000e-03	1.621074e-04
-3.780000e-03	1.620097e-04
-3.770000e-03	1.619120e-04
-3.760000e-03	1.618143e-04
-3.750000e-03	1.617166e-04
-3.740000e-03	1.616189e-04
-3.730000e-03	1.615212e-04
-3.720000e-03	1.614235e-04
-3.710000e-03	1.613259e-04
-3.700000e-03	1.612282e-04
-3.690000e-03	1.611305e-04
-3.680000e-03	1.610328e-04
-3.670000e-03	1.609351e-04
-3.660000e-03	1.608374e-04
-3.650000e-03	1.607397e-04
-3.640000e-03	1.606420e-04
-3.630000e-03	1.605444e-04
-3.620000e-03	1.604467e-04
-3.610000e-03	1.603490e-04
-3.600000e-03	1.602513e-04
-3.590000e-03	1.601536e-04
-3.580000e-03	1.600559e-04
-3.570000e-03	1.599582e-04
-3.560000e-03	1.598605e-04
-3.550000e-03	1.597629e-04
-3.540000e-03	1.596652e-04
-3.530000e-03	1.595675e-04
-3.520000e-03	1.594698e-04
-3.510000e-03	1.593721e-04
-3.500000e-03	1.592744e-04
-3.490000e-03	1.591767e-04
-3.480000e-03	1.590790e-04
-3.470000e-03	1.589814e-04
-3.460000e-03	1.588837e-04
-3.450000e-03	1.587860e-04
-3.440000e-03	1.586883e-04
-3.430000e-03	1.585906e-04
-3.420000e-03	1.584929e-04
-3.410000e-03	1.583952e-04
-3.400000e-03	1.582975e-04
-3.390000e-03	1.581999e-04
-3.380000e-03	1.581022e-04
-3.370000e-03	1.580045e-04
-3.360000e-03	1.579068e-04
-3.350000e-03	1.578091e-04
-3.340000e-03	1.577114e-04
-3.330000e-03	1.576137e-04
-3.320000e-03	1.575160e-04
-3.310000e-03	1.574184e-04
-3.300000e-03	1.573207e-04
-3.290000e-03	1.572230e-04
-3.280000e-03	1.571253e-04
-3.270000e-03	1.570276e-04
-3.260000e-03	1.569299e-04
-3.250000e-03	1.568322e-04
-3.240000e-03	1.567345e-04
-3.230000e-03	1.566369e-04
-3.220000e-03	1.565392e-04
-3.210000e-03	1.564415e-04
-3.200000e-03	1.563438e-04
-3.190000e-03	1.562461e-04
-3.180000e-03	1.561484e-04
-3.170000e-03	1.560507e-04
-3.160000e-03	1.559530e-04
-3.150000e-03	1.558554e-04
-3.140000e-03	1.557577e-04
-3.130000e-03	1.556600e-04
-3.120000e-03	1.555623e-04
-3.110000e-03	1.554646e-04
-3.100000e-03	1.553669e-04
-3.090000e-03	1.552692e-04
-3.080000e-03	1.551715e-04
-3.070000e-03	1.550739e-04
-3.060000e-03	1.549762e-04
-3.050000e-03	1.548785e-04
-3.040000e-03	1.547808e-04
-3.030000e-03	1.546831e-04
-3.020000e-03	1.545854e-04
-3.010000e-03	1.544877e-04
-3.000000e-03	1.543900e-04
-2.990000e-03	1.542924e-04
-2.980000e-03	1.541947e-04
-2.970000e-03	1.540970e-04
-2.960000e-03	1.539993e-04
-2.950000e-03	1.539016e-04
-2.940000e-03	1.538039e-04
-2.930000e-03	1.537062e-04
-2.920000e-03	1.536085e-04
-2.910000e-03	1.535109e-04
-2.900000e-03	1.534132e-04
-2.890000e-03	1.533155e-04
-2.880000e-03	1.532178e-04
-2.870000e-03	1.531201e-04
-2.860000e-03	1.530224e-04
-2.850000e-03	1.529247e-04
-2.840000e-03	1.528270e-04
-2.830000e-03	1.527294e-04
-2.820000e-03	1.526317e-04
-2.810000e-03	1.525340e-04
-2.800000e-03	1.524363e-04
-2.790000e-03	1.523386e-04
-2.780000e-03	1.522409e-04
-2.770000e-03	1.521432e-04
-2.760000e-03	1.520455e-04
-2.750000e-03	1.519479e-04
-2.740000e-03	1.518502e-04
-2.730000e-03	1.517525e-04
-2.720000e-03	1.516548e-04
-2.710000e-03	1.515571e-04
-2.700000e-03	1.514594e-04
-2.690000e-03	1.513617e-04
-2.680000e-03	1.512640e-04
-2.670000e-03	1.511664e-04
-2.660000e-03	1.510687e-04
-2.650000e-03	1.509710e-04
-2.640000e-03	1.508733e-04
-2.630000e-03	1.507756e-04
-2.620000e-03	1.506779e-04
-2.610000e-03	1.505802e-04
-2.600000e-03	1.504825e-04
-2.590000e-03	1.503849e-04
-2.580000e-03	1.502872e-04
-2.570000e-03	1.501895e-04
-2.560000e-03	1.500918e-04
-2.550000e-03	1.499941e-04
-2.540000e-03	1.498964e-04
-2.530000e-03	1.497987e-04
-2.520000e-03	1.497010e-04
-2.510000e-03	1.496034e-04
-2.500000e-03	1.495057e-04
-2.490000e-03	1.494080e-04
-2.480000e-03	1.493103e-04
-2.470000e-03	1.492126e-04
-2.460000e-03	1.491149e-04
-2.450000e-03	1.490172e-04
-2.440000e-03	1.489195e-04
-2.430000e-03	1.488219e-04
-2.420000e-03	1.487242e-04
-2.410000e-03	1.486265e-04
-2.400000e-03	1.485288e-04
-2.390000e-03	1.484311e-04
-2.380000e-03	1.483334e-04
-2.370000e-03	1.482357e-04
-2.360000e-03	1.481380e-04
-2.350000e-03	1.480404e-04
-2.340000e-03	1.479427e-04
-2.330000e-03	1.478450e-04
-2.320000e-03	1.477473e-04
-2.310000e-03	1.476496e-04
-2.300000e-03	1.475519e-04
-2.290000e-03	1.474542e-04
-2.280000e-03	1.473565e-04
-2.270000e-03	1.472589e-04
-2.260000e-03	1.471612e-04
-2.250000e-03	1.470635e-04
-2.240000e-03	1.469658e-04
-2.230000e-03	1.468681e-04
-2.220000e-03	1.467704e-04
-2.210000e-03	1.466727e-04
-2.200000e-03	1.465750e-04
-2.190000e-03	1.464774e-04
-2.180000e-03	1.463797e-04
-2.170000e-03	1.462820e-04
-2.160000e-03	1.461843e-04
-2.150000e-03	1.460866e-04
-2.140000e-03	1.459889e-04
-2.130000e-03	1.458912e-04
-2.120000e-03	1.457935e-04
-2.110000e-03	1.456959e-04
-2.100000e-03	1.455982e-04
-2.090000e-03	1.455005e-04
-2.080000e-03	1.454028e-04
-2.070000e-03	1.453051e-04
-2.060000e-03	1.452074e-04
-2.050000e-03	1.451097e-04
-2.040000e-03	1.450120e-04
-2.030000e-03	1.449144e-04
-2.020000e-03	1.448167e-04
-2.010000e-03	1.447190e-04
-2.000000e-03	1.446213e-04
-1.990000e-03	1.445236e-04
-1.980000e-03	1.444259e-04
-1.970000e-03	1.443282e-04
-1.960000e-03	1.442305e-04
-1.950000e-03	1.441329e-04
-1.940000e-03	1.440352e-04
-1.930000e-03	1.439375e-04
-1.920000e-03	1.438398e-04
-1.910000e-03	1.437421e-04
-1.900000e-03	1.436444e-04
-1.890000e-03	1.435467e-04
-1.880000e-03	1.434490e-04
-1.870000e-03	1.433514e-04
-1.860000e-03	1.432537e-04
-1.850000e-03	1.431560e-04
-1.840000e-03	1.430583e-04
-1.830000e-03	1.429606e-04
-1.820000e-03	1.428629e-04
-1.810000e-03	1.427652e-04
-1.800000e-03	1.426675e-04
-1.790000e-03	1.425699e-04
-1.780000e-03	1.424722e-04
-1.770000e-03	1.423745e-04
-1.760000e-03	1.422768e-04
-1.750000e-03	1.421791e-04
-1.740000e-03	1.420814e-04
-1.730000e-03	1.419837e-04
-1.720000e-03	1.418860e-04
-1.710000e-03	1.417884e-04
-1.700000e-03	1.416907e-04
-1.690000e-03	1.415930e-04
-1.680000e-03	1.414953e-04
-1.670000e-03	1.413976e-04
-1.660000e-03	1.412999e-04
-1.650000e-03	1.412022e-04
-1.640000e-03	1.411045e-04
-1.630000e-03	1.410069e-04
-1.620000e-03	1.409092e-04
-1.610000e-03	1.408115e-04
-1.600000e-03	1.407138e-04
-1.590000e-03	1.406161e-04
-1.580000e-03	1.405184e-04
-1.570000e-03	1.404207e-04
-1.560000e-03	1.403230e-04
-1.550000e-03	1.402254e-04
-1.540000e-03	1.401277e-04
-1.530000e-03	1.400300e-04
-1.520000e-03	1.399323e-04
-1.510000e-03	1.398346e-04
-1.500000e-03	1.397369e-04
-1.490000e-03	1.396392e-04
-1.480000e-03	1.395416e-04
-1.470000e-03	1.394439e-04
-1.460000e-03	1.393462e-04
-1.450000e-03	1.392485e-04
-1.440000e-03	1.391508e-04
-1.430000e-03	1.390531e-04
-1.420000e-03	1.389554e-04
-1.410000e-03	1.388577e-04
-1.400000e-03	1.387601e-04
-1.390000e-03	1.386624e-04
-1.380000e-03	1.385647e-04
-1.370000e-03	1.384670e-04
-1.360000e-03	1.383693e-04
-1.350000e-03	1.382716e-04
-1.340000e-03	1.381739e-04
-1.330000e-03	1.380762e-04
-1.320000e-03	1.379786e-04
-1.310000e-03	1.378809e-04
-1.300000e-03	1.377832e-04
-1.290000e-03	1.376855e-04
-1.280000e-03	1.375878e-04
-1.270000e-03	1.374901e-04
-1.260000e-03	1.373924e-04
-1.250000e-03	1.372947e-04
-1.240000e-03	1.371971e-04
-1.230000e-03	1.370994e-04
-1.220000e-03	1.370017e-04
-1.210000e-03	1.369040e-04
-1.200000e-03	1.368063e-04
-1.190000e-03	1.367086e-04
-1.180000e-03	1.366109e-04
-1.170000e-03	1.365132e-04
-1.160000e-03	1.364156e-04
-1.150000e-03	1.363179e-04
-1.140000e-03	1.362202e-04
-1.130000e-03	1.361225e-04
-1.120000e-03	1.360248e-04
-1.110000e-03	1.359271e-04
-1.100000e-03	1.358294e-04
-1.090000e-03	1.357317e-04
-1.080000e-03	1.356341e-04
-1.070000e-03	1.355364e-04
-1.060000e-03	1.354387e-04
-1.050000e-03	1.353410e-04
-1.040000e-03	1.352433e-04
-1.030000e-03	1.351456e-04
-1.020000e-03	1.350479e-04
-1.010000e-03	1.349502e-04
-1.000000e-03	1.348526e-04
-9.900000e-04	1.347549e-04
-9.800000e-04	1.346572e-04
-9.700000e-04	1.345595e-04
-9.600000e-04	1.344618e-04
-9.500000e-04	1.343641e-04
-9.400000e-04	1.342664e-04
-9.300000e-04	1.341687e-04
-9.200000e-04	1.340711e-04
-9.100000e-04	1.339734e-04
-9.000000e-04	1.338757e-04
-8.900000e-04	1.337780e-04
-8.800000e-04	1.336803e-04
-8.700000e-04	1.335826e-04
-8.600000e-04	1.334849e-04
-8.500000e-04	1.333872e-04
-8.400000e-04	1.332896e-04
-8.300000e-04	1.331919e-04
-8.200000e-04	1.330942e-04
-8.100000e-04	1.329965e-04
-8.000000e-04	1.328988e-04
-7.900000e-04	1.328011e-04
-7.800000e-04	1.327034e-04
-7.700000e-04	1.326057e-04
-7.600000e-04	1.325081e-04
-7.500000e-04	1.324104e-04
-7.400000e-04	1.323127e-04
-7.300000e-04	1.322150e-04
-7.200000e-04	1.321173e-04
-7.100000e-04	1.320196e-04
-7.000000e-04	1.319219e-04
-6.900000e-04	1.318242e-04
-6.800000e-04	1.317266e-04
-6.700000e-04	1.316289e-04
-6.600000e-04	1.315312e-04
-6.500000e-04	1.314335e-04
-6.400000e-04	1.313358e-04
-6.300000e-04	1.312381e-04
-6.200000e-04	1.311404e-04
-6.100000e-04	1.310427e-04
-6.000000e-04	1.309451e-04
-5.900000e-04	1.308474e-04
-5.800000e-04	1.307497e-04
-5.700000e-04	1.306520e-04
-5.600000e-04	1.305543e-04
-5.500000e-04	1.304566e-04
-5.400000e-04	1.303589e-04
-5.300000e-04	1.302612e-04
-5.200000e-04	1.301636e-04
-5.100000e-04	1.300659e-04
-5.000000e-04	1.299682e-04
-4.900000e-04	1.298705e-04
-4.800000e-04	1.297728e-04
-4.700000e-04	1.296751e-04
-4.600000e-04	1.295774e-04
-4.500000e-04	1.294797e-04
-4.400000e-04	1.293821e-04
-4.300000e-04	1.292844e-04
-4.200000e-04	1.291867e-04
-4.100000e-04	1.290890e-04
-4.000000e-04	1.289913e-04
-3.900000e-04	1.288936e-04
-3.800000e-04	1.287959e-04
-3.700000e-04	1.286982e-04
-3.600000e-04	1.286006e-04
-3.500000e-04	1.285029e-04
-3.400000e-04	1.284052e-04
-3.300000e-04	1.283075e-04
-3.200000e-04	1.282098e-04
-3.100000e-04	1.281121e-04
-3.000000e-04	1.280144e-04
-2.900000e-04	1.279167e-04
-2.800000e-04	1.278191e-04
-2.700000e-04	1.277214e-04
-2.600000e-04	1.276237e-04
-2.500000e-04	1.275260e-04
-2.400000e-04	1.274283e-04
-2.300000e-04	1.273306e-04
-2.200000e-04	1.272329e-04
-2.100000e-04	1.271352e-04
-2.000000e-04	1.270376e-04
-1.900000e-04	1.269399e-04
-1.800000e-04	1.268422e-04
-1.700000e-04	1.267445e-04
-1.600000e-04	1.266468e-04
-1.500000e-04	1.265491e-04
-1.400000e-04	1.264514e-04
-1.300000e-04	1.263537e-04
-1.200000e-04	1.262561e-04
-1.100000e-04	1.261584e-04
-1.000000e-04	1.260607e-04
-9.000000e-05	1.259630e-04
-8.000000e-05	1.258653e-04
-7.000000e-05	1.257676e-04
-6.000000e-05	1.256699e-04
-5.000000e-05	1.255722e-04
-4.000000e-05	1.254746e-04
-3.000000e-05	1.253769e-04
-2.000000e-05	1.252792e-04
-1.000000e-05	1.251815e-04
-3.677614e-16	1.250838e-04
1.000000e-05	1.249861e-04
2.000000e-05	1.248884e-04
3.000000e-05	1.247907e-04
4.000000e-05	1.246931e-04
5.000000e-05	1.245954e-04
6.000000e-05	1.244977e-04
7.000000e-05	1.244000e-04
8.000000e-05	1.243023e-04
9.000000e-05	1.242046e-04
1.000000e-04	1.241069e-04
1.100000e-04	1.240092e-04
1.200000e-04	1.239116e-04
1.300000e-04	1.238139e-04
1.400000e-04	1.237162e-04
1.500000e-04	1.236185e-04
1.600000e-04	1.235208e-04
1.700000e-04	1.234231e-04
1.800000e-04	1.233254e-04
1.900000e-04	1.232277e-04
2.000000e-04	1.231301e-04
2.100000e-04	1.230324e-04
2.200000e-04	1.229347e-04
2.300000e-04	1.228370e-04
2.400000e-04	1.227393e-04
2.500000e-04	1.226416e-04
2.600000e-04	1.225439e-04
2.700000e-04	1.224462e-04
2.800000e-04	1.223486e-04
2.900000e-04	1.222509e-04
3.000000e-04	1.221532e-04
3.100000e-04	1.220555e-04
3.200000e-04	1.219578e-04
3.300000e-04	1.218601e-04
3.400000e-04	1.217624e-04
3.500000e-04	1.216647e-04
3.600000e-04	1.215671e-04
3.700000e-04	1.214694e-04
3.800000e-04	1.213717e-04
3.900000e-04	1.212740e-04
4.000000e-04	1.211763e-04
4.100000e-04	1.210786e-04
4.200000e-04	1.209809e-04
4.300000e-04	1.208832e-04
4.400000e-04	1.207856e-04
4.500000e-04	1.206879e-04
4.600000e-04	1.205902e-04
4.700000e-04	1.204925e-04
4.800000e-04	1.203948e-04
4.900000e-04	1.202971e-04
5.000000e-04	1.201994e-04
5.100000e-04	1.201017e-04
5.200000e-04	1.200041e-04
5.300000e-04	1.199064e-04
5.400000e-04	1.198087e-04
5.500000e-04	1.197110e-04
5.600000e-04	1.196133e-04
5.700000e-04	1.195156e-04
5.800000e-04	1.194179e-04
5.900000e-04	1.193202e-04
6.000000e-04	1.192226e-04
6.100000e-04	1.191249e-04
6.200000e-04	1.190272e-04
6.300000e-04	1.189295e-04
6.400000e-04	1.188318e-04
6.500000e-04	1.187341e-04
6.600000e-04	1.186364e-04
6.700000e-04	1.185387e-04
6.800000e-04	1.184411e-04
6.900000e-04	1.183434e-04
7.000000e-04	1.182457e-04
7.100000e-04	1.181480e-04
7.200000e-04	1.180503e-04
7.300000e-04	1.179526e-04
7.400000e-04	1.178549e-04
7.500000e-04	1.177572e-04
7.600000e-04	1.176596e-04
7.700000e-04	1.175619e-04
7.800000e-04	1.174642e-04
7.900000e-04	1.173665e-04
8.000000e-04	1.172688e-04
8.100000e-04	1.171711e-04
8.200000e-04	1.170734e-04
8.300000e-04	1.169757e-04
8.400000e-04	1.168781e-04
8.500000e-04	1.167804e-04
8.600000e-04	1.166827e-04
8.700000e-04	1.165850e-04
8.800000e-04	1.164873e-04
8.900000e-04	1.163896e-04
9.000000e-04	1.162919e-04
9.100000e-04	1.161942e-04
9.200000e-04	1.160966e-04
9.300000e-04	1.159989e-04
9.400000e-04	1.159012e-04
9.500000e-04	1.158035e-04
9.600000e-04	1.157058e-04
9.700000e-04	1.156081e-04
9.800000e-04	1.155104e-04
9.900000e-04	1.154127e-04
1.000000e-03	1.153151e-04
1.010000e-03	1.152174e-04
1.020000e-03	1.151197e-04
1.030000e-03	1.150220e-04
1.040000e-03	1.149243e-04
1.050000e-03	1.148266e-04
1.060000e-03	1.147289e-04
1.070000e-03	1.146312e-04
1.080000e-03	1.145336e-04
1.090000e-03	1.144359e-04
1.100000e-03	1.143382e-04
1.110000e-03	1.142405e-04
1.120000e-03	1.141428e-04
1.130000e-03	1.140451e-04
1.140000e-03	1.139474e-04
1.150000e-03	1.138497e-04
1.160000e-03	1.137521e-04
1.170000e-03	1.136544e-04
1.180000e-03	1.135567e-04
1.190000e-03	1.134590e-04
1.200000e-03	1.133613e-04
1.210000e-03	1.132636e-04
1.220000e-03	1.131659e-04
1.230000e-03	1.130682e-04
1.240000e-03	1.129706e-04
1.250000e-03	1.128729e-04
1.260000e-03	1.127752e-04
1.270000e-03	1.126775e-04
1.280000e-03	1.125798e-04
1.290000e-03	1.124821e-04
1.300000e-03	1.123844e-04
1.310000e-03	1.122867e-04
1.320000e-03	1.121891e-04
1.330000e-03	1.120914e-04
1.340000e-03	1.119937e-04
1.350000e-03	1.118960e-04
1.360000e-03	1.117983e-04
1.370000e-03	1.117006e-04
1.380000e-03	1.116029e-04
1.390000e-03	1.115052e-04
1.400000e-03	1.114076e-04
1.410000e-03	1.113099e-04
1.420000e-03	1.112122e-04
1.430000e-03	1.111145e-04
1.440000e-03	1.110168e-04
1.450000e-03	1.109191e-04
1.460000e-03	1.108214e-04
1.470000e-03	1.107237e-04
1.480000e-03	1.106261e-04
1.490000e-03	1.105284e-04
1.500000e-03	1.104307e-04
1.510000e-03	1.103330e-04
1.520000e-03	1.102353e-04
1.530000e-03	1.101376e-04
1.540000e-03	1.100399e-04
1.550000e-03	1.099422e-04
1.560000e-03	1.098446e-04
1.570000e-03	1.097469e-04
1.580000e-03	1.096492e-04
1.590000e-03	1.095515e-04
1.600000e-03	1.094538e-04
1.610000e-03	1.093561e-04
1.620000e-03	1.092584e-04
1.630000e-03	1.091607e-04
1.640000e-03	1.090631e-04
1.650000e-03	1.089654e-04
1.660000e-03	1.088677e-04
1.670000e-03	1.087700e-04
1.680000e-03	1.086723e-04
1.690000e-03	1.085746e-04
1.700000e-03	1.084769e-04
1.710000e-03	1.083792e-04
1.720000e-03	1.082816e-04
1.730000e-03	1.081839e-04
1.740000e-03	1.080862e-04
1.750000e-03	1.079885e-04
1.760000e-03	1.078908e-04
1.770000e-03	1.077931e-04
1.780000e-03	1.076954e-04
1.790000e-03	1.075977e-04
1.800000e-03	1.075001e-04
1.810000e-03	1.074024e-04
1.820000e-03	1.073047e-04
1.830000e-03	1.072070e-04
1.840000e-03	1.071093e-04
1.850000e-03	1.070116e-04
1.860000e-03	1.069139e-04
1.870000e-03	1.068162e-04
1.880000e-03	1.067186e-04
1.890000e-03	1.066209e-04
1.900000e-03	1.065232e-04
1.910000e-03	1.064255e-04
1.920000e-03	1.063278e-04
1.930000e-03	1.062301e-04
1.940000e-03	1.061324e-04
1.950000e-03	1.060347e-04
1.960000e-03	1.059371e-04
1.970000e-03	1.058394e-04
1.980000e-03	1.057417e-04
1.990000e-03	1.056440e-04
2.000000e-03	1.055463e-04
2.010000e-03	1.054486e-04
2.020000e-03	1.053509e-04
2.030000e-03	1.052532e-04
2.040000e-03	1.051556e-04
2.050000e-03	1.050579e-04
2.060000e-03	1.049602e-04
2.070000e-03	1.048625e-04
2.080000e-03	1.047648e-04
2.090000e-03	1.046671e-04
2.100000e-03	1.045694e-04
2.110000e-03	1.044717e-04
2.120000e-03	1.043741e-04
2.130000e-03	1.042764e-04
2.140000e-03	1.041787e-04
2.150000e-03	1.040810e-04
2.160000e-03	1.039833e-04
2.170000e-03	1.038856e-04
2.180000e-03	1.037879e-04
2.190000e-03	1.036902e-04
2.200000e-03	1.035926e-04
2.210000e-03	1.034949e-04
2.220000e-03	1.033972e-04
2.230000e-03	1.032995e-04
2.240000e-03	1.032018e-04
2.250000e-03	1.031041e-04
2.260000e-03	1.030064e-04
2.270000e-03	1.029087e-04
2.280000e-03	1.028111e-04
2.290000e-03	1.027134e-04
2.300000e-03	1.026157e-04
2.310000e-03	1.025180e-04
2.320000e-03	1.024203e-04
2.330000e-03	1.023226e-04
2.340000e-03	1.022249e-04
2.350000e-03	1.021272e-04
2.360000e-03	1.020296e-04
2.370000e-03	1.019319e-04
2.380000e-03	1.018342e-04
2.390000e-03	1.017365e-04
2.400000e-03	1.016388e-04
2.410000e-03	1.015411e-04
2.420000e-03	1.014434e-04
2.430000e-03	1.013457e-04
2.440000e-03	1.012481e-04
2.450000e-03	1.011504e-04
2.460000e-03	1.010527e-04
2.470000e-03	1.009550e-04
2.480000e-03	1.008573e-04
2.490000e-03	1.007596e-04
2.500000e-03	1.006619e-04
2.510000e-03	1.005642e-04
2.520000e-03	1.004666e-04
2.530000e-03	1.003689e-04
2.540000e-03	1.002712e-04
2.550000e-03	1.001735e-04
2.560000e-03	1.000758e-04
2.570000e-03	9.997812e-05
2.580000e-03	9.988044e-05
2.590000e-03	9.978275e-05
2.600000e-03	9.968506e-05
2.610000e-03	9.958737e-05
2.620000e-03	9.948969e-05
2.630000e-03	9.939200e-05
2.640000e-03	9.929431e-05
2.650000e-03	9.919662e-05
2.660000e-03	9.909894e-05
2.670000e-03	9.900125e-05
2.680000e-03	9.890356e-05
2.690000e-03	9.880587e-05
2.700000e-03	9.870819e-05
2.710000e-03	9.861050e-05
2.720000e-03	9.851281e-05
2.730000e-03	9.841512e-05
2.740000e-03	9.831744e-05
2.750000e-03	9.821975e-05
2.760000e-03	9.812206e-05
2.770000e-03	9.802437e-05
2.780000e-03	9.792669e-05
2.790000e-03	9.782900e-05
2.800000e-03	9.773131e-05
2.810000e-03	9.763362e-05
2.820000e-03	9.753594e-05
2.830000e-03	9.743825e-05
2.840000e-03	9.734056e-05
2.850000e-03	9.724287e-05
2.860000e-03	9.714519e-05
2.870000e-03	9.704750e-05
2.880000e-03	9.694981e-05
2.890000e-03	9.685212e-05
2.900000e-03	9.675444e-05
2.910000e-03	9.665675e-05
2.920000e-03	9.655906e-05
2.930000e-03	9.646137e-05
2.940000e-03	9.636369e-05
2.950000e-03	9.626600e-05
2.960000e-03	9.616831e-05
2.970000e-03	9.607062e-05
2.980000e-03	9.597294e-05
2.990000e-03	9.587525e-05
3.000000e-03	9.577756e-05
3.010000e-03	9.567987e-05
3.020000e-03	9.558219e-05
3.030000e-03	9.548450e-05
3.040000e-03	9.538681e-05
3.050000e-03	9.528912e-05
3.060000e-03	9.519144e-05
3.070000e-03	9.509375e-05
3.080000e-03	9.499606e-05
3.090000e-03	9.489837e-05
3.100000e-03	9.480069e-05
3.110000e-03	9.470300e-05
3.120000e-03	9.460531e-05
3.130000e-03	9.450762e-05
3.140000e-03	9.440994e-05
3.150000e-03	9.431225e-05
3.160000e-03	9.421456e-05
3.170000e-03	9.411687e-05
3.180000e-03	9.401919e-05
3.190000e-03	9.392150e-05
3.200000e-03	9.382381e-05
3.210000e-03	9.372613e-05
3.220000e-03	9.362844e-05
3.230000e-03	9.353075e-05
3.240000e-03	9.343306e-05
3.250000e-03	9.333538e-05
3.260000e-03	9.323769e-05
3.270000e-03	9.314000e-05
3.280000e-03	9.304231e-05
3.290000e-03	9.294463e-05
3.300000e-03	9.284694e-05
3.310000e-03	9.274925e-05
3.320000e-03	9.265156e-05
3.330000e-03	9.255388e-05
3.340000e-03	9.245619e-05
3.350000e-03	9.235850e-05
3.360000e-03	9.226081e-05
3.370000e-03	9.216313e-05
3.380000e-03	9.206544e-05
3.390000e-03	9.196775e-05
3.400000e-03	9.187006e-05
3.410000e-03	9.177238e-05
3.420000e-03	9.167469e-05
3.430000e-03	9.157700e-05
3.440000e-03	9.147931e-05
3.450000e-03	9.138163e-05
3.460000e-03	9.128394e-05
3.470000e-03	9.118625e-05
3.480000e-03	9.108856e-05
3.490000e-03	9.099088e-05
3.500000e-03	9.089319e-05
3.510000e-03	9.079550e-05
3.520000e-03	9.069781e-05
3.530000e-03	9.060013e-05
3.540000e-03	9.050244e-05
3.550000e-03	9.040475e-05
3.560000e-03	9.030706e-05
3.570000e-03	9.020938e-05
3.580000e-03	9.011169e-05
3.590000e-03	9.001400e-05
3.600000e-03	8.991631e-05
3.610000e-03	8.981863e-05
3.620000e-03	8.972094e-05
3.630000e-03	8.962325e-05
3.640000e-03	8.952556e-05
3.650000e-03	8.942788e-05
3.660000e-03	8.933019e-05
3.670000e-03	8.923250e-05
3.680000e-03	8.913481e-05
3.690000e-03	8.903713e-05
3.700000e-03	8.893944e-05
3.710000e-03	8.884175e-05
3.720000e-03	8.874406e-05
3.730000e-03	8.864638e-05
3.740000e-03	8.854869e-05
3.750000e-03	8.845100e-05
3.760000e-03	8.835331e-05
3.770000e-03	8.825563e-05
3.780000e-03	8.815794e-05
3.790000e-03	8.806025e-05
3.800000e-03	8.796256e-05
3.810000e-03	8.786488e-05
3.820000e-03	8.776719e-05
3.830000e-03	8.766950e-05
3.840000e-03	8.757181e-05
3.850000e-03	8.747413e-05
3.860000e-03	8.737644e-05
3.870000e-03	8.727875e-05
3.880000e-03	8.718106e-05
3.890000e-03	8.708338e-05
3.900000e-03	8.698569e-05
3.910000e-03	8.688800e-05
3.920000e-03	8.679031e-05
3.930000e-03	8.669263e-05
3.940000e-03	8.659494e-05
3.950000e-03	8.649725e-05
3.960000e-03	8.639956e-05
3.970000e-03	8.630188e-05
3.980000e-03	8.620419e-05
3.990000e-03	8.610650e-05
4.000000e-03	8.600881e-05
4.010000e-03	8.591113e-05
4.020000e-03	8.581344e-05
4.030000e-03	8.571575e-05
4.040000e-03	8.561806e-05
4.050000e-03	8.552038e-05
4.060000e-03	8.542269e-05
4.070000e-03	8.532500e-05
4.080000e-03	8.522731e-05
4.090000e-03	8.512963e-05
4.100000e-03	8.503194e-05
4.110000e-03	8.493425e-05
4.120000e-03	8.483657e-05
4.130000e-03	8.473888e-05
4.140000e-03	8.464119e-05
4.150000e-03	8.454350e-05
4.160000e-03	8.444582e-05
4.170000e-03	8.434813e-05
4.180000e-03	8.425044e-05
4.190000e-03	8.415275e-05
4.200000e-03	8.405507e-05
4.210000e-03	8.395738e-05
4.220000e-03	8.385969e-05
4.230000e-03	8.376200e-05
4.240000e-03	8.366432e-05
4.250000e-03	8.356663e-05
4.260000e-03	8.346894e-05
4.270000e-03	8.337125e-05
4.280000e-03	8.327357e-05
4.290000e-03	8.317588e-05
4.300000e-03	8.307819e-05
4.310000e-03	8.298050e-05
4.320000e-03	8.288282e-05
4.330000e-03	8.278513e-05
4.340000e-03	8.268744e-05
4.350000e-03	8.258975e-05
4.360000e-03	8.249207e-05
4.370000e-03	8.239438e-05
4.380000e-03	8.229669e-05
4.390000e-03	8.219900e-05
4.400000e-03	8.210132e-05
4.410000e-03	8.200363e-05
4.420000e-03	8.190594e-05
4.430000e-03	8.180825e-05
4.440000e-03	8.171057e-05
4.450000e-03	8.161288e-05
4.460000e-03	8.151519e-05
4.470000e-03	8.141750e-05
4.480000e-03	8.131982e-05
4.490000e-03	8.122213e-05
4.500000e-03	8.112444e-05
4.510000e-03	8.102675e-05
4.520000e-03	8.092907e-05
4.530000e-03	8.083138e-05
4.540000e-03	8.073369e-05
4.550000e-03	8.063600e-05
4.560000e-03	8.053832e-05
4.570000e-03	8.044063e-05
4.580000e-03	8.034294e-05
4.590000e-03	8.024525e-05
4.600000e-03	8.014757e-05
4.610000e-03	8.004988e-05
4.620000e-03	7.995219e-05
4.630000e-03	7.985450e-05
4.640000e-03	7.975682e-05
4.650000e-03	7.965913e-05
4.660000e-03	7.956144e-05
4.670000e-03	7.946375e-05
4.680000e-03	7.936607e-05
4.690000e-03	7.926838e-05
4.700000e-03	7.917069e-05
4.710000e-03	7.907300e-05
4.720000e-03	7.897532e-05
4.730000e-03	7.887763e-05
4.740000e-03	7.877994e-05
4.750000e-03	7.868225e-05
4.760000e-03	7.858457e-05
4.770000e-03	7.848688e-05
4.780000e-03	7.838919e-05
4.790000e-03	7.829150e-05
4.800000e-03	7.819382e-05
4.810000e-03	7.809613e-05
4.820000e-03	7.799844e-05
4.830000e-03	7.790075e-05
4.840000e-03	7.780307e-05
4.850000e-03	7.770538e-05
4.860000e-03	7.760769e-05
4.870000e-03	7.751000e-05
4.880000e-03	7.741232e-05
4.890000e-03	7.731463e-05
4.900000e-03	7.721694e-05
4.910000e-03	7.711925e-05
4.920000e-03	7.702157e-05
4.930000e-03	7.692388e-05
4.940000e-03	7.682619e-05
4.950000e-03	7.672850e-05
4.960000e-03	7.663082e-05
4.970000e-03	7.653313e-05
4.980000e-03	7.643544e-05
4.990000e-03	7.633775e-05
5.000000e-03	7.624007e-05
5.010000e-03	7.618614e-05
5.020000e-03	7.613222e-05
5.030000e-03	7.607829e-05
5.040000e-03	7.602436e-05
5.050000e-03	7.597044e-05
5.060000e-03	7.591651e-05
5.070000e-03	7.586259e-05
5.080000e-03	7.580866e-05
5.090000e-03	7.575474e-05
5.100000e-03	7.570081e-05
5.110000e-03	7.564688e-05
5.120000e-03	7.559296e-05
5.130000e-03	7.553903e-05
5.140000e-03	7.548511e-05
5.150000e-03	7.543118e-05
5.160000e-03	7.537726e-05
5.170000e-03	7.532333e-05
5.180000e-03	7.526940e-05
5.190000e-03	7.521548e-05
5.200000e-03	7.516155e-05
5.210000e-03	7.510763e-05
5.220000e-03	7.505370e-05
5.230000e-03	7.499977e-05
5.240000e-03	7.494585e-05
5.250000e-03	7.489192e-05
5.260000e-03	7.483800e-05
5.270000e-03	7.478407e-05
5.280000e-03	7.473015e-05
5.290000e-03	7.467622e-05
5.300000e-03	7.462229e-05
5.310000e-03	7.456837e-05
5.320000e-03	7.451444e-05
5.330000e-03	7.446052e-05
5.340000e-03	7.440659e-05
5.350000e-03	7.435267e-05
5.360000e-03	7.429874e-05
5.370000e-03	7.424481e-05
5.380000e-03	7.419089e-05
5.390000e-03	7.413696e-05
5.400000e-03	7.408304e-05
5.410000e-03	7.402911e-05
5.420000e-03	7.397519e-05
5.430000e-03	7.392126e-05
5.440000e-03	7.386733e-05
5.450000e-03	7.381341e-05
5.460000e-03	7.375948e-05
5.470000e-03	7.370556e-05
5.480000e-03	7.365163e-05
5.490000e-03	7.359771e-05
5.500000e-03	7.354378e-05
5.510000e-03	7.348985e-05
5.520000e-03	7.343593e-05
5.530000e-03	7.338200e-05
5.540000e-03	7.332808e-05
5.550000e-03	7.327415e-05
5.560000e-03	7.322022e-05
5.570000e-03	7.316630e-05
5.580000e-03	7.311237e-05
5.590000e-03	7.305845e-05
5.600000e-03	7.300452e-05
5.610000e-03	7.295060e-05
5.620000e-03	7.289667e-05
5.630000e-03	7.284274e-05
5.640000e-03	7.278882e-05
5.650000e-03	7.273489e-05
5.660000e-03	7.268097e-05
5.670000e-03	7.262704e-05
5.680000e-03	7.257312e-05
5.690000e-03	7.251919e-05
5.700000e-03	7.246526e-05
5.710000e-03	7.241134e-05
5.720000e-03	7.235741e-05
5.730000e-03	7.230349e-05
5.740000e-03	7.224956e-05
5.750000e-03	7.219564e-05
5.760000e-03	7.214171e-05
5.770000e-03	7.208778e-05
5.780000e-03	7.203386e-05
5.790000e-03	7.197993e-05
5.800000e-03	7.192601e-05
5.810000e-03	7.187208e-05
5.820000e-03	7.181816e-05
5.830000e-03	7.176423e-05
5.840000e-03	7.171030e-05
5.850000e-03	7.165638e-05
5.860000e-03	7.160245e-05
5.870000e-03	7.154853e-05
5.880000e-03	7.149460e-05
5.890000e-03	7.144067e-05
5.900000e-03	7.138675e-05
5.910000e-03	7.133282e-05
5.920000e-03	7.127890e-05
5.930000e-03	7.122497e-05
5.940000e-03	7.117105e-05
5.950000e-03	7.111712e-05
5.960000e-03	7.106319e-05
5.970000e-03	7.100927e-05
5.980000e-03	7.095534e-05
5.990000e-03	7.090142e-05
6.000000e-03	7.084749e-05
6.010000e-03	7.081179e-05
6.020000e-03	7.077610e-05
6.030000e-03	7.074040e-05
6.040000e-03	7.070470e-05
6.050000e-03	7.066901e-05
6.060000e-03	7.063331e-05
6.070000e-03	7.059761e-05
6.080000e-03	7.056192e-05
6.090000e-03	7.052622e-05
6.100000e-03	7.049052e-05
6.110000e-03	7.045483e-05
6.120000e-03	7.041913e-05
6.130000e-03	7.038343e-05
6.140000e-03	7.034774e-05
6.150000e-03	7.031204e-05
6.160000e-03	7.027634e-05
6.170000e-03	7.024065e-05
6.180000e-03	7.020495e-05
6.190000e-03	7.016925e-05
6.200000e-03	7.013355e-05
6.210000e-03	7.009786e-05
6.220000e-03	7.006216e-05
6.230000e-03	7.002646e-05
6.240000e-03	6.999077e-05
6.250000e-03	6.995507e-05
6.260000e-03	6.991937e-05
6.270000e-03	6.988368e-05
6.280000e-03	6.984798e-05
6.290000e-03	6.981228e-05
6.300000e-03	6.977659e-05
6.310000e-03	6.974089e-05
6.320000e-03	6.970519e-05
6.330000e-03	6.966950e-05
6.340000e-03	6.963380e-05
6.350000e-03	6.959810e-05
6.360000e-03	6.956240e-05
6.370000e-03	6.952671e-05
6.380000e-03	6.949101e-05
6.390000e-03	6.945531e-05
6.400000e-03	6.941962e-05
6.410000e-03	6.938392e-05
6.420000e-03	6.934822e-05
6.430000e-03	6.931253e-05
6.440000e-03	6.927683e-05
6.450000e-03	6.924113e-05
6.460000e-03	6.920544e-05
6.470000e-03	6.916974e-05
6.480000e-03	6.913404e-05
6.490000e-03	6.909835e-05
6.500000e-03	6.906265e-05
6.510000e-03	6.902695e-05
6.520000e-03	6.899126e-05
6.530000e-03	6.895556e-05
6.540000e-03	6.891986e-05
6.550000e-03	6.888416e-05
6.560000e-03	6.884847e-05
6.570000e-03	6.881277e-05
6.580000e-03	6.877707e-05
6.590000e-03	6.874138e-05
6.600000e-03	6.870568e-05
6.610000e-03	6.866998e-05
6.620000e-03	6.863429e-05
6.630000e-03	6.859859e-05
6.640000e-03	6.856289e-05
6.650000e-03	6.852720e-05
6.660000e-03	6.849150e-05
6.670000e-03	6.845580e-05
6.680000e-03	6.842011e-05
6.690000e-03	6.838441e-05
6.700000e-03	6.834871e-05
6.710000e-03	6.831302e-05
6.720000e-03	6.827732e-05
6.730000e-03	6.824162e-05
6.740000e-03	6.820592e-05
6.750000e-03	6.817023e-05
6.760000e-03	6.813453e-05
6.770000e-03	6.809883e-05
6.780000e-03	6.806314e-05
6.790000e-03	6.802744e-05
6.800000e-03	6.799174e-05
6.810000e-03	6.795605e-05
6.820000e-03	6.792035e-05
6.830000e-03	6.788465e-05
6.840000e-03	6.784896e-05
6.850000e-03	6.781326e-05
6.860000e-03	6.777756e-05
6.870000e-03	6.774187e-05
6.880000e-03	6.770617e-05
6.890000e-03	6.767047e-05
6.900000e-03	6.763477e-05
6.910000e-03	6.759908e-05
6.920000e-03	6.756338e-05
6.930000e-03	6.752768e-05
6.940000e-03	6.749199e-05
6.950000e-03	6.745629e-05
6.960000e-03	6.742059e-05
6.970000e-03	6.738490e-05
6.980000e-03	6.734920e-05
6.990000e-03	6.731350e-05
7.000000e-03	6.727781e-05
7.010000e-03	6.726331e-05
7.020000e-03	6.724881e-05
7.030000e-03	6.723432e-05
7.040000e-03	6.721982e-05
7.050000e-03	6.720533e-05
7.060000e-03	6.719083e-05
7.070000e-03	6.717634e-05
7.080000e-03	6.716184e-05
7.090000e-03	6.714734e-05
7.100000e-03	6.713285e-05
7.110000e-03	6.711835e-05
7.120000e-03	6.710386e-05
7.130000e-03	6.708936e-05
7.140000e-03	6.707487e-05
7.150000e-03	6.706037e-05
7.160000e-03	6.704587e-05
7.170000e-03	6.703138e-05
7.180000e-03	6.701688e-05
7.190000e-03	6.700239e-05
7.200000e-03	6.698789e-05
7.210000e-03	6.697340e-05
7.220000e-03	6.695890e-05
7.230000e-03	6.694440e-05
7.240000e-03	6.692991e-05
7.250000e-03	6.691541e-05
7.260000e-03	6.690092e-05
7.270000e-03	6.688642e-05
7.280000e-03	6.687193e-05
7.290000e-03	6.685743e-05
7.300000e-03	6.684293e-05
7.310000e-03	6.682844e-05
7.320000e-03	6.681394e-05
7.330000e-03	6.679945e-05
7.340000e-03	6.678495e-05
7.350000e-03	6.677046e-05
7.360000e-03	6.675596e-05
7.370000e-03	6.674146e-05
7.380000e-03	6.672697e-05
7.390000e-03	6.671247e-05
7.400000e-03	6.669798e-05
7.410000e-03	6.668348e-05
7.420000e-03	6.666899e-05
7.430000e-03	6.665449e-05
7.440000e-03	6.663999e-05
7.450000e-03	6.662550e-05
7.460000e-03	6.661100e-05
7.470000e-03	6.659651e-05
7.480000e-03	6.658201e-05
7.490000e-03	6.656752e-05
7.500000e-03	6.655302e-05
7.510000e-03	6.653852e-05
7.520000e-03	6.652403e-05
7.530000e-03	6.650953e-05
7.540000e-03	6.649504e-05
7.550000e-03	6.648054e-05
7.560000e-03	6.646605e-05
7.570000e-03	6.645155e-05
7.580000e-03	6.643705e-05
7.590000e-03	6.642256e-05
7.600000e-03	6.640806e-05
7.610000e-03	6.639357e-05
7.620000e-03	6.637907e-05
7.630000e-03	6.636458e-05
7.640000e-03	6.635008e-05
7.650000e-03	6.633558e-05
7.660000e-03	6.632109e-05
7.670000e-03	6.630659e-05
7.680000e-03	6.629210e-05
7.690000e-03	6.627760e-05
7.700000e-03	6.626311e-05
7.710000e-03	6.624861e-05
7.720000e-03	6.623411e-05
7.730000e-03	6.621962e-05
7.740000e-03	6.620512e-05
7.750000e-03	6.619063e-05
7.760000e-03	6.617613e-05
7.770000e-03	6.616164e-05
7.780000e-03	6.614714e-05
7.790000e-03	6.613264e-05
7.800000e-03	6.611815e-05
7.810000e-03	6.610365e-05
7.820000e-03	6.608916e-05
7.830000e-03	6.607466e-05
7.840000e-03	6.606017e-05
7.850000e-03	6.604567e-05
7.860000e-03	6.603117e-05
7.870000e-03	6.601668e-05
7.880000e-03	6.600218e-05
7.890000e-03	6.598769e-05
7.900000e-03	6.597319e-05
7.910000e-03	6.595870e-05
7.920000e-03	6.594420e-05
7.930000e-03	6.592970e-05
7.940000e-03	6.591521e-05
7.950000e-03	6.590071e-05
7.960000e-03	6.588622e-05
7.970000e-03	6.587172e-05
7.980000e-03	6.585723e-05
7.990000e-03	6.584273e-05
8.000000e-03	6.582823e-05
8.010000e-03	6.583632e-05
8.020000e-03	6.584441e-05
8.030000e-03	6.585250e-05
8.040000e-03	6.586060e-05
8.050000e-03	6.586869e-05
8.060000e-03	6.587678e-05
8.070000e-03	6.588487e-05
8.080000e-03	6.589296e-05
8.090000e-03	6.590105e-05
8.100000e-03	6.590914e-05
8.110000e-03	6.591723e-05
8.120000e-03	6.592532e-05
8.130000e-03	6.593341e-05
8.140000e-03	6.594150e-05
8.150000e-03	6.594959e-05
8.160000e-03	6.595768e-05
8.170000e-03	6.596577e-05
8.180000e-03	6.597386e-05
8.190000e-03	6.598195e-05
8.200000e-03	6.599004e-05
8.210000e-03	6.599813e-05
8.220000e-03	6.600622e-05
8.230000e-03	6.601431e-05
8.240000e-03	6.602240e-05
8.250000e-03	6.603049e-05
8.260000e-03	6.603858e-05
8.270000e-03	6.604667e-05
8.280000e-03	6.605477e-05
8.290000e-03	6.606286e-05
8.300000e-03	6.607095e-05
8.310000e-03	6.607904e-05
8.320000e-03	6.608713e-05
8.330000e-03	6.609522e-05
8.340000e-03	6.610331e-05
8.350000e-03	6.611140e-05
8.360000e-03	6.611949e-05
8.370000e-03	6.612758e-05
8.380000e-03	6.613567e-05
8.390000e-03	6.614376e-05
8.400000e-03	6.615185e-05
8.410000e-03	6.615994e-05
8.420000e-03	6.616803e-05
8.430000e-03	6.617612e-05
8.440000e-03	6.618421e-05
8.450000e-03	6.619230e-05
8.460000e-03	6.620039e-05
8.470000e-03	6.620848e-05
8.480000e-03	6.621657e-05
8.490000e-03	6.622466e-05
8.500000e-03	6.623275e-05
8.510000e-03	6.624084e-05
8.520000e-03	6.624894e-05
8.530000e-03	6.625703e-05
8.540000e-03	6.626512e-05
8.550000e-03	6.627321e-05
8.560000e-03	6.628130e-05
8.570000e-03	6.628939e-05
8.580000e-03	6.629748e-05
8.590000e-03	6.630557e-05
8.600000e-03	6.631366e-05
8.610000e-03	6.632175e-05
8.620000e-03	6.632984e-05
8.630000e-03	6.633793e-05
8.640000e-03	6.634602e-05
8.650000e-03	6.635411e-05
8.660000e-03	6.636220e-05
8.670000e-03	6.637029e-05
8.680000e-03	6.637838e-05
8.690000e-03	6.638647e-05
8.700000e-03	6.639456e-05
8.710000e-03	6.640265e-05
8.720000e-03	6.641074e-05
8.730000e-03	6.641883e-05
8.740000e-03	6.642692e-05
8.750000e-03	6.643501e-05
8.760000e-03	6.644311e-05
8.770000e-03	6.645120e-05
8.780000e-03	6.645929e-05
8.790000e-03	6.646738e-05
8.800000e-03	6.647547e-05
8.810000e-03	6.648356e-05
8.820000e-03	6.649165e-05
8.830000e-03	6.649974e-05
8.840000e-03	6.650783e-05
8.850000e-03	6.651592e-05
8.860000e-03	6.652401e-05
8.870000e-03	6.653210e-05
8.880000e-03	6.654019e-05
8.890000e-03	6.654828e-05
8.900000e-03	6.655637e-05
8.910000e-03	6.656446e-05
8.920000e-03	6.657255e-05
8.930000e-03	6.658064e-05
8.940000e-03	6.658873e-05
8.950000e-03	6.659682e-05
8.960000e-03	6.660491e-05
8.970000e-03	6.661300e-05
8.980000e-03	6.662109e-05
8.990000e-03	6.662918e-05
9.000000e-03	6.663728e-05
9.010000e-03	6.666716e-05
9.020000e-03	6.669705e-05
9.030000e-03	6.672694e-05
9.040000e-03	6.675683e-05
9.050000e-03	6.678672e-05
9.060000e-03	6.681661e-05
9.070000e-03	6.684650e-05
9.080000e-03	6.687639e-05
9.090000e-03	6.690628e-05
9.100000e-03	6.693617e-05
9.110000e-03	6.696606e-05
9.120000e-03	6.699595e-05
9.130000e-03	6.702584e-05
9.140000e-03	6.705573e-05
9.150000e-03	6.708562e-05
9.160000e-03	6.711551e-05
9.170000e-03	6.714540e-05
9.180000e-03	6.717529e-05
9.190000e-03	6.720518e-05
9.200000e-03	6.723507e-05
9.210000e-03	6.726496e-05
9.220000e-03	6.729485e-05
9.230000e-03	6.732474e-05
9.240000e-03	6.735463e-05
9.250000e-03	6.738452e-05
9.260000e-03	6.741441e-05
9.270000e-03	6.744430e-05
9.280000e-03	6.747419e-05
9.290000e-03	6.750408e-05
9.300000e-03	6.753397e-05
9.310000e-03	6.756385e-05
9.320000e-03	6.759374e-05
9.330000e-03	6.762363e-05
9.340000e-03	6.765352e-05
9.350000e-03	6.768341e-05
9.360000e-03	6.771330e-05
9.370000e-03	6.774319e-05
9.380000e-03	6.777308e-05
9.390000e-03	6.780297e-05
9.400000e-03	6.783286e-05
9.410000e-03	6.786275e-05
9.420000e-03	6.789264e-05
9.430000e-03	6.792253e-05
9.440000e-03	6.795242e-05
9.450000e-03	6.798231e-05
9.460000e-03	6.801220e-05
9.470000e-03	6.804209e-05
9.480000e-03	6.807198e-05
9.490000e-03	6.810187e-05
9.500000e-03	6.813176e-05
9.510000e-03	6.816165e-05
9.520000e-03	6.819154e-05
9.530000e-03	6.822143e-05
9.540000e-03	6.825132e-05
9.550000e-03	6.828121e-05
9.560000e-03	6.831110e-05
9.570000e-03	6.834099e-05
9.580000e-03	6.837088e-05
9.590000e-03	6.840077e-05
9.600000e-03	6.843066e-05
9.610000e-03	6.846054e-05
9.620000e-03	6.849043e-05
9.630000e-03	6.852032e-05
9.640000e-03	6.855021e-05
9.650000e-03	6.858010e-05
9.660000e-03	6.860999e-05
9.670000e-03	6.863988e-05
9.680000e-03	6.866977e-05
9.690000e-03	6.869966e-05
9.700000e-03	6.872955e-05
9.710000e-03	6.875944e-05
9.720000e-03	6.878933e-05
9.730000e-03	6.881922e-05
9.740000e-03	6.884911e-05
9.750000e-03	6.887900e-05
9.760000e-03	6.890889e-05
9.770000e-03	6.893878e-05
9.780000e-03	6.896867e-05
9.790000e-03	6.899856e-05
9.800000e-03	6.902845e-05
9.810000e-03	6.905834e-05
9.820000e-03	6.908823e-05
9.830000e-03	6.911812e-05
9.840000e-03	6.914801e-05
9.850000e-03	6.917790e-05
9.860000e-03	6.920779e-05
9.870000e-03	6.923768e-05
9.880000e-03	6.926757e-05
9.890000e-03	6.929746e-05
9.900000e-03	6.932735e-05
9.910000e-03	6.935723e-05
9.920000e-03	6.938712e-05
9.930000e-03	6.941701e-05
9.940000e-03	6.944690e-05
9.950000e-03	6.947679e-05
9.960000e-03	6.950668e-05
9.970000e-03	6.953657e-05
9.980000e-03	6.956646e-05
9.990000e-03	6.959635e-05
1.000000e-02	6.962624e-05
1.001000e-02	6.971812e-05
1.002000e-02	6.981000e-05
1.003000e-02	6.990188e-05
1.004000e-02	6.999375e-05
1.005000e-02	7.008563e-05
1.006000e-02	7.017751e-05
1.007000e-02	7.026939e-05
1.008000e-02	7.036126e-05
1.009000e-02	7.045314e-05
1.010000e-02	7.054502e-05
1.011000e-02	7.063690e-05
1.012000e-02	7.072878e-05
1.013000e-02	7.082065e-05
1.014000e-02	7.091253e-05
1.015000e-02	7.100441e-05
1.016000e-02	7.109629e-05
1.017000e-02	7.118816e-05
1.018000e-02	7.128004e-05
1.019000e-02	7.137192e-05
1.020000e-02	7.146380e-05
1.021000e-02	7.155568e-05
1.022000e-02	7.164755e-05
1.023000e-02	7.173943e-05
1.024000e-02	7.183131e-05
1.025000e-02	7.192319e-05
1.026000e-02	7.201506e-05
1.027000e-02	7.210694e-05
1.028000e-02	7.219882e-05
1.029000e-02	7.229070e-05
1.030000e-02	7.238258e-05
1.031000e-02	7.247445e-05
1.032000e-02	7.256633e-05
1.033000e-02	7.265821e-05
1.034000e-02	7.275009e-05
1.035000e-02	7.284196e-05
1.036000e-02	7.293384e-05
1.037000e-02	7.302572e-05
1.038000e-02	7.311760e-05
1.039000e-02	7.320948e-05
1.040000e-02	7.330135e-05
1.041000e-02	7.339323e-05
1.042000e-02	7.348511e-05
1.043000e-02	7.357699e-05
1.044000e-02	7.366886e-05
1.045000e-02	7.376074e-05
1.046000e-02	7.385262e-05
1.047000e-02	7.394450e-05
1.048000e-02	7.403638e-05
1.049000e-02	7.412825e-05
1.050000e-02	7.422013e-05
1.051000e-02	7.431201e-05
1.052000e-02	7.440389e-05
1.053000e-02	7.449576e-05
1.054000e-02	7.458764e-05
1.055000e-02	7.467952e-05
1.056000e-02	7.477140e-05
1.057000e-02	7.486328e-05
1.058000e-02	7.495515e-05
1.059000e-02	7.504703e-05
1.060000e-02	7.513891e-05
1.061000e-02	7.523079e-05
1.062000e-02	7.532266e-05
1.063000e-02	7.541454e-05
1.064000e-02	7.550642e-05
1.065000e-02	7.559830e-05
1.066000e-02	7.569018e-05
1.067000e-02	7.578205e-05
1.068000e-02	7.587393e-05
1.069000e-02	7.596581e-05
1.070000e-02	7.605769e-05
1.071000e-02	7.614956e-05
1.072000e-02	7.624144e-05
1.073000e-02	7.633332e-05
1.074000e-02	7.642520e-05
1.075000e-02	7.651708e-05
1.076000e-02	7.660895e-05
1.077000e-02	7.670083e-05
1.078000e-02	7.679271e-05
1.079000e-02	7.688459e-05
1.080000e-02	7.697646e-05
1.081000e-02	7.706834e-05
1.082000e-02	7.716022e-05
1.083000e-02	7.725210e-05
1.084000e-02	7.734398e-05
1.085000e-02	7.743585e-05
1.086000e-02	7.752773e-05
1.087000e-02	7.761961e-05
1.088000e-02	7.771149e-05
1.089000e-02	7.780336e-05
1.090000e-02	7.789524e-05
1.091000e-02	7.798712e-05
1.092000e-02	7.807900e-05
1.093000e-02	7.817088e-05
1.094000e-02	7.826275e-05
1.095000e-02	7.835463e-05
1.096000e-02	7.844651e-05
1.097000e-02	7.853839e-05
1.098000e-02	7.863026e-05
1.099000e-02	7.872214e-05
1.100000e-02	7.881402e-05
1.101000e-02	7.890590e-05
1.102000e-02	7.899778e-05
1.103000e-02	7.908965e-05
1.104000e-02	7.918153e-05
1.105000e-02	7.927341e-05
1.106000e-02	7.936529e-05
1.107000e-02	7.945716e-05
1.108000e-02	7.954904e-05
1.109000e-02	7.964092e-05
1.110000e-02	7.973280e-05
1.111000e-02	7.982468e-05
1.112000e-02	7.991655e-05
1.113000e-02	8.000843e-05
1.114000e-02	8.010031e-05
1.115000e-02	8.019219e-05
1.116000e-02	8.028406e-05
1.117000e-02	8.037594e-05
1.118000e-02	8.046782e-05
1.119000e-02	8.055970e-05
1.120000e-02	8.065158e-05
1.121000e-02	8.074345e-05
1.122000e-02	8.083533e-05
1.123000e-02	8.092721e-05
1.124000e-02	8.101909e-05
1.125000e-02	8.111096e-05
1.126000e-02	8.120284e-05
1.127000e-02	8.129472e-05
1.128000e-02	8.138660e-05
1.129000e-02	8.147848e-05
1.130000e-02	8.157035e-05
1.131000e-02	8.166223e-05
1.132000e-02	8.175411e-05
1.133000e-02	8.184599e-05
1.134000e-02	8.193786e-05
1.135000e-02	8.202974e-05
1.136000e-02	8.212162e-05
1.137000e-02	8.221350e-05
1.138000e-02	8.230538e-05
1.139000e-02	8.239725e-05
1.140000e-02	8.248913e-05
1.141000e-02	8.258101e-05
1.142000e-02	8.267289e-05
1.143000e-02	8.276476e-05
1.144000e-02	8.285664e-05
1.145000e-02	8.294852e-05
1.146000e-02	8.304040e-05
1.147000e-02	8.313228e-05
1.148000e-02	8.322415e-05
1.149000e-02	8.331603e-05
1.150000e-02	8.340791e-05
1.151000e-02	8.349979e-05
1.152000e-02	8.359166e-05
1.153000e-02	8.368354e-05
1.154000e-02	8.377542e-05
1.155000e-02	8.386730e-05
1.156000e-02	8.395918e-05
1.157000e-02	8.405105e-05
1.158000e-02	8.414293e-05
1.159000e-02	8.423481e-05
1.160000e-02	8.432669e-05
1.161000e-02	8.441856e-05
1.162000e-02	8.451044e-05
1.163000e-02	8.460232e-05
1.164000e-02	8.469420e-05
1.165000e-02	8.478608e-05
1.166000e-02	8.487795e-05
1.167000e-02	8.496983e-05
1.168000e-02	8.506171e-05
1.169000e-02	8.515359e-05
1.170000e-02	8.524546e-05
1.171000e-02	8.533734e-05
1.172000e-02	8.542922e-05
1.173000e-02	8.552110e-05
1.174000e-02	8.561298e-05
1.175000e-02	8.570485e-05
1.176000e-02	8.579673e-05
1.177000e-02	8.588861e-05
1.178000e-02	8.598049e-05
1.179000e-02	8.607236e-05
1.180000e-02	8.616424e-05
1.181000e-02	8.625612e-05
1.182000e-02	8.634800e-05
1.183000e-02	8.643988e-05
1.184000e-02	8.653175e-05
1.185000e-02	8.662363e-05
1.186000e-02	8.671551e-05
1.187000e-02	8.680739e-05
1.188000e-02	8.689926e-05
1.189000e-02	8.699114e-05
1.190000e-02	8.708302e-05
1.191000e-02	8.717490e-05
1.192000e-02	8.726678e-05
1.193000e-02	8.735865e-05
1.194000e-02	8.745053e-05
1.195000e-02	8.754241e-05
1.196000e-02	8.763429e-05
1.197000e-02	8.772616e-05
1.198000e-02	8.781804e-05
1.199000e-02	8.790992e-05
1.200000e-02	8.800180e-05
1.201000e-02	8.809368e-05
1.202000e-02	8.818555e-05
1.203000e-02	8.827743e-05
1.204000e-02	8.836931e-05
1.205000e-02	8.846119e-05
1.206000e-02	8.855306e-05
1.207000e-02	8.864494e-05
1.208000e-02	8.873682e-05
1.209000e-02	8.882870e-05
1.210000e-02	8.892058e-05
1.211000e-02	8.901245e-05
1.212000e-02	8.910433e-05
1.213000e-02	8.919621e-05
1.214000e-02	8.928809e-05
1.215000e-02	8.937997e-05
1.216000e-02	8.947184e-05
1.217000e-02	8.956372e-05
1.218000e-02	8.965560e-05
1.219000e-02	8.974748e-05
1.220000e-02	8.983935e-05
1.221000e-02	8.993123e-05
1.222000e-02	9.002311e-05
1.223000e-02	9.011499e-05
1.224000e-02	9.020687e-05
1.225000e-02	9.029874e-05
1.226000e-02	9.039062e-05
1.227000e-02	9.048250e-05
1.228000e-02	9.057438e-05
1.229000e-02	9.066625e-05
1.230000e-02	9.075813e-05
1.231000e-02	9.085001e-05
1.232000e-02	9.094189e-05
1.233000e-02	9.103377e-05
1.234000e-02	9.112564e-05
1.235000e-02	9.121752e-05
1.236000e-02	9.130940e-05
1.237000e-02	9.140128e-05
1.238000e-02	9.149315e-05
1.239000e-02	9.158503e-05
1.240000e-02	9.167691e-05
1.241000e-02	9.176879e-05
1.242000e-02	9.186067e-05
1.243000e-02	9.195254e-05
1.244000e-02	9.204442e-05
1.245000e-02	9.213630e-05
1.246000e-02	9.222818e-05
1.247000e-02	9.232005e-05
1.248000e-02	9.241193e-05
1.249000e-02	9.250381e-05
1.250000e-02	9.259569e-05
1.251000e-02	9.268757e-05
1.252000e-02	9.277944e-05
1.253000e-02	9.287132e-05
1.254000e-02	9.296320e-05
1.255000e-02	9.305508e-05
1.256000e-02	9.314695e-05
1.257000e-02	9.323883e-05
1.258000e-02	9.333071e-05
1.259000e-02	9.342259e-05
1.260000e-02	9.351447e-05
1.261000e-02	9.360634e-05
1.262000e-02	9.369822e-05
1.263000e-02	9.379010e-05
1.264000e-02	9.388198e-05
1.265000e-02	9.397385e-05
1.266000e-02	9.406573e-05
1.267000e-02	9.415761e-05
1.268000e-02	9.424949e-05
1.269000e-02	9.434137e-05
1.270000e-02	9.443324e-05
1.271000e-02	9.452512e-05
1.272000e-02	9.461700e-05
1.273000e-02	9.470888e-05
1.274000e-02	9.480075e-05
1.275000e-02	9.489263e-05
1.276000e-02	9.498451e-05
1.277000e-02	9.507639e-05
1.278000e-02	9.516827e-05
1.279000e-02	9.526014e-05
1.280000e-02	9.535202e-05
1.281000e-02	9.544390e-05
1.282000e-02	9.553578e-05
1.283000e-02	9.562765e-05
1.284000e-02	9.571953e-05
1.285000e-02	9.581141e-05
1.286000e-02	9.590329e-05
1.287000e-02	9.599517e-05
1.288000e-02	9.608704e-05
1.289000e-02	9.617892e-05
1.290000e-02	9.627080e-05
1.291000e-02	9.636268e-05
1.292000e-02	9.645455e-05
1.293000e-02	9.654643e-05
1.294000e-02	9.663831e-05
1.295000e-02	9.673019e-05
1.296000e-02	9.682207e-05
1.297000e-02	9.691394e-05
1.298000e-02	9.700582e-05
1.299000e-02	9.709770e-05
1.300000e-02	9.718958e-05
1.301000e-02	9.728145e-05
1.302000e-02	9.737333e-05
1.303000e-02	9.746521e-05
1.304000e-02	9.755709e-05
1.305000e-02	9.764897e-05
1.306000e-02	9.774084e-05
1.307000e-02	9.783272e-05
1.308000e-02	9.792460e-05
1.309000e-02	9.801648e-05
1.310000e-02	9.810835e-05
1.311000e-02	9.820023e-05
1.312000e-02	9.829211e-05
1.313000e-02	9.838399e-05
1.314000e-02	9.847587e-05
1.315000e-02	9.856774e-05
1.316000e-02	9.865962e-05
1.317000e-02	9.875150e-05
1.318000e-02	9.884338e-05
1.319000e-02	9.893525e-05
1.320000e-02	9.902713e-05
1.321000e-02	9.911901e-05
1.322000e-02	9.921089e-05
1.323000e-02	9.930277e-05
1.324000e-02	9.939464e-05
1.325000e-02	9.948652e-05
1.326000e-02	9.957840e-05
1.327000e-02	9.967028e-05
1.328000e-02	9.976215e-05
1.329000e-02	9.985403e-05
1.330000e-02	9.994591e-05
1.331000e-02	1.000378e-04
1.332000e-02	1.001297e-04
1.333000e-02	1.002215e-04
1.334000e-02	1.003134e-04
1.335000e-02	1.004053e-04
1.336000e-02	1.004972e-04
1.337000e-02	1.005891e-04
1.338000e-02	1.006809e-04
1.339000e-02	1.007728e-04
1.340000e-02	1.008647e-04
1.341000e-02	1.009566e-04
1.342000e-02	1.010484e-04
1.343000e-02	1.011403e-04
1.344000e-02	1.012322e-04
1.345000e-02	1.013241e-04
1.346000e-02	1.014160e-04
1.347000e-02	1.015078e-04
1.348000e-02	1.015997e-04
1.349000e-02	1.016916e-04
1.350000e-02	1.017835e-04
1.351000e-02	1.018753e-04
1.352000e-02	1.019672e-04
1.353000e-02	1.020591e-04
1.354000e-02	1.021510e-04
1.355000e-02	1.022429e-04
1.356000e-02	1.023347e-04
1.357000e-02	1.024266e-04
1.358000e-02	1.025185e-04
1.359000e-02	1.026104e-04
1.360000e-02	1.027022e-04
1.361000e-02	1.027941e-04
1.362000e-02	1.028860e-04
1.363000e-02	1.029779e-04
1.364000e-02	1.030698e-04
1.365000e-02	1.031616e-04
1.366000e-02	1.032535e-04
1.367000e-02	1.033454e-04
1.368000e-02	1.034373e-04
1.369000e-02	1.035291e-04
1.370000e-02	1.036210e-04
1.371000e-02	1.037129e-04
1.372000e-02	1.038048e-04
1.373000e-02	1.038967e-04
1.374000e-02	1.039885e-04
1.375000e-02	1.040804e-04
1.376000e-02	1.041723e-04
1.377000e-02	1.042642e-04
1.378000e-02	1.043560e-04
1.379000e-02	1.044479e-04
1.380000e-02	1.045398e-04
1.381000e-02	1.046317e-04
1.382000e-02	1.047236e-04
1.383000e-02	1.048154e-04
1.384000e-02	1.049073e-04
1.385000e-02	1.049992e-04
1.386000e-02	1.050911e-04
1.387000e-02	1.051829e-04
1.388000e-02	1.052748e-04
1.389000e-02	1.053667e-04
1.390000e-02	1.054586e-04
1.391000e-02	1.055505e-04
1.392000e-02	1.056423e-04
1.393000e-02	1.057342e-04
1.394000e-02	1.058261e-04
1.395000e-02	1.059180e-04
1.396000e-02	1.060098e-04
1.397000e-02	1.061017e-04
1.398000e-02	1.061936e-04
1.399000e-02	1.062855e-04
1.400000e-02	1.063774e-04
1.401000e-02	1.064692e-04
1.402000e-02	1.065611e-04
1.403000e-02	1.066530e-04
1.404000e-02	1.067449e-04
1.405000e-02	1.068367e-04
1.406000e-02	1.069286e-04
1.407000e-02	1.070205e-04
1.408000e-02	1.071124e-04
1.409000e-02	1.072043e-04
1.410000e-02	1.072961e-04
1.411000e-02	1.073880e-04
1.412000e-02	1.074799e-04
1.413000e-02	1.075718e-04
1.414000e-02	1.076636e-04
1.415000e-02	1.077555e-04
1.416000e-02	1.078474e-04
1.417000e-02	1.079393e-04
1.418000e-02	1.080312e-04
1.419000e-02	1.081230e-04
1.420000e-02	1.082149e-04
1.421000e-02	1.083068e-04
1.422000e-02	1.083987e-04
1.423000e-02	1.084905e-04
1.424000e-02	1.085824e-04
1.425000e-02	1.086743e-04
1.426000e-02	1.087662e-04
1.427000e-02	1.088581e-04
1.428000e-02	1.089499e-04
1.429000e-02	1.090418e-04
1.430000e-02	1.091337e-04
1.431000e-02	1.092256e-04
1.432000e-02	1.093174e-04
1.433000e-02	1.094093e-04
1.434000e-02	1.095012e-04
1.435000e-02	1.095931e-04
1.436000e-02	1.096850e-04
1.437000e-02	1.097768e-04
1.438000e-02	1.098687e-04
1.439000e-02	1.099606e-04
1.440000e-02	1.100525e-04
1.441000e-02	1.101443e-04
1.442000e-02	1.102362e-04
1.443000e-02	1.103281e-04
1.444000e-02	1.104200e-04
1.445000e-02	1.105119e-04
1.446000e-02	1.106037e-04
1.447000e-02	1.106956e-04
1.448000e-02	1.107875e-04
1.449000e-02	1.108794e-04
1.450000e-02	1.109712e-04
1.451000e-02	1.110631e-04
1.452000e-02	1.111550e-04
1.453000e-02	1.112469e-04
1.454000e-02	1.113388e-04
1.455000e-02	1.114306e-04
1.456000e-02	1.115225e-04
1.457000e-02	1.116144e-04
1.458000e-02	1.117063e-04
1.459000e-02	1.117981e-04
1.460000e-02	1.118900e-04
1.461000e-02	1.119819e-04
1.462000e-02	1.120738e-04
1.463000e-02	1.121657e-04
1.464000e-02	1.122575e-04
1.465000e-02	1.123494e-04
1.466000e-02	1.124413e-04
1.467000e-02	1.125332e-04
1.468000e-02	1.126250e-04
1.469000e-02	1.127169e-04
1.470000e-02	1.128088e-04
1.471000e-02	1.129007e-04
1.472000e-02	1.129926e-04
1.473000e-02	1.130844e-04
1.474000e-02	1.131763e-04
1.475000e-02	1.132682e-04
1.476000e-02	1.133601e-04
1.477000e-02	1.134519e-04
1.478000e-02	1.135438e-04
1.479000e-02	1.136357e-04
1.480000e-02	1.137276e-04
1.481000e-02	1.138195e-04
1.482000e-02	1.139113e-04
1.483000e-02	1.140032e-04
1.484000e-02	1.140951e-04
1.485000e-02	1.141870e-04
1.486000e-02	1.142788e-04
1.487000e-02	1.143707e-04
1.488000e-02	1.144626e-04
1.489000e-02	1.145545e-04
1.490000e-02	1.146464e-04
1.491000e-02	1.147382e-04
1.492000e-02	1.148301e-04
1.493000e-02	1.149220e-04
1.494000e-02	1.150139e-04
1.495000e-02	1.151057e-04
1.496000e-02	1.151976e-04
1.497000e-02	1.152895e-04
1.498000e-02	1.153814e-04
1.499000e-02	1.154733e-04
1.500000e-02	1.155651e-04
1.501000e-02	1.156570e-04
1.502000e-02	1.157489e-04
1.503000e-02	1.158408e-04
1.504000e-02	1.159326e-04
1.505000e-02	1.160245e-04
1.506000e-02	1.161164e-04
1.507000e-02	1.162083e-04
1.508000e-02	1.163002e-04
1.509000e-02	1.163920e-04
1.510000e-02	1.164839e-04
1.511000e-02	1.165758e-04
1.512000e-02	1.166677e-04
1.513000e-02	1.167595e-04
1.514000e-02	1.168514e-04
1.515000e-02	1.169433e-04
1.516000e-02	1.170352e-04
1.517000e-02	1.171271e-04
1.518000e-02	1.172189e-04
1.519000e-02	1.173108e-04
1.520000e-02	1.174027e-04
1.521000e-02	1.174946e-04
1.522000e-02	1.175864e-04
1.523000e-02	1.176783e-04
1.524000e-02	1.177702e-04
1.525000e-02	1.178621e-04
1.526000e-02	1.179540e-04
1.527000e-02	1.180458e-04
1.528000e-02	1.181377e-04
1.529000e-02	1.182296e-04
1.530000e-02	1.183215e-04
1.531000e-02	1.184133e-04
1.532000e-02	1.185052e-04
1.533000e-02	1.185971e-04
1.534000e-02	1.186890e-04
1.535000e-02	1.187809e-04
1.536000e-02	1.188727e-04
1.537000e-02	1.189646e-04
1.538000e-02	1.190565e-04
1.539000e-02	1.191484e-04
1.540000e-02	1.192402e-04
1.541000e-02	1.193321e-04
1.542000e-02	1.194240e-04
1.543000e-02	1.195159e-04
1.544000e-02	1.196078e-04
1.545000e-02	1.196996e-04
1.546000e-02	1.197915e-04
1.547000e-02	1.198834e-04
1.548000e-02	1.199753e-04
1.549000e-02	1.200671e-04
1.550000e-02	1.201590e-04
1.551000e-02	1.202509e-04
1.552000e-02	1.203428e-04
1.553000e-02	1.204347e-04
1.554000e-02	1.205265e-04
1.555000e-02	1.206184e-04
1.556000e-02	1.207103e-04
1.557000e-02	1.208022e-04
1.558000e-02	1.208940e-04
1.559000e-02	1.209859e-04
1.560000e-02	1.210778e-04
1.561000e-02	1.211697e-04
1.562000e-02	1.212616e-04
1.563000e-02	1.213534e-04
1.564000e-02	1.214453e-04
1.565000e-02	1.215372e-04
1.566000e-02	1.216291e-04
1.567000e-02	1.217209e-04
1.568000e-02	1.218128e-04
1.569000e-02	1.219047e-04
1.570000e-02	1.219966e-04
1.571000e-02	1.220885e-04
1.572000e-02	1.221803e-04
1.573000e-02	1.222722e-04
1.574000e-02	1.223641e-04
1.575000e-02	1.224560e-04
1.576000e-02	1.225478e-04
1.577000e-02	1.226397e-04
1.578000e-02	1.227316e-04
1.579000e-02	1.228235e-04
1.580000e-02	1.229154e-04
1.581000e-02	1.230072e-04
1.582000e-02	1.230991e-04
1.583000e-02	1.231910e-04
1.584000e-02	1.232829e-04
1.585000e-02	1.233747e-04
1.586000e-02	1.234666e-04
1.587000e-02	1.235585e-04
1.588000e-02	1.236504e-04
1.589000e-02	1.237423e-04
1.590000e-02	1.238341e-04
1.591000e-02	1.239260e-04
1.592000e-02	1.240179e-04
1.593000e-02	1.241098e-04
1.594000e-02	1.242016e-04
1.595000e-02	1.242935e-04
1.596000e-02	1.243854e-04
1.597000e-02	1.244773e-04
1.598000e-02	1.245692e-04
1.599000e-02	1.246610e-04
1.600000e-02	1.247529e-04
1.601000e-02	1.248448e-04
1.602000e-02	1.249367e-04
1.603000e-02	1.250285e-04
1.604000e-02	1.251204e-04
1.605000e-02	1.252123e-04
1.606000e-02	1.253042e-04
1.607000e-02	1.253961e-04
1.608000e-02	1.254879e-04
1.609000e-02	1.255798e-04
1.610000e-02	1.256717e-04
1.611000e-02	1.257636e-04
1.612000e-02	1.258554e-04
1.613000e-02	1.259473e-04
1.614000e-02	1.260392e-04
1.615000e-02	1.261311e-04
1.616000e-02	1.262230e-04
1.617000e-02	1.263148e-04
1.618000e-02	1.264067e-04
1.619000e-02	1.264986e-04
1.620000e-02	1.265905e-04
1.621000e-02	1.266823e-04
1.622000e-02	1.267742e-04
1.623000e-02	1.268661e-04
1.624000e-02	1.269580e-04
1.625000e-02	1.270499e-04
1.626000e-02	1.271417e-04
1.627000e-02	1.272336e-04
1.628000e-02	1.273255e-04
1.629000e-02	1.274174e-04
1.630000e-02	1.275092e-04
1.631000e-02	1.276011e-04
1.632000e-02	1.276930e-04
1.633000e-02	1.277849e-04
1.634000e-02	1.278768e-04
1.635000e-02	1.279686e-04
1.636000e-02	1.280605e-04
1.637000e-02	1.281524e-04
1.638000e-02	1.282443e-04
1.639000e-02	1.283361e-04
1.640000e-02	1.284280e-04
1.641000e-02	1.285199e-04
1.642000e-02	1.286118e-04
1.643000e-02	1.287037e-04
1.644000e-02	1.287955e-04
1.645000e-02	1.288874e-04
1.646000e-02	1.289793e-04
1.647000e-02	1.290712e-04
1.648000e-02	1.291630e-04
1.649000e-02	1.292549e-04
1.650000e-02	1.293468e-04
1.651000e-02	1.294387e-04
1.652000e-02	1.295306e-04
1.653000e-02	1.296224e-04
1.654000e-02	1.297143e-04
1.655000e-02	1.298062e-04
1.656000e-02	1.298981e-04
1.657000e-02	1.299899e-04
1.658000e-02	1.300818e-04
1.659000e-02	1.301737e-04
1.660000e-02	1.302656e-04
1.661000e-02	1.303575e-04
1.662000e-02	1.304493e-04
1.663000e-02	1.305412e-04
1.664000e-02	1.306331e-04
1.665000e-02	1.307250e-04
1.666000e-02	1.308168e-04
1.667000e-02	1.309087e-04
1.668000e-02	1.310006e-04
1.669000e-02	1.310925e-04
1.670000e-02	1.311844e-04
1.671000e-02	1.312762e-04
1.672000e-02	1.313681e-04
1.673000e-02	1.314600e-04
1.674000e-02	1.315519e-04
1.675000e-02	1.316437e-04
1.676000e-02	1.317356e-04
1.677000e-02	1.318275e-04
1.678000e-02	1.319194e-04
1.679000e-02	1.320113e-04
1.680000e-02	1.321031e-04
1.681000e-02	1.321950e-04
1.682000e-02	1.322869e-04
1.683000e-02	1.323788e-04
1.684000e-02	1.324706e-04
1.685000e-02	1.325625e-04
1.686000e-02	1.326544e-04
1.687000e-02	1.327463e-04
1.688000e-02	1.328382e-04
1.689000e-02	1.329300e-04
1.690000e-02	1.330219e-04
1.691000e-02	1.331138e-04
1.692000e-02	1.332057e-04
1.693000e-02	1.332975e-04
1.694000e-02	1.333894e-04
1.695000e-02	1.334813e-04
1.696000e-02	1.335732e-04
1.697000e-02	1.336651e-04
1.698000e-02	1.337569e-04
1.699000e-02	1.338488e-04
1.700000e-02	1.339407e-04
1.701000e-02	1.340326e-04
1.702000e-02	1.341244e-04
1.703000e-02	1.342163e-04
1.704000e-02	1.343082e-04
1.705000e-02	1.344001e-04
1.706000e-02	1.344920e-04
1.707000e-02	1.345838e-04
1.708000e-02	1.346757e-04
1.709000e-02	1.347676e-04
1.710000e-02	1.348595e-04
1.711000e-02	1.349513e-04
1.712000e-02	1.350432e-04
1.713000e-02	1.351351e-04
1.714000e-02	1.352270e-04
1.715000e-02	1.353189e-04
1.716000e-02	1.354107e-04
1.717000e-02	1.355026e-04
1.718000e-02	1.355945e-04
1.719000e-02	1.356864e-04
1.720000e-02	1.357782e-04
1.721000e-02	1.358701e-04
1.722000e-02	1.359620e-04
1.723000e-02	1.360539e-04
1.724000e-02	1.361458e-04
1.725000e-02	1.362376e-04
1.726000e-02	1.363295e-04
1.727000e-02	1.364214e-04
1.728000e-02	1.365133e-04
1.729000e-02	1.366051e-04
1.730000e-02	1.366970e-04
1.731000e-02	1.367889e-04
1.732000e-02	1.368808e-04
1.733000e-02	1.369727e-04
1.734000e-02	1.370645e-04
1.735000e-02	1.371564e-04
1.736000e-02	1.372483e-04
1.737000e-02	1.373402e-04
1.738000e-02	1.374320e-04
1.739000e-02	1.375239e-04
1.740000e-02	1.376158e-04
1.741000e-02	1.377077e-04
1.742000e-02	1.377996e-04
1.743000e-02	1.378914e-04
1.744000e-02	1.379833e-04
1.745000e-02	1.380752e-04
1.746000e-02	1.381671e-04
1.747000e-02	1.382589e-04
1.748000e-02	1.383508e-04
1.749000e-02	1.384427e-04
1.750000e-02	1.385346e-04
1.751000e-02	1.386265e-04
1.752000e-02	1.387183e-04
1.753000e-02	1.388102e-04
1.754000e-02	1.389021e-04
1.755000e-02	1.389940e-04
1.756000e-02	1.390858e-04
1.757000e-02	1.391777e-04
1.758000e-02	1.392696e-04
1.759000e-02	1.393615e-04
1.760000e-02	1.394534e-04
1.761000e-02	1.395452e-04
1.762000e-02	1.396371e-04
1.763000e-02	1.397290e-04
1.764000e-02	1.398209e-04
1.765000e-02	1.399127e-04
1.766000e-02	1.400046e-04
1.767000e-02	1.400965e-04
1.768000e-02	1.401884e-04
1.769000e-02	1.402803e-04
1.770000e-02	1.403721e-04
1.771000e-02	1.404640e-04
1.772000e-02	1.405559e-04
1.773000e-02	1.406478e-04
1.774000e-02	1.407396e-04
1.775000e-02	1.408315e-04
1.776000e-02	1.409234e-04
1.777000e-02	1.410153e-04
1.778000e-02	1.411072e-04
1.779000e-02	1.411990e-04
1.780000e-02	1.412909e-04
1.781000e-02	1.413828e-04
1.782000e-02	1.414747e-04
1.783000e-02	1.415665e-04
1.784000e-02	1.416584e-04
1.785000e-02	1.417503e-04
1.786000e-02	1.418422e-04
1.787000e-02	1.419341e-04
1.788000e-02	1.420259e-04
1.789000e-02	1.421178e-04
1.790000e-02	1.422097e-04
1.791000e-02	1.423016e-04
1.792000e-02	1.423934e-04
1.793000e-02	1.424853e-04
1.794000e-02	1.425772e-04
1.795000e-02	1.426691e-04
1.796000e-02	1.427610e-04
1.797000e-02	1.428528e-04
1.798000e-02	1.429447e-04
1.799000e-02	1.430366e-04
1.800000e-02	1.431285e-04
1.801000e-02	1.432203e-04
1.802000e-02	1.433122e-04
1.803000e-02	1.434041e-04
1.804000e-02	1.434960e-04
1.805000e-02	1.435879e-04
1.806000e-02	1.436797e-04
1.807000e-02	1.437716e-04
1.808000e-02	1.438635e-04
1.809000e-02	1.439554e-04
1.810000e-02	1.440472e-04
1.811000e-02	1.441391e-04
1.812000e-02	1.442310e-04
1.813000e-02	1.443229e-04
1.814000e-02	1.444148e-04
1.815000e-02	1.445066e-04
1.816000e-02	1.445985e-04
1.817000e-02	1.446904e-04
1.818000e-02	1.447823e-04
1.819000e-02	1.448741e-04
1.820000e-02	1.449660e-04
1.821000e-02	1.450579e-04
1.822000e-02	1.451498e-04
1.823000e-02	1.452417e-04
1.824000e-02	1.453335e-04
1.825000e-02	1.454254e-04
1.826000e-02	1.455173e-04
1.827000e-02	1.456092e-04
1.828000e-02	1.457010e-04
1.829000e-02	1.457929e-04
1.830000e-02	1.458848e-04
1.831000e-02	1.459767e-04
1.832000e-02	1.460686e-04
1.833000e-02	1.461604e-04
1.834000e-02	1.462523e-04
1.835000e-02	1.463442e-04
1.836000e-02	1.464361e-04
1.837000e-02	1.465279e-04
1.838000e-02	1.466198e-04
1.839000e-02	1.467117e-04
1.840000e-02	1.468036e-04
1.841000e-02	1.468955e-04
1.842000e-02	1.469873e-04
1.843000e-02	1.470792e-04
1.844000e-02	1.471711e-04
1.845000e-02	1.472630e-04
1.846000e-02	1.473548e-04
1.847000e-02	1.474467e-04
1.848000e-02	1.475386e-04
1.849000e-02	1.476305e-04
1.850000e-02	1.477224e-04
1.851000e-02	1.478142e-04
1.852000e-02	1.479061e-04
1.853000e-02	1.479980e-04
1.854000e-02	1.480899e-04
1.855000e-02	1.481817e-04
1.856000e-02	1.482736e-04
1.857000e-02	1.483655e-04
1.858000e-02	1.484574e-04
1.859000e-02	1.485493e-04
1.860000e-02	1.486411e-04
1.861000e-02	1.487330e-04
1.862000e-02	1.488249e-04
1.863000e-02	1.489168e-04
1.864000e-02	1.490086e-04
1.865000e-02	1.491005e-04
1.866000e-02	1.491924e-04
1.867000e-02	1.492843e-04
1.868000e-02	1.493762e-04
1.869000e-02	1.494680e-04
1.870000e-02	1.495599e-04
1.871000e-02	1.496518e-04
1.872000e-02	1.497437e-04
1.873000e-02	1.498355e-04
1.874000e-02	1.499274e-04
1.875000e-02	1.500193e-04
1.876000e-02	1.501112e-04
1.877000e-02	1.502031e-04
1.878000e-02	1.502949e-04
1.879000e-02	1.503868e-04
1.880000e-02	1.504787e-04
1.881000e-02	1.505706e-04
1.882000e-02	1.506624e-04
1.883000e-02	1.507543e-04
1.884000e-02	1.508462e-04
1.885000e-02	1.509381e-04
1.886000e-02	1.510300e-04
1.887000e-02	1.511218e-04
1.888000e-02	1.512137e-04
1.889000e-02	1.513056e-04
1.890000e-02	1.513975e-04
1.891000e-02	1.514893e-04
1.892000e-02	1.515812e-04
1.893000e-02	1.516731e-04
1.894000e-02	1.517650e-04
1.895000e-02	1.518569e-04
1.896000e-02	1.519487e-04
1.897000e-02	1.520406e-04
1.898000e-02	1.521325e-04
1.899000e-02	1.522244e-04
1.900000e-02	1.523162e-04
1.901000e-02	1.524081e-04
1.902000e-02	1.525000e-04
1.903000e-02	1.525919e-04
1.904000e-02	1.526838e-04
1.905000e-02	1.527756e-04
1.906000e-02	1.528675e-04
1.907000e-02	1.529594e-04
1.908000e-02	1.530513e-04
1.909000e-02	1.531431e-04
1.910000e-02	1.532350e-04
1.911000e-02	1.533269e-04
1.912000e-02	1.534188e-04
1.913000e-02	1.535107e-04
1.914000e-02	1.536025e-04
1.915000e-02	1.536944e-04
1.916000e-02	1.537863e-04
1.917000e-02	1.538782e-04
1.918000e-02	1.539700e-04
1.919000e-02	1.540619e-04
1.920000e-02	1.541538e-04
1.921000e-02	1.542457e-04
1.922000e-02	1.543376e-04
1.923000e-02	1.544294e-04
1.924000e-02	1.545213e-04
1.925000e-02	1.546132e-04
1.926000e-02	1.547051e-04
1.927000e-02	1.547969e-04
1.928000e-02	1.548888e-04
1.929000e-02	1.549807e-04
1.930000e-02	1.550726e-04
1.931000e-02	1.551645e-04
1.932000e-02	1.552563e-04
1.933000e-02	1.553482e-04
1.934000e-02	1.554401e-04
1.935000e-02	1.555320e-04
1.936000e-02	1.556238e-04
1.937000e-02	1.557157e-04
1.938000e-02	1.558076e-04
1.939000e-02	1.558995e-04
1.940000e-02	1.559914e-04
1.941000e-02	1.560832e-04
1.942000e-02	1.561751e-04
1.943000e-02	1.562670e-04
1.944000e-02	1.563589e-04
1.945000e-02	1.564507e-04
1.946000e-02	1.565426e-04
1.947000e-02	1.566345e-04
1.948000e-02	1.567264e-04
1.949000e-02	1.568183e-04
1.950000e-02	1.569101e-04
1.951000e-02	1.570020e-04
1.952000e-02	1.570939e-04
1.953000e-02	1.571858e-04
1.954000e-02	1.572776e-04
1.955000e-02	1.573695e-04
1.956000e-02	1.574614e-04
1.957000e-02	1.575533e-04
1.958000e-02	1.576452e-04
1.959000e-02	1.577370e-04
1.960000e-02	1.578289e-04
1.961000e-02	1.579208e-04
1.962000e-02	1.580127e-04
1.963000e-02	1.581045e-04
1.964000e-02	1.581964e-04
1.965000e-02	1.582883e-04
1.966000e-02	1.583802e-04
1.967000e-02	1.584721e-04
1.968000e-02	1.585639e-04
1.969000e-02	1.586558e-04
1.970000e-02	1.587477e-04
1.971000e-02	1.588396e-04
1.972000e-02	1.589314e-04
1.973000e-02	1.590233e-04
1.974000e-02	1.591152e-04
1.975000e-02	1.592071e-04
1.976000e-02	1.592990e-04
1.977000e-02	1.593908e-04
1.978000e-02	1.594827e-04
1.979000e-02	1.595746e-04
1.980000e-02	1.596665e-04
1.981000e-02	1.597583e-04
1.982000e-02	1.598502e-04
1.983000e-02	1.599421e-04
1.984000e-02	1.600340e-04
1.985000e-02	1.601259e-04
1.986000e-02	1.602177e-04
1.987000e-02	1.603096e-04
1.988000e-02	1.604015e-04
1.989000e-02	1.604934e-04
1.990000e-02	1.605852e-04
1.991000e-02	1.606771e-04
1.992000e-02	1.607690e-04
1.993000e-02	1.608609e-04
1.994000e-02	1.609528e-04
1.995000e-02	1.610446e-04
1.996000e-02	1.611365e-04
1.997000e-02	1.612284e-04
1.998000e-02	1.613203e-04
1.999000e-02	1.614121e-04
2.000000e-02	1.615040e-04
2.001000e-02	1.615959e-04
2.002000e-02	1.616878e-04
2.003000e-02	1.617797e-04
2.004000e-02	1.618715e-04
2.005000e-02	1.619634e-04
2.006000e-02	1.620553e-04
2.007000e-02	1.621472e-04
2.008000e-02	1.622390e-04
2.009000e-02	1.623309e-04
2.010000e-02	1.624228e-04
2.011000e-02	1.625147e-04
2.012000e-02	1.626066e-04
2.013000e-02	1.626984e-04
2.014000e-02	1.627903e-04
2.015000e-02	1.628822e-04
2.016000e-02	1.629741e-04
2.017000e-02	1.630659e-04
2.018000e-02	1.631578e-04
2.019000e-02	1.632497e-04
2.020000e-02	1.633416e-04
2.021000e-02	1.634335e-04
2.022000e-02	1.635253e-04
2.023000e-02	1.636172e-04
2.024000e-02	1.637091e-04
2.025000e-02	1.638010e-04
2.026000e-02	1.638928e-04
2.027000e-02	1.639847e-04
2.028000e-02	1.640766e-04
2.029000e-02	1.641685e-04
2.030000e-02	1.642604e-04
2.031000e-02	1.643522e-04
2.032000e-02	1.644441e-04
2.033000e-02	1.645360e-04
2.034000e-02	1.646279e-04
2.035000e-02	1.647197e-04
2.036000e-02	1.648116e-04
2.037000e-02	1.649035e-04
2.038000e-02	1.649954e-04
2.039000e-02	1.650873e-04
2.040000e-02	1.651791e-04
2.041000e-02	1.652710e-04
2.042000e-02	1.653629e-04
2.043000e-02	1.654548e-04
2.044000e-02	1.655466e-04
2.045000e-02	1.656385e-04
2.046000e-02	1.657304e-04
2.047000e-02	1.658223e-04
2.048000e-02	1.659142e-04
2.049000e-02	1.660060e-04
2.050000e-02	1.660979e-04
2.051000e-02	1.661898e-04
2.052000e-02	1.662817e-04
2.053000e-02	1.663735e-04
2.054000e-02	1.664654e-04
2.055000e-02	1.665573e-04
2.056000e-02	1.666492e-04
2.057000e-02	1.667411e-04
2.058000e-02	1.668329e-04
2.059000e-02	1.669248e-04
2.060000e-02	1.670167e-04
2.061000e-02	1.671086e-04
2.062000e-02	1.672004e-04
2.063000e-02	1.672923e-04
2.064000e-02	1.673842e-04
2.065000e-02	1.674761e-04
2.066000e-02	1.675680e-04
2.067000e-02	1.676598e-04
2.068000e-02	1.677517e-04
2.069000e-02	1.678436e-04
2.070000e-02	1.679355e-04
2.071000e-02	1.680273e-04
2.072000e-02	1.681192e-04
2.073000e-02	1.682111e-04
2.074000e-02	1.683030e-04
2.075000e-02	1.683949e-04
2.076000e-02	1.684867e-04
2.077000e-02	1.685786e-04
2.078000e-02	1.686705e-04
2.079000e-02	1.687624e-04
2.080000e-02	1.688542e-04
2.081000e-02	1.689461e-04
2.082000e-02	1.690380e-04
2.083000e-02	1.691299e-04
2.084000e-02	1.692218e-04
2.085000e-02	1.693136e-04
2.086000e-02	1.694055e-04
2.087000e-02	1.694974e-04
2.088000e-02	1.695893e-04
2.089000e-02	1.696811e-04
2.090000e-02	1.697730e-04
2.091000e-02	1.698649e-04
2.092000e-02	1.699568e-04
2.093000e-02	1.700487e-04
2.094000e-02	1.701405e-04
2.095000e-02	1.702324e-04
2.096000e-02	1.703243e-04
2.097000e-02	1.704162e-04
2.098000e-02	1.705080e-04
2.099000e-02	1.705999e-04
2.100000e-02	1.706918e-04
2.101000e-02	1.708054e-04
2.102000e-02	1.709191e-04
2.103000e-02	1.710327e-04
2.104000e-02	1.711464e-04
2.105000e-02	1.712600e-04
2.106000e-02	1.713737e-04
2.107000e-02	1.714873e-04
2.108000e-02	1.716009e-04
2.109000e-02	1.717146e-04
2.110000e-02	1.718282e-04
2.111000e-02	1.719419e-04
2.112000e-02	1.720555e-04
2.113000e-02	1.721691e-04
2.114000e-02	1.722828e-04
2.115000e-02	1.723964e-04
2.116000e-02	1.725101e-04
2.117000e-02	1.726237e-04
2.118000e-02	1.727374e-04
2.119000e-02	1.728510e-04
2.120000e-02	1.729646e-04
2.121000e-02	1.730783e-04
2.122000e-02	1.731919e-04
2.123000e-02	1.733056e-04
2.124000e-02	1.734192e-04
2.125000e-02	1.735328e-04
2.126000e-02	1.736465e-04
2.127000e-02	1.737601e-04
2.128000e-02	1.738738e-04
2.129000e-02	1.739874e-04
2.130000e-02	1.741011e-04
2.131000e-02	1.742147e-04
2.132000e-02	1.743283e-04
2.133000e-02	1.744420e-04
2.134000e-02	1.745556e-04
2.135000e-02	1.746693e-04
2.136000e-02	1.747829e-04
2.137000e-02	1.748966e-04
2.138000e-02	1.750102e-04
2.139000e-02	1.751238e-04
2.140000e-02	1.752375e-04
2.141000e-02	1.753511e-04
2.142000e-02	1.754648e-04
2.143000e-02	1.755784e-04
2.144000e-02	1.756920e-04
2.145000e-02	1.758057e-04
2.146000e-02	1.759193e-04
2.147000e-02	1.760330e-04
2.148000e-02	1.761466e-04
2.149000e-02	1.762603e-04
2.150000e-02	1.763739e-04
2.151000e-02	1.764875e-04
2.152000e-02	1.766012e-04
2.153000e-02	1.767148e-04
2.154000e-02	1.768285e-04
2.155000e-02	1.769421e-04
2.156000e-02	1.770557e-04
2.157000e-02	1.771694e-04
2.158000e-02	1.772830e-04
2.159000e-02	1.773967e-04
2.160000e-02	1.775103e-04
2.161000e-02	1.776240e-04
2.162000e-02	1.777376e-04
2.163000e-02	1.778512e-04
2.164000e-02	1.779649e-04
2.165000e-02	1.780785e-04
2.166000e-02	1.781922e-04
2.167000e-02	1.783058e-04
2.168000e-02	1.784194e-04
2.169000e-02	1.785331e-04
2.170000e-02	1.786467e-04
2.171000e-02	1.787604e-04
2.172000e-02	1.788740e-04
2.173000e-02	1.789877e-04
2.174000e-02	1.791013e-04
2.175000e-02	1.792149e-04
2.176000e-02	1.793286e-04
2.177000e-02	1.794422e-04
2.178000e-02	1.795559e-04
2.179000e-02	1.796695e-04
2.180000e-02	1.797831e-04
2.181000e-02	1.798968e-04
2.182000e-02	1.800104e-04
2.183000e-02	1.801241e-04
2.184000e-02	1.802377e-04
2.185000e-02	1.803514e-04
2.186000e-02	1.804650e-04
2.187000e-02	1.805786e-04
2.188000e-02	1.806923e-04
2.189000e-02	1.808059e-04
2.190000e-02	1.809196e-04
2.191000e-02	1.810332e-04
2.192000e-02	1.811469e-04
2.193000e-02	1.812605e-04
2.194000e-02	1.813741e-04
2.195000e-02	1.814878e-04
2.196000e-02	1.816014e-04
2.197000e-02	1.817151e-04
2.198000e-02	1.818287e-04
2.199000e-02	1.819423e-04
2.200000e-02	1.820560e-04
2.201000e-02	1.821707e-04
2.202000e-02	1.822854e-04
2.203000e-02	1.824002e-04
2.204000e-02	1.825149e-04
2.205000e-02	1.826296e-04
2.206000e-02	1.827443e-04
2.207000e-02	1.828590e-04
2.208000e-02	1.829738e-04
2.209000e-02	1.830885e-04
2.210000e-02	1.832032e-04
2.211000e-02	1.833179e-04
2.212000e-02	1.834327e-04
2.213000e-02	1.835474e-04
2.214000e-02	1.836621e-04
2.215000e-02	1.837768e-04
2.216000e-02	1.838916e-04
2.217000e-02	1.840063e-04
2.218000e-02	1.841210e-04
2.219000e-02	1.842357e-04
2.220000e-02	1.843504e-04
2.221000e-02	1.844652e-04
2.222000e-02	1.845799e-04
2.223000e-02	1.846946e-04
2.224000e-02	1.848093e-04
2.225000e-02	1.849241e-04
2.226000e-02	1.850388e-04
2.227000e-02	1.851535e-04
2.228000e-02	1.852682e-04
2.229000e-02	1.853829e-04
2.230000e-02	1.854977e-04
2.231000e-02	1.856124e-04
2.232000e-02	1.857271e-04
2.233000e-02	1.858418e-04
2.234000e-02	1.859566e-04
2.235000e-02	1.860713e-04
2.236000e-02	1.861860e-04
2.237000e-02	1.863007e-04
2.238000e-02	1.864155e-04
2.239000e-02	1.865302e-04
2.240000e-02	1.866449e-04
2.241000e-02	1.867596e-04
2.242000e-02	1.868743e-04
2.243000e-02	1.869891e-04
2.244000e-02	1.871038e-04
2.245000e-02	1.872185e-04
2.246000e-02	1.873332e-04
2.247000e-02	1.874480e-04
2.248000e-02	1.875627e-04
2.249000e-02	1.876774e-04
2.250000e-02	1.877921e-04
2.251000e-02	1.879068e-04
2.252000e-02	1.880216e-04
2.253000e-02	1.881363e-04
2.254000e-02	1.882510e-04
2.255000e-02	1.883657e-04
2.256000e-02	1.884805e-04
2.257000e-02	1.885952e-04
2.258000e-02	1.887099e-04
2.259000e-02	1.888246e-04
2.260000e-02	1.889394e-04
2.261000e-02	1.890541e-04
2.262000e-02	1.891688e-04
2.263000e-02	1.892835e-04
2.264000e-02	1.893982e-04
2.265000e-02	1.895130e-04
2.266000e-02	1.896277e-04
2.267000e-02	1.897424e-04
2.268000e-02	1.898571e-04
2.269000e-02	1.899719e-04
2.270000e-02	1.900866e-04
2.271000e-02	1.902013e-04
2.272000e-02	1.903160e-04
2.273000e-02	1.904308e-04
2.274000e-02	1.905455e-04
2.275000e-02	1.906602e-04
2.276000e-02	1.907749e-04
2.277000e-02	1.908896e-04
2.278000e-02	1.910044e-04
2.279000e-02	1.911191e-04
2.280000e-02	1.912338e-04
2.281000e-02	1.913485e-04
2.282000e-02	1.914633e-04
2.283000e-02	1.915780e-04
2.284000e-02	1.916927e-04
2.285000e-02	1.918074e-04
2.286000e-02	1.919221e-04
2.287000e-02	1.920369e-04
2.288000e-02	1.921516e-04
2.289000e-02	1.922663e-04
2.290000e-02	1.923810e-04
2.291000e-02	1.924958e-04
2.292000e-02	1.926105e-04
2.293000e-02	1.927252e-04
2.294000e-02	1.928399e-04
2.295000e-02	1.929547e-04
2.296000e-02	1.930694e-04
2.297000e-02	1.931841e-04
2.298000e-02	1.932988e-04
2.299000e-02	1.934135e-04
2.300000e-02	1.935283e-04
2.301000e-02	1.936439e-04
2.302000e-02	1.937595e-04
2.303000e-02	1.938751e-04
2.304000e-02	1.939908e-04
2.305000e-02	1.941064e-04
2.306000e-02	1.942220e-04
2.307000e-02	1.943376e-04
2.308000e-02	1.944532e-04
2.309000e-02	1.945689e-04
2.310000e-02	1.946845e-04
2.311000e-02	1.948001e-04
2.312000e-02	1.949157e-04
2.313000e-02	1.950314e-04
2.314000e-02	1.951470e-04
2.315000e-02	1.952626e-04
2.316000e-02	1.953782e-04
2.317000e-02	1.954938e-04
2.318000e-02	1.956095e-04
2.319000e-02	1.957251e-04
2.320000e-02	1.958407e-04
2.321000e-02	1.959563e-04
2.322000e-02	1.960720e-04
2.323000e-02	1.961876e-04
2.324000e-02	1.963032e-04
2.325000e-02	1.964188e-04
2.326000e-02	1.965344e-04
2.327000e-02	1.966501e-04
2.328000e-02	1.967657e-04
2.329000e-02	1.968813e-04
2.330000e-02	1.969969e-04
2.331000e-02	1.971126e-04
2.332000e-02	1.972282e-04
2.333000e-02	1.973438e-04
2.334000e-02	1.974594e-04
2.335000e-02	1.975750e-04
2.336000e-02	1.976907e-04
2.337000e-02	1.978063e-04
2.338000e-02	1.979219e-04
2.339000e-02	1.980375e-04
2.340000e-02	1.981532e-04
2.341000e-02	1.982688e-04
2.342000e-02	1.983844e-04
2.343000e-02	1.985000e-04
2.344000e-02	1.986157e-04
2.345000e-02	1.987313e-04
2.346000e-02	1.988469e-04
2.347000e-02	1.989625e-04
2.348000e-02	1.990781e-04
2.349000e-02	1.991938e-04
2.350000e-02	1.993094e-04
2.351000e-02	1.994250e-04
2.352000e-02	1.995406e-04
2.353000e-02	1.996563e-04
2.354000e-02	1.997719e-04
2.355000e-02	1.998875e-04
2.356000e-02	2.000031e-04
2.357000e-02	2.001187e-04
2.358000e-02	2.002344e-04
2.359000e-02	2.003500e-04
2.360000e-02	2.004656e-04
2.361000e-02	2.005812e-04
2.362000e-02	2.006969e-04
2.363000e-02	2.008125e-04
2.364000e-02	2.009281e-04
2.365000e-02	2.010437e-04
2.366000e-02	2.011593e-04
2.367000e-02	2.012750e-04
2.368000e-02	2.013906e-04
2.369000e-02	2.015062e-04
2.370000e-02	2.016218e-04
2.371000e-02	2.017375e-04
2.372000e-02	2.018531e-04
2.373000e-02	2.019687e-04
2.374000e-02	2.020843e-04
2.375000e-02	2.021999e-04
2.376000e-02	2.023156e-04
2.377000e-02	2.024312e-04
2.378000e-02	2.025468e-04
2.379000e-02	2.026624e-04
2.380000e-02	2.027781e-04
2.381000e-02	2.028937e-04
2.382000e-02	2.030093e-04
2.383000e-02	2.031249e-04
2.384000e-02	2.032405e-04
2.385000e-02	2.033562e-04
2.386000e-02	2.034718e-04
2.387000e-02	2.035874e-04
2.388000e-02	2.037030e-04
2.389000e-02	2.038187e-04
2.390000e-02	2.039343e-04
2.391000e-02	2.040499e-04
2.392000e-02	2.041655e-04
2.393000e-02	2.042811e-04
2.394000e-02	2.043968e-04
2.395000e-02	2.045124e-04
2.396000e-02	2.046280e-04
2.397000e-02	2.047436e-04
2.398000e-02	2.048593e-04
2.399000e-02	2.049749e-04
2.400000e-02	2.050905e-04
2.401000e-02	2.052069e-04
2.402000e-02	2.053233e-04
2.403000e-02	2.054396e-04
2.404000e-02	2.055560e-04
2.405000e-02	2.056724e-04
2.406000e-02	2.057888e-04
2.407000e-02	2.059051e-04
2.408000e-02	2.060215e-04
2.409000e-02	2.061379e-04
2.410000e-02	2.062543e-04
2.411000e-02	2.063707e-04
2.412000e-02	2.064870e-04
2.413000e-02	2.066034e-04
2.414000e-02	2.067198e-04
2.415000e-02	2.068362e-04
2.416000e-02	2.069526e-04
2.417000e-02	2.070689e-04
2.418000e-02	2.071853e-04
2.419000e-02	2.073017e-04
2.420000e-02	2.074181e-04
2.421000e-02	2.075344e-04
2.422000e-02	2.076508e-04
2.423000e-02	2.077672e-04
2.424000e-02	2.078836e-04
2.425000e-02	2.080000e-04
2.426000e-02	2.081163e-04
2.427000e-02	2.082327e-04
2.428000e-02	2.083491e-04
2.429000e-02	2.084655e-04
2.430000e-02	2.085818e-04
2.431000e-02	2.086982e-04
2.432000e-02	2.088146e-04
2.433000e-02	2.089310e-04
2.434000e-02	2.090474e-04
2.435000e-02	2.091637e-04
2.436000e-02	2.092801e-04
2.437000e-02	2.093965e-04
2.438000e-02	2.095129e-04
2.439000e-02	2.096292e-04
2.440000e-02	2.097456e-04
2.441000e-02	2.098620e-04
2.442000e-02	2.099784e-04
2.443000e-02	2.100948e-04
2.444000e-02	2.102111e-04
2.445000e-02	2.103275e-04
2.446000e-02	2.104439e-04
2.447000e-02	2.105603e-04
2.448000e-02	2.106766e-04
2.449000e-02	2.107930e-04
2.450000e-02	2.109094e-04
2.451000e-02	2.110258e-04
2.452000e-02	2.111422e-04
2.453000e-02	2.112585e-04
2.454000e-02	2.113749e-04
2.455000e-02	2.114913e-04
2.456000e-02	2.116077e-04
2.457000e-02	2.117240e-04
2.458000e-02	2.118404e-04
2.459000e-02	2.119568e-04
2.460000e-02	2.120732e-04
2.461000e-02	2.121896e-04
2.462000e-02	2.123059e-04
2.463000e-02	2.124223e-04
2.464000e-02	2.125387e-04
2.465000e-02	2.126551e-04
2.466000e-02	2.127714e-04
2.467000e-02	2.128878e-04
2.468000e-02	2.130042e-04
2.469000e-02	2.131206e-04
2.470000e-02	2.132370e-04
2.471000e-02	2.133533e-04
2.472000e-02	2.134697e-04
2.473000e-02	2.135861e-04
2.474000e-02	2.137025e-04
2.475000e-02	2.138189e-04
2.476000e-02	2.139352e-04
2.477000e-02	2.140516e-04
2.478000e-02	2.141680e-04
2.479000e-02	2.142844e-04
2.480000e-02	2.144007e-04
2.481000e-02	2.145171e-04
2.482000e-02	2.146335e-04
2.483000e-02	2.147499e-04
2.484000e-02	2.148663e-04
2.485000e-02	2.149826e-04
2.486000e-02	2.150990e-04
2.487000e-02	2.152154e-04
2.488000e-02	2.153318e-04
2.489000e-02	2.154481e-04
2.490000e-02	2.155645e-04
2.491000e-02	2.156809e-04
2.492000e-02	2.157973e-04
2.493000e-02	2.159137e-04
2.494000e-02	2.160300e-04
2.495000e-02	2.161464e-04
2.496000e-02	2.162628e-04
2.497000e-02	2.163792e-04
2.498000e-02	2.164955e-04
2.499000e-02	2.166119e-04
