z1_new_m	d1_new_long_m
-9.000000e-03	1.944137e-04
-8.990000e-03	1.943174e-04
-8.980000e-03	1.942212e-04
-8.970000e-03	1.941249e-04
-8.960000e-03	1.940287e-04
-8.950000e-03	1.939324e-04
-8.940000e-03	1.938362e-04
-8.930000e-03	1.937399e-04
-8.920000e-03	1.936437e-04
-8.910000e-03	1.935474e-04
-8.900000e-03	1.934512e-04
-8.890000e-03	1.933549e-04
-8.880000e-03	1.932587e-04
-8.870000e-03	1.931624e-04
-8.860000e-03	1.930662e-04
-8.850000e-03	1.929699e-04
-8.840000e-03	1.928736e-04
-8.830000e-03	1.927774e-04
-8.820000e-03	1.926811e-04
-8.810000e-03	1.925849e-04
-8.800000e-03	1.924886e-04
-8.790000e-03	1.923924e-04
-8.780000e-03	1.922961e-04
-8.770000e-03	1.921999e-04
-8.760000e-03	1.921036e-04
-8.750000e-03	1.920074e-04
-8.740000e-03	1.919111e-04
-8.730000e-03	1.918149e-04
-8.720000e-03	1.917186e-04
-8.710000e-03	1.916224e-04
-8.700000e-03	1.915261e-04
-8.690000e-03	1.914299e-04
-8.680000e-03	1.913336e-04
-8.670000e-03	1.912374e-04
-8.660000e-03	1.911411e-04
-8.650000e-03	1.910449e-04
-8.640000e-03	1.909486e-04
-8.630000e-03	1.908524e-04
-8.620000e-03	1.907561e-04
-8.610000e-03	1.906598e-04
-8.600000e-03	1.905636e-04
-8.590000e-03	1.904673e-04
-8.580000e-03	1.903711e-04
-8.570000e-03	1.902748e-04
-8.560000e-03	1.901786e-04
-8.550000e-03	1.900823e-04
-8.540000e-03	1.899861e-04
-8.530000e-03	1.898898e-04
-8.520000e-03	1.897936e-04
-8.510000e-03	1.896973e-04
-8.500000e-03	1.896011e-04
-8.490000e-03	1.895048e-04
-8.480000e-03	1.894086e-04
-8.470000e-03	1.893123e-04
-8.460000e-03	1.892161e-04
-8.450000e-03	1.891198e-04
-8.440000e-03	1.890236e-04
-8.430000e-03	1.889273e-04
-8.420000e-03	1.888311e-04
-8.410000e-03	1.887348e-04
-8.400000e-03	1.886386e-04
-8.390000e-03	1.885423e-04
-8.380000e-03	1.884460e-04
-8.370000e-03	1.883498e-04
-8.360000e-03	1.882535e-04
-8.350000e-03	1.881573e-04
-8.340000e-03	1.880610e-04
-8.330000e-03	1.879648e-04
-8.320000e-03	1.878685e-04
-8.310000e-03	1.877723e-04
-8.300000e-03	1.876760e-04
-8.290000e-03	1.875798e-04
-8.280000e-03	1.874835e-04
-8.270000e-03	1.873873e-04
-8.260000e-03	1.872910e-04
-8.250000e-03	1.871948e-04
-8.240000e-03	1.870985e-04
-8.230000e-03	1.870023e-04
-8.220000e-03	1.869060e-04
-8.210000e-03	1.868098e-04
-8.200000e-03	1.867135e-04
-8.190000e-03	1.866173e-04
-8.180000e-03	1.865210e-04
-8.170000e-03	1.864248e-04
-8.160000e-03	1.863285e-04
-8.150000e-03	1.862322e-04
-8.140000e-03	1.861360e-04
-8.130000e-03	1.860397e-04
-8.120000e-03	1.859435e-04
-8.110000e-03	1.858472e-04
-8.100000e-03	1.857510e-04
-8.090000e-03	1.856547e-04
-8.080000e-03	1.855585e-04
-8.070000e-03	1.854622e-04
-8.060000e-03	1.853660e-04
-8.050000e-03	1.852697e-04
-8.040000e-03	1.851735e-04
-8.030000e-03	1.850772e-04
-8.020000e-03	1.849810e-04
-8.010000e-03	1.848847e-04
-8.000000e-03	1.847885e-04
-7.990000e-03	1.846936e-04
-7.980000e-03	1.845987e-04
-7.970000e-03	1.845038e-04
-7.960000e-03	1.844088e-04
-7.950000e-03	1.843139e-04
-7.940000e-03	1.842190e-04
-7.930000e-03	1.841241e-04
-7.920000e-03	1.840292e-04
-7.910000e-03	1.839343e-04
-7.900000e-03	1.838394e-04
-7.890000e-03	1.837445e-04
-7.880000e-03	1.836496e-04
-7.870000e-03	1.835547e-04
-7.860000e-03	1.834598e-04
-7.850000e-03	1.833649e-04
-7.840000e-03	1.832700e-04
-7.830000e-03	1.831751e-04
-7.820000e-03	1.830802e-04
-7.810000e-03	1.829853e-04
-7.800000e-03	1.828904e-04
-7.790000e-03	1.827954e-04
-7.780000e-03	1.827005e-04
-7.770000e-03	1.826056e-04
-7.760000e-03	1.825107e-04
-7.750000e-03	1.824158e-04
-7.740000e-03	1.823209e-04
-7.730000e-03	1.822260e-04
-7.720000e-03	1.821311e-04
-7.710000e-03	1.820362e-04
-7.700000e-03	1.819413e-04
-7.690000e-03	1.818464e-04
-7.680000e-03	1.817515e-04
-7.670000e-03	1.816566e-04
-7.660000e-03	1.815617e-04
-7.650000e-03	1.814668e-04
-7.640000e-03	1.813719e-04
-7.630000e-03	1.812770e-04
-7.620000e-03	1.811820e-04
-7.610000e-03	1.810871e-04
-7.600000e-03	1.809922e-04
-7.590000e-03	1.808973e-04
-7.580000e-03	1.808024e-04
-7.570000e-03	1.807075e-04
-7.560000e-03	1.806126e-04
-7.550000e-03	1.805177e-04
-7.540000e-03	1.804228e-04
-7.530000e-03	1.803279e-04
-7.520000e-03	1.802330e-04
-7.510000e-03	1.801381e-04
-7.500000e-03	1.800432e-04
-7.490000e-03	1.799483e-04
-7.480000e-03	1.798534e-04
-7.470000e-03	1.797585e-04
-7.460000e-03	1.796636e-04
-7.450000e-03	1.795686e-04
-7.440000e-03	1.794737e-04
-7.430000e-03	1.793788e-04
-7.420000e-03	1.792839e-04
-7.410000e-03	1.791890e-04
-7.400000e-03	1.790941e-04
-7.390000e-03	1.789992e-04
-7.380000e-03	1.789043e-04
-7.370000e-03	1.788094e-04
-7.360000e-03	1.787145e-04
-7.350000e-03	1.786196e-04
-7.340000e-03	1.785247e-04
-7.330000e-03	1.784298e-04
-7.320000e-03	1.783349e-04
-7.310000e-03	1.782400e-04
-7.300000e-03	1.781451e-04
-7.290000e-03	1.780502e-04
-7.280000e-03	1.779552e-04
-7.270000e-03	1.778603e-04
-7.260000e-03	1.777654e-04
-7.250000e-03	1.776705e-04
-7.240000e-03	1.775756e-04
-7.230000e-03	1.774807e-04
-7.220000e-03	1.773858e-04
-7.210000e-03	1.772909e-04
-7.200000e-03	1.771960e-04
-7.190000e-03	1.771011e-04
-7.180000e-03	1.770062e-04
-7.170000e-03	1.769113e-04
-7.160000e-03	1.768164e-04
-7.150000e-03	1.767215e-04
-7.140000e-03	1.766266e-04
-7.130000e-03	1.765317e-04
-7.120000e-03	1.764368e-04
-7.110000e-03	1.763418e-04
-7.100000e-03	1.762469e-04
-7.090000e-03	1.761520e-04
-7.080000e-03	1.760571e-04
-7.070000e-03	1.759622e-04
-7.060000e-03	1.758673e-04
-7.050000e-03	1.757724e-04
-7.040000e-03	1.756775e-04
-7.030000e-03	1.755826e-04
-7.020000e-03	1.754877e-04
-7.010000e-03	1.753928e-04
-7.000000e-03	1.752979e-04
-6.990000e-03	1.752046e-04
-6.980000e-03	1.751112e-04
-6.970000e-03	1.750179e-04
-6.960000e-03	1.749246e-04
-6.950000e-03	1.748312e-04
-6.940000e-03	1.747379e-04
-6.930000e-03	1.746446e-04
-6.920000e-03	1.745513e-04
-6.910000e-03	1.744579e-04
-6.900000e-03	1.743646e-04
-6.890000e-03	1.742713e-04
-6.880000e-03	1.741779e-04
-6.870000e-03	1.740846e-04
-6.860000e-03	1.739913e-04
-6.850000e-03	1.738980e-04
-6.840000e-03	1.738046e-04
-6.830000e-03	1.737113e-04
-6.820000e-03	1.736180e-04
-6.810000e-03	1.735246e-04
-6.800000e-03	1.734313e-04
-6.790000e-03	1.733380e-04
-6.780000e-03	1.732447e-04
-6.770000e-03	1.731513e-04
-6.760000e-03	1.730580e-04
-6.750000e-03	1.729647e-04
-6.740000e-03	1.728713e-04
-6.730000e-03	1.727780e-04
-6.720000e-03	1.726847e-04
-6.710000e-03	1.725913e-04
-6.700000e-03	1.724980e-04
-6.690000e-03	1.724047e-04
-6.680000e-03	1.723114e-04
-6.670000e-03	1.722180e-04
-6.660000e-03	1.721247e-04
-6.650000e-03	1.720314e-04
-6.640000e-03	1.719380e-04
-6.630000e-03	1.718447e-04
-6.620000e-03	1.717514e-04
-6.610000e-03	1.716581e-04
-6.600000e-03	1.715647e-04
-6.590000e-03	1.714714e-04
-6.580000e-03	1.713781e-04
-6.570000e-03	1.712847e-04
-6.560000e-03	1.711914e-04
-6.550000e-03	1.710981e-04
-6.540000e-03	1.710048e-04
-6.530000e-03	1.709114e-04
-6.520000e-03	1.708181e-04
-6.510000e-03	1.707248e-04
-6.500000e-03	1.706314e-04
-6.490000e-03	1.705381e-04
-6.480000e-03	1.704448e-04
-6.470000e-03	1.703515e-04
-6.460000e-03	1.702581e-04
-6.450000e-03	1.701648e-04
-6.440000e-03	1.700715e-04
-6.430000e-03	1.699781e-04
-6.420000e-03	1.698848e-04
-6.410000e-03	1.697915e-04
-6.400000e-03	1.696982e-04
-6.390000e-03	1.696048e-04
-6.380000e-03	1.695115e-04
-6.370000e-03	1.694182e-04
-6.360000e-03	1.693248e-04
-6.350000e-03	1.692315e-04
-6.340000e-03	1.691382e-04
-6.330000e-03	1.690449e-04
-6.320000e-03	1.689515e-04
-6.310000e-03	1.688582e-04
-6.300000e-03	1.687649e-04
-6.290000e-03	1.686715e-04
-6.280000e-03	1.685782e-04
-6.270000e-03	1.684849e-04
-6.260000e-03	1.683916e-04
-6.250000e-03	1.682982e-04
-6.240000e-03	1.682049e-04
-6.230000e-03	1.681116e-04
-6.220000e-03	1.680182e-04
-6.210000e-03	1.679249e-04
-6.200000e-03	1.678316e-04
-6.190000e-03	1.677383e-04
-6.180000e-03	1.676449e-04
-6.170000e-03	1.675516e-04
-6.160000e-03	1.674583e-04
-6.150000e-03	1.673649e-04
-6.140000e-03	1.672716e-04
-6.130000e-03	1.671783e-04
-6.120000e-03	1.670850e-04
-6.110000e-03	1.669916e-04
-6.100000e-03	1.668983e-04
-6.090000e-03	1.668050e-04
-6.080000e-03	1.667116e-04
-6.070000e-03	1.666183e-04
-6.060000e-03	1.665250e-04
-6.050000e-03	1.664317e-04
-6.040000e-03	1.663383e-04
-6.030000e-03	1.662450e-04
-6.020000e-03	1.661517e-04
-6.010000e-03	1.660583e-04
-6.000000e-03	1.659650e-04
-5.990000e-03	1.658735e-04
-5.980000e-03	1.657821e-04
-5.970000e-03	1.656906e-04
-5.960000e-03	1.655991e-04
-5.950000e-03	1.655077e-04
-5.940000e-03	1.654162e-04
-5.930000e-03	1.653247e-04
-5.920000e-03	1.652333e-04
-5.910000e-03	1.651418e-04
-5.900000e-03	1.650503e-04
-5.890000e-03	1.649588e-04
-5.880000e-03	1.648674e-04
-5.870000e-03	1.647759e-04
-5.860000e-03	1.646844e-04
-5.850000e-03	1.645930e-04
-5.840000e-03	1.645015e-04
-5.830000e-03	1.644100e-04
-5.820000e-03	1.643186e-04
-5.810000e-03	1.642271e-04
-5.800000e-03	1.641356e-04
-5.790000e-03	1.640441e-04
-5.780000e-03	1.639527e-04
-5.770000e-03	1.638612e-04
-5.760000e-03	1.637697e-04
-5.750000e-03	1.636783e-04
-5.740000e-03	1.635868e-04
-5.730000e-03	1.634953e-04
-5.720000e-03	1.634039e-04
-5.710000e-03	1.633124e-04
-5.700000e-03	1.632209e-04
-5.690000e-03	1.631294e-04
-5.680000e-03	1.630380e-04
-5.670000e-03	1.629465e-04
-5.660000e-03	1.628550e-04
-5.650000e-03	1.627636e-04
-5.640000e-03	1.626721e-04
-5.630000e-03	1.625806e-04
-5.620000e-03	1.624892e-04
-5.610000e-03	1.623977e-04
-5.600000e-03	1.623062e-04
-5.590000e-03	1.622148e-04
-5.580000e-03	1.621233e-04
-5.570000e-03	1.620318e-04
-5.560000e-03	1.619403e-04
-5.550000e-03	1.618489e-04
-5.540000e-03	1.617574e-04
-5.530000e-03	1.616659e-04
-5.520000e-03	1.615745e-04
-5.510000e-03	1.614830e-04
-5.500000e-03	1.613915e-04
-5.490000e-03	1.613001e-04
-5.480000e-03	1.612086e-04
-5.470000e-03	1.611171e-04
-5.460000e-03	1.610256e-04
-5.450000e-03	1.609342e-04
-5.440000e-03	1.608427e-04
-5.430000e-03	1.607512e-04
-5.420000e-03	1.606598e-04
-5.410000e-03	1.605683e-04
-5.400000e-03	1.604768e-04
-5.390000e-03	1.603854e-04
-5.380000e-03	1.602939e-04
-5.370000e-03	1.602024e-04
-5.360000e-03	1.601109e-04
-5.350000e-03	1.600195e-04
-5.340000e-03	1.599280e-04
-5.330000e-03	1.598365e-04
-5.320000e-03	1.597451e-04
-5.310000e-03	1.596536e-04
-5.300000e-03	1.595621e-04
-5.290000e-03	1.594707e-04
-5.280000e-03	1.593792e-04
-5.270000e-03	1.592877e-04
-5.260000e-03	1.591962e-04
-5.250000e-03	1.591048e-04
-5.240000e-03	1.590133e-04
-5.230000e-03	1.589218e-04
-5.220000e-03	1.588304e-04
-5.210000e-03	1.587389e-04
-5.200000e-03	1.586474e-04
-5.190000e-03	1.585560e-04
-5.180000e-03	1.584645e-04
-5.170000e-03	1.583730e-04
-5.160000e-03	1.582815e-04
-5.150000e-03	1.581901e-04
-5.140000e-03	1.580986e-04
-5.130000e-03	1.580071e-04
-5.120000e-03	1.579157e-04
-5.110000e-03	1.578242e-04
-5.100000e-03	1.577327e-04
-5.090000e-03	1.576413e-04
-5.080000e-03	1.575498e-04
-5.070000e-03	1.574583e-04
-5.060000e-03	1.573669e-04
-5.050000e-03	1.572754e-04
-5.040000e-03	1.571839e-04
-5.030000e-03	1.570924e-04
-5.020000e-03	1.570010e-04
-5.010000e-03	1.569095e-04
-5.000000e-03	1.568180e-04
-4.990000e-03	1.567399e-04
-4.980000e-03	1.566618e-04
-4.970000e-03	1.565837e-04
-4.960000e-03	1.565056e-04
-4.950000e-03	1.564275e-04
-4.940000e-03	1.563494e-04
-4.930000e-03	1.562713e-04
-4.920000e-03	1.561932e-04
-4.910000e-03	1.561151e-04
-4.900000e-03	1.560370e-04
-4.890000e-03	1.559589e-04
-4.880000e-03	1.558808e-04
-4.870000e-03	1.558027e-04
-4.860000e-03	1.557246e-04
-4.850000e-03	1.556465e-04
-4.840000e-03	1.555684e-04
-4.830000e-03	1.554903e-04
-4.820000e-03	1.554122e-04
-4.810000e-03	1.553341e-04
-4.800000e-03	1.552559e-04
-4.790000e-03	1.551778e-04
-4.780000e-03	1.550997e-04
-4.770000e-03	1.550216e-04
-4.760000e-03	1.549435e-04
-4.750000e-03	1.548654e-04
-4.740000e-03	1.547873e-04
-4.730000e-03	1.547092e-04
-4.720000e-03	1.546311e-04
-4.710000e-03	1.545530e-04
-4.700000e-03	1.544749e-04
-4.690000e-03	1.543968e-04
-4.680000e-03	1.543187e-04
-4.670000e-03	1.542406e-04
-4.660000e-03	1.541625e-04
-4.650000e-03	1.540844e-04
-4.640000e-03	1.540063e-04
-4.630000e-03	1.539282e-04
-4.620000e-03	1.538501e-04
-4.610000e-03	1.537720e-04
-4.600000e-03	1.536939e-04
-4.590000e-03	1.536158e-04
-4.580000e-03	1.535377e-04
-4.570000e-03	1.534596e-04
-4.560000e-03	1.533814e-04
-4.550000e-03	1.533033e-04
-4.540000e-03	1.532252e-04
-4.530000e-03	1.531471e-04
-4.520000e-03	1.530690e-04
-4.510000e-03	1.529909e-04
-4.500000e-03	1.529128e-04
-4.490000e-03	1.528347e-04
-4.480000e-03	1.527566e-04
-4.470000e-03	1.526785e-04
-4.460000e-03	1.526004e-04
-4.450000e-03	1.525223e-04
-4.440000e-03	1.524442e-04
-4.430000e-03	1.523661e-04
-4.420000e-03	1.522880e-04
-4.410000e-03	1.522099e-04
-4.400000e-03	1.521318e-04
-4.390000e-03	1.520537e-04
-4.380000e-03	1.519756e-04
-4.370000e-03	1.518975e-04
-4.360000e-03	1.518194e-04
-4.350000e-03	1.517413e-04
-4.340000e-03	1.516632e-04
-4.330000e-03	1.515850e-04
-4.320000e-03	1.515069e-04
-4.310000e-03	1.514288e-04
-4.300000e-03	1.513507e-04
-4.290000e-03	1.512726e-04
-4.280000e-03	1.511945e-04
-4.270000e-03	1.511164e-04
-4.260000e-03	1.510383e-04
-4.250000e-03	1.509602e-04
-4.240000e-03	1.508821e-04
-4.230000e-03	1.508040e-04
-4.220000e-03	1.507259e-04
-4.210000e-03	1.506478e-04
-4.200000e-03	1.505697e-04
-4.190000e-03	1.504916e-04
-4.180000e-03	1.504135e-04
-4.170000e-03	1.503354e-04
-4.160000e-03	1.502573e-04
-4.150000e-03	1.501792e-04
-4.140000e-03	1.501011e-04
-4.130000e-03	1.500230e-04
-4.120000e-03	1.499449e-04
-4.110000e-03	1.498668e-04
-4.100000e-03	1.497887e-04
-4.090000e-03	1.497105e-04
-4.080000e-03	1.496324e-04
-4.070000e-03	1.495543e-04
-4.060000e-03	1.494762e-04
-4.050000e-03	1.493981e-04
-4.040000e-03	1.493200e-04
-4.030000e-03	1.492419e-04
-4.020000e-03	1.491638e-04
-4.010000e-03	1.490857e-04
-4.000000e-03	1.490076e-04
-3.990000e-03	1.489295e-04
-3.980000e-03	1.488514e-04
-3.970000e-03	1.487733e-04
-3.960000e-03	1.486952e-04
-3.950000e-03	1.486171e-04
-3.940000e-03	1.485390e-04
-3.930000e-03	1.484609e-04
-3.920000e-03	1.483828e-04
-3.910000e-03	1.483047e-04
-3.900000e-03	1.482266e-04
-3.890000e-03	1.481485e-04
-3.880000e-03	1.480704e-04
-3.870000e-03	1.479923e-04
-3.860000e-03	1.479142e-04
-3.850000e-03	1.478360e-04
-3.840000e-03	1.477579e-04
-3.830000e-03	1.476798e-04
-3.820000e-03	1.476017e-04
-3.810000e-03	1.475236e-04
-3.800000e-03	1.474455e-04
-3.790000e-03	1.473674e-04
-3.780000e-03	1.472893e-04
-3.770000e-03	1.472112e-04
-3.760000e-03	1.471331e-04
-3.750000e-03	1.470550e-04
-3.740000e-03	1.469769e-04
-3.730000e-03	1.468988e-04
-3.720000e-03	1.468207e-04
-3.710000e-03	1.467426e-04
-3.700000e-03	1.466645e-04
-3.690000e-03	1.465864e-04
-3.680000e-03	1.465083e-04
-3.670000e-03	1.464302e-04
-3.660000e-03	1.463521e-04
-3.650000e-03	1.462740e-04
-3.640000e-03	1.461959e-04
-3.630000e-03	1.461178e-04
-3.620000e-03	1.460396e-04
-3.610000e-03	1.459615e-04
-3.600000e-03	1.458834e-04
-3.590000e-03	1.458053e-04
-3.580000e-03	1.457272e-04
-3.570000e-03	1.456491e-04
-3.560000e-03	1.455710e-04
-3.550000e-03	1.454929e-04
-3.540000e-03	1.454148e-04
-3.530000e-03	1.453367e-04
-3.520000e-03	1.452586e-04
-3.510000e-03	1.451805e-04
-3.500000e-03	1.451024e-04
-3.490000e-03	1.450243e-04
-3.480000e-03	1.449462e-04
-3.470000e-03	1.448681e-04
-3.460000e-03	1.447900e-04
-3.450000e-03	1.447119e-04
-3.440000e-03	1.446338e-04
-3.430000e-03	1.445557e-04
-3.420000e-03	1.444776e-04
-3.410000e-03	1.443995e-04
-3.400000e-03	1.443214e-04
-3.390000e-03	1.442433e-04
-3.380000e-03	1.441651e-04
-3.370000e-03	1.440870e-04
-3.360000e-03	1.440089e-04
-3.350000e-03	1.439308e-04
-3.340000e-03	1.438527e-04
-3.330000e-03	1.437746e-04
-3.320000e-03	1.436965e-04
-3.310000e-03	1.436184e-04
-3.300000e-03	1.435403e-04
-3.290000e-03	1.434622e-04
-3.280000e-03	1.433841e-04
-3.270000e-03	1.433060e-04
-3.260000e-03	1.432279e-04
-3.250000e-03	1.431498e-04
-3.240000e-03	1.430717e-04
-3.230000e-03	1.429936e-04
-3.220000e-03	1.429155e-04
-3.210000e-03	1.428374e-04
-3.200000e-03	1.427593e-04
-3.190000e-03	1.426812e-04
-3.180000e-03	1.426031e-04
-3.170000e-03	1.425250e-04
-3.160000e-03	1.424469e-04
-3.150000e-03	1.423688e-04
-3.140000e-03	1.422906e-04
-3.130000e-03	1.422125e-04
-3.120000e-03	1.421344e-04
-3.110000e-03	1.420563e-04
-3.100000e-03	1.419782e-04
-3.090000e-03	1.419001e-04
-3.080000e-03	1.418220e-04
-3.070000e-03	1.417439e-04
-3.060000e-03	1.416658e-04
-3.050000e-03	1.415877e-04
-3.040000e-03	1.415096e-04
-3.030000e-03	1.414315e-04
-3.020000e-03	1.413534e-04
-3.010000e-03	1.412753e-04
-3.000000e-03	1.411972e-04
-2.990000e-03	1.411191e-04
-2.980000e-03	1.410410e-04
-2.970000e-03	1.409629e-04
-2.960000e-03	1.408848e-04
-2.950000e-03	1.408067e-04
-2.940000e-03	1.407286e-04
-2.930000e-03	1.406505e-04
-2.920000e-03	1.405724e-04
-2.910000e-03	1.404943e-04
-2.900000e-03	1.404161e-04
-2.890000e-03	1.403380e-04
-2.880000e-03	1.402599e-04
-2.870000e-03	1.401818e-04
-2.860000e-03	1.401037e-04
-2.850000e-03	1.400256e-04
-2.840000e-03	1.399475e-04
-2.830000e-03	1.398694e-04
-2.820000e-03	1.397913e-04
-2.810000e-03	1.397132e-04
-2.800000e-03	1.396351e-04
-2.790000e-03	1.395570e-04
-2.780000e-03	1.394789e-04
-2.770000e-03	1.394008e-04
-2.760000e-03	1.393227e-04
-2.750000e-03	1.392446e-04
-2.740000e-03	1.391665e-04
-2.730000e-03	1.390884e-04
-2.720000e-03	1.390103e-04
-2.710000e-03	1.389322e-04
-2.700000e-03	1.388541e-04
-2.690000e-03	1.387760e-04
-2.680000e-03	1.386979e-04
-2.670000e-03	1.386197e-04
-2.660000e-03	1.385416e-04
-2.650000e-03	1.384635e-04
-2.640000e-03	1.383854e-04
-2.630000e-03	1.383073e-04
-2.620000e-03	1.382292e-04
-2.610000e-03	1.381511e-04
-2.600000e-03	1.380730e-04
-2.590000e-03	1.379949e-04
-2.580000e-03	1.379168e-04
-2.570000e-03	1.378387e-04
-2.560000e-03	1.377606e-04
-2.550000e-03	1.376825e-04
-2.540000e-03	1.376044e-04
-2.530000e-03	1.375263e-04
-2.520000e-03	1.374482e-04
-2.510000e-03	1.373701e-04
-2.500000e-03	1.372920e-04
-2.490000e-03	1.372139e-04
-2.480000e-03	1.371358e-04
-2.470000e-03	1.370577e-04
-2.460000e-03	1.369796e-04
-2.450000e-03	1.369015e-04
-2.440000e-03	1.368234e-04
-2.430000e-03	1.367452e-04
-2.420000e-03	1.366671e-04
-2.410000e-03	1.365890e-04
-2.400000e-03	1.365109e-04
-2.390000e-03	1.364328e-04
-2.380000e-03	1.363547e-04
-2.370000e-03	1.362766e-04
-2.360000e-03	1.361985e-04
-2.350000e-03	1.361204e-04
-2.340000e-03	1.360423e-04
-2.330000e-03	1.359642e-04
-2.320000e-03	1.358861e-04
-2.310000e-03	1.358080e-04
-2.300000e-03	1.357299e-04
-2.290000e-03	1.356518e-04
-2.280000e-03	1.355737e-04
-2.270000e-03	1.354956e-04
-2.260000e-03	1.354175e-04
-2.250000e-03	1.353394e-04
-2.240000e-03	1.352613e-04
-2.230000e-03	1.351832e-04
-2.220000e-03	1.351051e-04
-2.210000e-03	1.350270e-04
-2.200000e-03	1.349489e-04
-2.190000e-03	1.348707e-04
-2.180000e-03	1.347926e-04
-2.170000e-03	1.347145e-04
-2.160000e-03	1.346364e-04
-2.150000e-03	1.345583e-04
-2.140000e-03	1.344802e-04
-2.130000e-03	1.344021e-04
-2.120000e-03	1.343240e-04
-2.110000e-03	1.342459e-04
-2.100000e-03	1.341678e-04
-2.090000e-03	1.340897e-04
-2.080000e-03	1.340116e-04
-2.070000e-03	1.339335e-04
-2.060000e-03	1.338554e-04
-2.050000e-03	1.337773e-04
-2.040000e-03	1.336992e-04
-2.030000e-03	1.336211e-04
-2.020000e-03	1.335430e-04
-2.010000e-03	1.334649e-04
-2.000000e-03	1.333868e-04
-1.990000e-03	1.333087e-04
-1.980000e-03	1.332306e-04
-1.970000e-03	1.331525e-04
-1.960000e-03	1.330744e-04
-1.950000e-03	1.329962e-04
-1.940000e-03	1.329181e-04
-1.930000e-03	1.328400e-04
-1.920000e-03	1.327619e-04
-1.910000e-03	1.326838e-04
-1.900000e-03	1.326057e-04
-1.890000e-03	1.325276e-04
-1.880000e-03	1.324495e-04
-1.870000e-03	1.323714e-04
-1.860000e-03	1.322933e-04
-1.850000e-03	1.322152e-04
-1.840000e-03	1.321371e-04
-1.830000e-03	1.320590e-04
-1.820000e-03	1.319809e-04
-1.810000e-03	1.319028e-04
-1.800000e-03	1.318247e-04
-1.790000e-03	1.317466e-04
-1.780000e-03	1.316685e-04
-1.770000e-03	1.315904e-04
-1.760000e-03	1.315123e-04
-1.750000e-03	1.314342e-04
-1.740000e-03	1.313561e-04
-1.730000e-03	1.312780e-04
-1.720000e-03	1.311998e-04
-1.710000e-03	1.311217e-04
-1.700000e-03	1.310436e-04
-1.690000e-03	1.309655e-04
-1.680000e-03	1.308874e-04
-1.670000e-03	1.308093e-04
-1.660000e-03	1.307312e-04
-1.650000e-03	1.306531e-04
-1.640000e-03	1.305750e-04
-1.630000e-03	1.304969e-04
-1.620000e-03	1.304188e-04
-1.610000e-03	1.303407e-04
-1.600000e-03	1.302626e-04
-1.590000e-03	1.301845e-04
-1.580000e-03	1.301064e-04
-1.570000e-03	1.300283e-04
-1.560000e-03	1.299502e-04
-1.550000e-03	1.298721e-04
-1.540000e-03	1.297940e-04
-1.530000e-03	1.297159e-04
-1.520000e-03	1.296378e-04
-1.510000e-03	1.295597e-04
-1.500000e-03	1.294816e-04
-1.490000e-03	1.294035e-04
-1.480000e-03	1.293253e-04
-1.470000e-03	1.292472e-04
-1.460000e-03	1.291691e-04
-1.450000e-03	1.290910e-04
-1.440000e-03	1.290129e-04
-1.430000e-03	1.289348e-04
-1.420000e-03	1.288567e-04
-1.410000e-03	1.287786e-04
-1.400000e-03	1.287005e-04
-1.390000e-03	1.286224e-04
-1.380000e-03	1.285443e-04
-1.370000e-03	1.284662e-04
-1.360000e-03	1.283881e-04
-1.350000e-03	1.283100e-04
-1.340000e-03	1.282319e-04
-1.330000e-03	1.281538e-04
-1.320000e-03	1.280757e-04
-1.310000e-03	1.279976e-04
-1.300000e-03	1.279195e-04
-1.290000e-03	1.278414e-04
-1.280000e-03	1.277633e-04
-1.270000e-03	1.276852e-04
-1.260000e-03	1.276071e-04
-1.250000e-03	1.275290e-04
-1.240000e-03	1.274508e-04
-1.230000e-03	1.273727e-04
-1.220000e-03	1.272946e-04
-1.210000e-03	1.272165e-04
-1.200000e-03	1.271384e-04
-1.190000e-03	1.270603e-04
-1.180000e-03	1.269822e-04
-1.170000e-03	1.269041e-04
-1.160000e-03	1.268260e-04
-1.150000e-03	1.267479e-04
-1.140000e-03	1.266698e-04
-1.130000e-03	1.265917e-04
-1.120000e-03	1.265136e-04
-1.110000e-03	1.264355e-04
-1.100000e-03	1.263574e-04
-1.090000e-03	1.262793e-04
-1.080000e-03	1.262012e-04
-1.070000e-03	1.261231e-04
-1.060000e-03	1.260450e-04
-1.050000e-03	1.259669e-04
-1.040000e-03	1.258888e-04
-1.030000e-03	1.258107e-04
-1.020000e-03	1.257326e-04
-1.010000e-03	1.256544e-04
-1.000000e-03	1.255763e-04
-9.900000e-04	1.254982e-04
-9.800000e-04	1.254201e-04
-9.700000e-04	1.253420e-04
-9.600000e-04	1.252639e-04
-9.500000e-04	1.251858e-04
-9.400000e-04	1.251077e-04
-9.300000e-04	1.250296e-04
-9.200000e-04	1.249515e-04
-9.100000e-04	1.248734e-04
-9.000000e-04	1.247953e-04
-8.900000e-04	1.247172e-04
-8.800000e-04	1.246391e-04
-8.700000e-04	1.245610e-04
-8.600000e-04	1.244829e-04
-8.500000e-04	1.244048e-04
-8.400000e-04	1.243267e-04
-8.300000e-04	1.242486e-04
-8.200000e-04	1.241705e-04
-8.100000e-04	1.240924e-04
-8.000000e-04	1.240143e-04
-7.900000e-04	1.239362e-04
-7.800000e-04	1.238581e-04
-7.700000e-04	1.237799e-04
-7.600000e-04	1.237018e-04
-7.500000e-04	1.236237e-04
-7.400000e-04	1.235456e-04
-7.300000e-04	1.234675e-04
-7.200000e-04	1.233894e-04
-7.100000e-04	1.233113e-04
-7.000000e-04	1.232332e-04
-6.900000e-04	1.231551e-04
-6.800000e-04	1.230770e-04
-6.700000e-04	1.229989e-04
-6.600000e-04	1.229208e-04
-6.500000e-04	1.228427e-04
-6.400000e-04	1.227646e-04
-6.300000e-04	1.226865e-04
-6.200000e-04	1.226084e-04
-6.100000e-04	1.225303e-04
-6.000000e-04	1.224522e-04
-5.900000e-04	1.223741e-04
-5.800000e-04	1.222960e-04
-5.700000e-04	1.222179e-04
-5.600000e-04	1.221398e-04
-5.500000e-04	1.220617e-04
-5.400000e-04	1.219836e-04
-5.300000e-04	1.219054e-04
-5.200000e-04	1.218273e-04
-5.100000e-04	1.217492e-04
-5.000000e-04	1.216711e-04
-4.900000e-04	1.215930e-04
-4.800000e-04	1.215149e-04
-4.700000e-04	1.214368e-04
-4.600000e-04	1.213587e-04
-4.500000e-04	1.212806e-04
-4.400000e-04	1.212025e-04
-4.300000e-04	1.211244e-04
-4.200000e-04	1.210463e-04
-4.100000e-04	1.209682e-04
-4.000000e-04	1.208901e-04
-3.900000e-04	1.208120e-04
-3.800000e-04	1.207339e-04
-3.700000e-04	1.206558e-04
-3.600000e-04	1.205777e-04
-3.500000e-04	1.204996e-04
-3.400000e-04	1.204215e-04
-3.300000e-04	1.203434e-04
-3.200000e-04	1.202653e-04
-3.100000e-04	1.201872e-04
-3.000000e-04	1.201091e-04
-2.900000e-04	1.200309e-04
-2.800000e-04	1.199528e-04
-2.700000e-04	1.198747e-04
-2.600000e-04	1.197966e-04
-2.500000e-04	1.197185e-04
-2.400000e-04	1.196404e-04
-2.300000e-04	1.195623e-04
-2.200000e-04	1.194842e-04
-2.100000e-04	1.194061e-04
-2.000000e-04	1.193280e-04
-1.900000e-04	1.192499e-04
-1.800000e-04	1.191718e-04
-1.700000e-04	1.190937e-04
-1.600000e-04	1.190156e-04
-1.500000e-04	1.189375e-04
-1.400000e-04	1.188594e-04
-1.300000e-04	1.187813e-04
-1.200000e-04	1.187032e-04
-1.100000e-04	1.186251e-04
-1.000000e-04	1.185470e-04
-9.000000e-05	1.184689e-04
-8.000000e-05	1.183908e-04
-7.000000e-05	1.183127e-04
-6.000000e-05	1.182345e-04
-5.000000e-05	1.181564e-04
-4.000000e-05	1.180783e-04
-3.000000e-05	1.180002e-04
-2.000000e-05	1.179221e-04
-1.000000e-05	1.178440e-04
-3.677614e-16	1.177659e-04
1.000000e-05	1.176878e-04
2.000000e-05	1.176097e-04
3.000000e-05	1.175316e-04
4.000000e-05	1.174535e-04
5.000000e-05	1.173754e-04
6.000000e-05	1.172973e-04
7.000000e-05	1.172192e-04
8.000000e-05	1.171411e-04
9.000000e-05	1.170630e-04
1.000000e-04	1.169849e-04
1.100000e-04	1.169068e-04
1.200000e-04	1.168287e-04
1.300000e-04	1.167506e-04
1.400000e-04	1.166725e-04
1.500000e-04	1.165944e-04
1.600000e-04	1.165163e-04
1.700000e-04	1.164382e-04
1.800000e-04	1.163600e-04
1.900000e-04	1.162819e-04
2.000000e-04	1.162038e-04
2.100000e-04	1.161257e-04
2.200000e-04	1.160476e-04
2.300000e-04	1.159695e-04
2.400000e-04	1.158914e-04
2.500000e-04	1.158133e-04
2.600000e-04	1.157352e-04
2.700000e-04	1.156571e-04
2.800000e-04	1.155790e-04
2.900000e-04	1.155009e-04
3.000000e-04	1.154228e-04
3.100000e-04	1.153447e-04
3.200000e-04	1.152666e-04
3.300000e-04	1.151885e-04
3.400000e-04	1.151104e-04
3.500000e-04	1.150323e-04
3.600000e-04	1.149542e-04
3.700000e-04	1.148761e-04
3.800000e-04	1.147980e-04
3.900000e-04	1.147199e-04
4.000000e-04	1.146418e-04
4.100000e-04	1.145637e-04
4.200000e-04	1.144855e-04
4.300000e-04	1.144074e-04
4.400000e-04	1.143293e-04
4.500000e-04	1.142512e-04
4.600000e-04	1.141731e-04
4.700000e-04	1.140950e-04
4.800000e-04	1.140169e-04
4.900000e-04	1.139388e-04
5.000000e-04	1.138607e-04
5.100000e-04	1.137826e-04
5.200000e-04	1.137045e-04
5.300000e-04	1.136264e-04
5.400000e-04	1.135483e-04
5.500000e-04	1.134702e-04
5.600000e-04	1.133921e-04
5.700000e-04	1.133140e-04
5.800000e-04	1.132359e-04
5.900000e-04	1.131578e-04
6.000000e-04	1.130797e-04
6.100000e-04	1.130016e-04
6.200000e-04	1.129235e-04
6.300000e-04	1.128454e-04
6.400000e-04	1.127673e-04
6.500000e-04	1.126892e-04
6.600000e-04	1.126110e-04
6.700000e-04	1.125329e-04
6.800000e-04	1.124548e-04
6.900000e-04	1.123767e-04
7.000000e-04	1.122986e-04
7.100000e-04	1.122205e-04
7.200000e-04	1.121424e-04
7.300000e-04	1.120643e-04
7.400000e-04	1.119862e-04
7.500000e-04	1.119081e-04
7.600000e-04	1.118300e-04
7.700000e-04	1.117519e-04
7.800000e-04	1.116738e-04
7.900000e-04	1.115957e-04
8.000000e-04	1.115176e-04
8.100000e-04	1.114395e-04
8.200000e-04	1.113614e-04
8.300000e-04	1.112833e-04
8.400000e-04	1.112052e-04
8.500000e-04	1.111271e-04
8.600000e-04	1.110490e-04
8.700000e-04	1.109709e-04
8.800000e-04	1.108928e-04
8.900000e-04	1.108146e-04
9.000000e-04	1.107365e-04
9.100000e-04	1.106584e-04
9.200000e-04	1.105803e-04
9.300000e-04	1.105022e-04
9.400000e-04	1.104241e-04
9.500000e-04	1.103460e-04
9.600000e-04	1.102679e-04
9.700000e-04	1.101898e-04
9.800000e-04	1.101117e-04
9.900000e-04	1.100336e-04
1.000000e-03	1.099555e-04
1.010000e-03	1.098774e-04
1.020000e-03	1.097993e-04
1.030000e-03	1.097212e-04
1.040000e-03	1.096431e-04
1.050000e-03	1.095650e-04
1.060000e-03	1.094869e-04
1.070000e-03	1.094088e-04
1.080000e-03	1.093307e-04
1.090000e-03	1.092526e-04
1.100000e-03	1.091745e-04
1.110000e-03	1.090964e-04
1.120000e-03	1.090183e-04
1.130000e-03	1.089401e-04
1.140000e-03	1.088620e-04
1.150000e-03	1.087839e-04
1.160000e-03	1.087058e-04
1.170000e-03	1.086277e-04
1.180000e-03	1.085496e-04
1.190000e-03	1.084715e-04
1.200000e-03	1.083934e-04
1.210000e-03	1.083153e-04
1.220000e-03	1.082372e-04
1.230000e-03	1.081591e-04
1.240000e-03	1.080810e-04
1.250000e-03	1.080029e-04
1.260000e-03	1.079248e-04
1.270000e-03	1.078467e-04
1.280000e-03	1.077686e-04
1.290000e-03	1.076905e-04
1.300000e-03	1.076124e-04
1.310000e-03	1.075343e-04
1.320000e-03	1.074562e-04
1.330000e-03	1.073781e-04
1.340000e-03	1.073000e-04
1.350000e-03	1.072219e-04
1.360000e-03	1.071438e-04
1.370000e-03	1.070656e-04
1.380000e-03	1.069875e-04
1.390000e-03	1.069094e-04
1.400000e-03	1.068313e-04
1.410000e-03	1.067532e-04
1.420000e-03	1.066751e-04
1.430000e-03	1.065970e-04
1.440000e-03	1.065189e-04
1.450000e-03	1.064408e-04
1.460000e-03	1.063627e-04
1.470000e-03	1.062846e-04
1.480000e-03	1.062065e-04
1.490000e-03	1.061284e-04
1.500000e-03	1.060503e-04
1.510000e-03	1.059722e-04
1.520000e-03	1.058941e-04
1.530000e-03	1.058160e-04
1.540000e-03	1.057379e-04
1.550000e-03	1.056598e-04
1.560000e-03	1.055817e-04
1.570000e-03	1.055036e-04
1.580000e-03	1.054255e-04
1.590000e-03	1.053474e-04
1.600000e-03	1.052692e-04
1.610000e-03	1.051911e-04
1.620000e-03	1.051130e-04
1.630000e-03	1.050349e-04
1.640000e-03	1.049568e-04
1.650000e-03	1.048787e-04
1.660000e-03	1.048006e-04
1.670000e-03	1.047225e-04
1.680000e-03	1.046444e-04
1.690000e-03	1.045663e-04
1.700000e-03	1.044882e-04
1.710000e-03	1.044101e-04
1.720000e-03	1.043320e-04
1.730000e-03	1.042539e-04
1.740000e-03	1.041758e-04
1.750000e-03	1.040977e-04
1.760000e-03	1.040196e-04
1.770000e-03	1.039415e-04
1.780000e-03	1.038634e-04
1.790000e-03	1.037853e-04
1.800000e-03	1.037072e-04
1.810000e-03	1.036291e-04
1.820000e-03	1.035510e-04
1.830000e-03	1.034729e-04
1.840000e-03	1.033947e-04
1.850000e-03	1.033166e-04
1.860000e-03	1.032385e-04
1.870000e-03	1.031604e-04
1.880000e-03	1.030823e-04
1.890000e-03	1.030042e-04
1.900000e-03	1.029261e-04
1.910000e-03	1.028480e-04
1.920000e-03	1.027699e-04
1.930000e-03	1.026918e-04
1.940000e-03	1.026137e-04
1.950000e-03	1.025356e-04
1.960000e-03	1.024575e-04
1.970000e-03	1.023794e-04
1.980000e-03	1.023013e-04
1.990000e-03	1.022232e-04
2.000000e-03	1.021451e-04
2.010000e-03	1.020901e-04
2.020000e-03	1.020351e-04
2.030000e-03	1.019802e-04
2.040000e-03	1.019252e-04
2.050000e-03	1.018702e-04
2.060000e-03	1.018153e-04
2.070000e-03	1.017603e-04
2.080000e-03	1.017053e-04
2.090000e-03	1.016504e-04
2.100000e-03	1.015954e-04
2.110000e-03	1.015404e-04
2.120000e-03	1.014855e-04
2.130000e-03	1.014305e-04
2.140000e-03	1.013755e-04
2.150000e-03	1.013206e-04
2.160000e-03	1.012656e-04
2.170000e-03	1.012106e-04
2.180000e-03	1.011557e-04
2.190000e-03	1.011007e-04
2.200000e-03	1.010457e-04
2.210000e-03	1.009907e-04
2.220000e-03	1.009358e-04
2.230000e-03	1.008808e-04
2.240000e-03	1.008258e-04
2.250000e-03	1.007709e-04
2.260000e-03	1.007159e-04
2.270000e-03	1.006609e-04
2.280000e-03	1.006060e-04
2.290000e-03	1.005510e-04
2.300000e-03	1.004960e-04
2.310000e-03	1.004411e-04
2.320000e-03	1.003861e-04
2.330000e-03	1.003311e-04
2.340000e-03	1.002762e-04
2.350000e-03	1.002212e-04
2.360000e-03	1.001662e-04
2.370000e-03	1.001113e-04
2.380000e-03	1.000563e-04
2.390000e-03	1.000013e-04
2.400000e-03	9.994635e-05
2.410000e-03	9.989139e-05
2.420000e-03	9.983642e-05
2.430000e-03	9.978145e-05
2.440000e-03	9.972648e-05
2.450000e-03	9.967151e-05
2.460000e-03	9.961654e-05
2.470000e-03	9.956158e-05
2.480000e-03	9.950661e-05
2.490000e-03	9.945164e-05
2.500000e-03	9.939667e-05
2.510000e-03	9.934170e-05
2.520000e-03	9.928673e-05
2.530000e-03	9.923177e-05
2.540000e-03	9.917680e-05
2.550000e-03	9.912183e-05
2.560000e-03	9.906686e-05
2.570000e-03	9.901189e-05
2.580000e-03	9.895693e-05
2.590000e-03	9.890196e-05
2.600000e-03	9.884699e-05
2.610000e-03	9.879202e-05
2.620000e-03	9.873705e-05
2.630000e-03	9.868208e-05
2.640000e-03	9.862712e-05
2.650000e-03	9.857215e-05
2.660000e-03	9.851718e-05
2.670000e-03	9.846221e-05
2.680000e-03	9.840724e-05
2.690000e-03	9.835228e-05
2.700000e-03	9.829731e-05
2.710000e-03	9.824234e-05
2.720000e-03	9.818737e-05
2.730000e-03	9.813240e-05
2.740000e-03	9.807743e-05
2.750000e-03	9.802247e-05
2.760000e-03	9.796750e-05
2.770000e-03	9.791253e-05
2.780000e-03	9.785756e-05
2.790000e-03	9.780259e-05
2.800000e-03	9.774763e-05
2.810000e-03	9.769266e-05
2.820000e-03	9.763769e-05
2.830000e-03	9.758272e-05
2.840000e-03	9.752775e-05
2.850000e-03	9.747278e-05
2.860000e-03	9.741782e-05
2.870000e-03	9.736285e-05
2.880000e-03	9.730788e-05
2.890000e-03	9.725291e-05
2.900000e-03	9.719794e-05
2.910000e-03	9.714298e-05
2.920000e-03	9.708801e-05
2.930000e-03	9.703304e-05
2.940000e-03	9.697807e-05
2.950000e-03	9.692310e-05
2.960000e-03	9.686813e-05
2.970000e-03	9.681317e-05
2.980000e-03	9.675820e-05
2.990000e-03	9.670323e-05
3.000000e-03	9.664826e-05
3.010000e-03	9.660268e-05
3.020000e-03	9.655710e-05
3.030000e-03	9.651152e-05
3.040000e-03	9.646594e-05
3.050000e-03	9.642036e-05
3.060000e-03	9.637478e-05
3.070000e-03	9.632920e-05
3.080000e-03	9.628363e-05
3.090000e-03	9.623805e-05
3.100000e-03	9.619247e-05
3.110000e-03	9.614689e-05
3.120000e-03	9.610131e-05
3.130000e-03	9.605573e-05
3.140000e-03	9.601015e-05
3.150000e-03	9.596457e-05
3.160000e-03	9.591899e-05
3.170000e-03	9.587341e-05
3.180000e-03	9.582783e-05
3.190000e-03	9.578225e-05
3.200000e-03	9.573667e-05
3.210000e-03	9.569109e-05
3.220000e-03	9.564551e-05
3.230000e-03	9.559993e-05
3.240000e-03	9.555435e-05
3.250000e-03	9.550877e-05
3.260000e-03	9.546319e-05
3.270000e-03	9.541761e-05
3.280000e-03	9.537204e-05
3.290000e-03	9.532646e-05
3.300000e-03	9.528088e-05
3.310000e-03	9.523530e-05
3.320000e-03	9.518972e-05
3.330000e-03	9.514414e-05
3.340000e-03	9.509856e-05
3.350000e-03	9.505298e-05
3.360000e-03	9.500740e-05
3.370000e-03	9.496182e-05
3.380000e-03	9.491624e-05
3.390000e-03	9.487066e-05
3.400000e-03	9.482508e-05
3.410000e-03	9.477950e-05
3.420000e-03	9.473392e-05
3.430000e-03	9.468834e-05
3.440000e-03	9.464276e-05
3.450000e-03	9.459718e-05
3.460000e-03	9.455160e-05
3.470000e-03	9.450602e-05
3.480000e-03	9.446045e-05
3.490000e-03	9.441487e-05
3.500000e-03	9.436929e-05
3.510000e-03	9.432371e-05
3.520000e-03	9.427813e-05
3.530000e-03	9.423255e-05
3.540000e-03	9.418697e-05
3.550000e-03	9.414139e-05
3.560000e-03	9.409581e-05
3.570000e-03	9.405023e-05
3.580000e-03	9.400465e-05
3.590000e-03	9.395907e-05
3.600000e-03	9.391349e-05
3.610000e-03	9.386791e-05
3.620000e-03	9.382233e-05
3.630000e-03	9.377675e-05
3.640000e-03	9.373117e-05
3.650000e-03	9.368559e-05
3.660000e-03	9.364001e-05
3.670000e-03	9.359443e-05
3.680000e-03	9.354885e-05
3.690000e-03	9.350328e-05
3.700000e-03	9.345770e-05
3.710000e-03	9.341212e-05
3.720000e-03	9.336654e-05
3.730000e-03	9.332096e-05
3.740000e-03	9.327538e-05
3.750000e-03	9.322980e-05
3.760000e-03	9.318422e-05
3.770000e-03	9.313864e-05
3.780000e-03	9.309306e-05
3.790000e-03	9.304748e-05
3.800000e-03	9.300190e-05
3.810000e-03	9.295632e-05
3.820000e-03	9.291074e-05
3.830000e-03	9.286516e-05
3.840000e-03	9.281958e-05
3.850000e-03	9.277400e-05
3.860000e-03	9.272842e-05
3.870000e-03	9.268284e-05
3.880000e-03	9.263726e-05
3.890000e-03	9.259169e-05
3.900000e-03	9.254611e-05
3.910000e-03	9.250053e-05
3.920000e-03	9.245495e-05
3.930000e-03	9.240937e-05
3.940000e-03	9.236379e-05
3.950000e-03	9.231821e-05
3.960000e-03	9.227263e-05
3.970000e-03	9.222705e-05
3.980000e-03	9.218147e-05
3.990000e-03	9.213589e-05
4.000000e-03	9.209031e-05
4.010000e-03	9.205557e-05
4.020000e-03	9.202083e-05
4.030000e-03	9.198609e-05
4.040000e-03	9.195135e-05
4.050000e-03	9.191661e-05
4.060000e-03	9.188186e-05
4.070000e-03	9.184712e-05
4.080000e-03	9.181238e-05
4.090000e-03	9.177764e-05
4.100000e-03	9.174290e-05
4.110000e-03	9.170816e-05
4.120000e-03	9.167342e-05
4.130000e-03	9.163868e-05
4.140000e-03	9.160394e-05
4.150000e-03	9.156920e-05
4.160000e-03	9.153446e-05
4.170000e-03	9.149971e-05
4.180000e-03	9.146497e-05
4.190000e-03	9.143023e-05
4.200000e-03	9.139549e-05
4.210000e-03	9.136075e-05
4.220000e-03	9.132601e-05
4.230000e-03	9.129127e-05
4.240000e-03	9.125653e-05
4.250000e-03	9.122179e-05
4.260000e-03	9.118705e-05
4.270000e-03	9.115231e-05
4.280000e-03	9.111756e-05
4.290000e-03	9.108282e-05
4.300000e-03	9.104808e-05
4.310000e-03	9.101334e-05
4.320000e-03	9.097860e-05
4.330000e-03	9.094386e-05
4.340000e-03	9.090912e-05
4.350000e-03	9.087438e-05
4.360000e-03	9.083964e-05
4.370000e-03	9.080490e-05
4.380000e-03	9.077016e-05
4.390000e-03	9.073541e-05
4.400000e-03	9.070067e-05
4.410000e-03	9.066593e-05
4.420000e-03	9.063119e-05
4.430000e-03	9.059645e-05
4.440000e-03	9.056171e-05
4.450000e-03	9.052697e-05
4.460000e-03	9.049223e-05
4.470000e-03	9.045749e-05
4.480000e-03	9.042275e-05
4.490000e-03	9.038801e-05
4.500000e-03	9.035326e-05
4.510000e-03	9.031852e-05
4.520000e-03	9.028378e-05
4.530000e-03	9.024904e-05
4.540000e-03	9.021430e-05
4.550000e-03	9.017956e-05
4.560000e-03	9.014482e-05
4.570000e-03	9.011008e-05
4.580000e-03	9.007534e-05
4.590000e-03	9.004060e-05
4.600000e-03	9.000586e-05
4.610000e-03	8.997111e-05
4.620000e-03	8.993637e-05
4.630000e-03	8.990163e-05
4.640000e-03	8.986689e-05
4.650000e-03	8.983215e-05
4.660000e-03	8.979741e-05
4.670000e-03	8.976267e-05
4.680000e-03	8.972793e-05
4.690000e-03	8.969319e-05
4.700000e-03	8.965845e-05
4.710000e-03	8.962370e-05
4.720000e-03	8.958896e-05
4.730000e-03	8.955422e-05
4.740000e-03	8.951948e-05
4.750000e-03	8.948474e-05
4.760000e-03	8.945000e-05
4.770000e-03	8.941526e-05
4.780000e-03	8.938052e-05
4.790000e-03	8.934578e-05
4.800000e-03	8.931104e-05
4.810000e-03	8.927630e-05
4.820000e-03	8.924155e-05
4.830000e-03	8.920681e-05
4.840000e-03	8.917207e-05
4.850000e-03	8.913733e-05
4.860000e-03	8.910259e-05
4.870000e-03	8.906785e-05
4.880000e-03	8.903311e-05
4.890000e-03	8.899837e-05
4.900000e-03	8.896363e-05
4.910000e-03	8.892889e-05
4.920000e-03	8.889415e-05
4.930000e-03	8.885940e-05
4.940000e-03	8.882466e-05
4.950000e-03	8.878992e-05
4.960000e-03	8.875518e-05
4.970000e-03	8.872044e-05
4.980000e-03	8.868570e-05
4.990000e-03	8.865096e-05
5.000000e-03	8.861622e-05
5.010000e-03	8.859362e-05
5.020000e-03	8.857103e-05
5.030000e-03	8.854844e-05
5.040000e-03	8.852585e-05
5.050000e-03	8.850325e-05
5.060000e-03	8.848066e-05
5.070000e-03	8.845807e-05
5.080000e-03	8.843547e-05
5.090000e-03	8.841288e-05
5.100000e-03	8.839029e-05
5.110000e-03	8.836769e-05
5.120000e-03	8.834510e-05
5.130000e-03	8.832251e-05
5.140000e-03	8.829991e-05
5.150000e-03	8.827732e-05
5.160000e-03	8.825473e-05
5.170000e-03	8.823213e-05
5.180000e-03	8.820954e-05
5.190000e-03	8.818695e-05
5.200000e-03	8.816435e-05
5.210000e-03	8.814176e-05
5.220000e-03	8.811917e-05
5.230000e-03	8.809657e-05
5.240000e-03	8.807398e-05
5.250000e-03	8.805139e-05
5.260000e-03	8.802879e-05
5.270000e-03	8.800620e-05
5.280000e-03	8.798361e-05
5.290000e-03	8.796101e-05
5.300000e-03	8.793842e-05
5.310000e-03	8.791583e-05
5.320000e-03	8.789323e-05
5.330000e-03	8.787064e-05
5.340000e-03	8.784805e-05
5.350000e-03	8.782545e-05
5.360000e-03	8.780286e-05
5.370000e-03	8.778027e-05
5.380000e-03	8.775767e-05
5.390000e-03	8.773508e-05
5.400000e-03	8.771249e-05
5.410000e-03	8.768989e-05
5.420000e-03	8.766730e-05
5.430000e-03	8.764471e-05
5.440000e-03	8.762211e-05
5.450000e-03	8.759952e-05
5.460000e-03	8.757693e-05
5.470000e-03	8.755434e-05
5.480000e-03	8.753174e-05
5.490000e-03	8.750915e-05
5.500000e-03	8.748656e-05
5.510000e-03	8.746396e-05
5.520000e-03	8.744137e-05
5.530000e-03	8.741878e-05
5.540000e-03	8.739618e-05
5.550000e-03	8.737359e-05
5.560000e-03	8.735100e-05
5.570000e-03	8.732840e-05
5.580000e-03	8.730581e-05
5.590000e-03	8.728322e-05
5.600000e-03	8.726062e-05
5.610000e-03	8.723803e-05
5.620000e-03	8.721544e-05
5.630000e-03	8.719284e-05
5.640000e-03	8.717025e-05
5.650000e-03	8.714766e-05
5.660000e-03	8.712506e-05
5.670000e-03	8.710247e-05
5.680000e-03	8.707988e-05
5.690000e-03	8.705728e-05
5.700000e-03	8.703469e-05
5.710000e-03	8.701210e-05
5.720000e-03	8.698950e-05
5.730000e-03	8.696691e-05
5.740000e-03	8.694432e-05
5.750000e-03	8.692172e-05
5.760000e-03	8.689913e-05
5.770000e-03	8.687654e-05
5.780000e-03	8.685394e-05
5.790000e-03	8.683135e-05
5.800000e-03	8.680876e-05
5.810000e-03	8.678616e-05
5.820000e-03	8.676357e-05
5.830000e-03	8.674098e-05
5.840000e-03	8.671838e-05
5.850000e-03	8.669579e-05
5.860000e-03	8.667320e-05
5.870000e-03	8.665060e-05
5.880000e-03	8.662801e-05
5.890000e-03	8.660542e-05
5.900000e-03	8.658283e-05
5.910000e-03	8.656023e-05
5.920000e-03	8.653764e-05
5.930000e-03	8.651505e-05
5.940000e-03	8.649245e-05
5.950000e-03	8.646986e-05
5.960000e-03	8.644727e-05
5.970000e-03	8.642467e-05
5.980000e-03	8.640208e-05
5.990000e-03	8.637949e-05
6.000000e-03	8.635689e-05
6.010000e-03	8.634741e-05
6.020000e-03	8.633793e-05
6.030000e-03	8.632845e-05
6.040000e-03	8.631897e-05
6.050000e-03	8.630949e-05
6.060000e-03	8.630001e-05
6.070000e-03	8.629053e-05
6.080000e-03	8.628104e-05
6.090000e-03	8.627156e-05
6.100000e-03	8.626208e-05
6.110000e-03	8.625260e-05
6.120000e-03	8.624312e-05
6.130000e-03	8.623364e-05
6.140000e-03	8.622416e-05
6.150000e-03	8.621468e-05
6.160000e-03	8.620520e-05
6.170000e-03	8.619572e-05
6.180000e-03	8.618623e-05
6.190000e-03	8.617675e-05
6.200000e-03	8.616727e-05
6.210000e-03	8.615779e-05
6.220000e-03	8.614831e-05
6.230000e-03	8.613883e-05
6.240000e-03	8.612935e-05
6.250000e-03	8.611987e-05
6.260000e-03	8.611039e-05
6.270000e-03	8.610091e-05
6.280000e-03	8.609142e-05
6.290000e-03	8.608194e-05
6.300000e-03	8.607246e-05
6.310000e-03	8.606298e-05
6.320000e-03	8.605350e-05
6.330000e-03	8.604402e-05
6.340000e-03	8.603454e-05
6.350000e-03	8.602506e-05
6.360000e-03	8.601558e-05
6.370000e-03	8.600610e-05
6.380000e-03	8.599661e-05
6.390000e-03	8.598713e-05
6.400000e-03	8.597765e-05
6.410000e-03	8.596817e-05
6.420000e-03	8.595869e-05
6.430000e-03	8.594921e-05
6.440000e-03	8.593973e-05
6.450000e-03	8.593025e-05
6.460000e-03	8.592077e-05
6.470000e-03	8.591129e-05
6.480000e-03	8.590180e-05
6.490000e-03	8.589232e-05
6.500000e-03	8.588284e-05
6.510000e-03	8.587336e-05
6.520000e-03	8.586388e-05
6.530000e-03	8.585440e-05
6.540000e-03	8.584492e-05
6.550000e-03	8.583544e-05
6.560000e-03	8.582596e-05
6.570000e-03	8.581648e-05
6.580000e-03	8.580699e-05
6.590000e-03	8.579751e-05
6.600000e-03	8.578803e-05
6.610000e-03	8.577855e-05
6.620000e-03	8.576907e-05
6.630000e-03	8.575959e-05
6.640000e-03	8.575011e-05
6.650000e-03	8.574063e-05
6.660000e-03	8.573115e-05
6.670000e-03	8.572166e-05
6.680000e-03	8.571218e-05
6.690000e-03	8.570270e-05
6.700000e-03	8.569322e-05
6.710000e-03	8.568374e-05
6.720000e-03	8.567426e-05
6.730000e-03	8.566478e-05
6.740000e-03	8.565530e-05
6.750000e-03	8.564582e-05
6.760000e-03	8.563634e-05
6.770000e-03	8.562685e-05
6.780000e-03	8.561737e-05
6.790000e-03	8.560789e-05
6.800000e-03	8.559841e-05
6.810000e-03	8.558893e-05
6.820000e-03	8.557945e-05
6.830000e-03	8.556997e-05
6.840000e-03	8.556049e-05
6.850000e-03	8.555101e-05
6.860000e-03	8.554153e-05
6.870000e-03	8.553204e-05
6.880000e-03	8.552256e-05
6.890000e-03	8.551308e-05
6.900000e-03	8.550360e-05
6.910000e-03	8.549412e-05
6.920000e-03	8.548464e-05
6.930000e-03	8.547516e-05
6.940000e-03	8.546568e-05
6.950000e-03	8.545620e-05
6.960000e-03	8.544672e-05
6.970000e-03	8.543723e-05
6.980000e-03	8.542775e-05
6.990000e-03	8.541827e-05
7.000000e-03	8.540879e-05
7.010000e-03	8.541286e-05
7.020000e-03	8.541692e-05
7.030000e-03	8.542099e-05
7.040000e-03	8.542506e-05
7.050000e-03	8.542912e-05
7.060000e-03	8.543319e-05
7.070000e-03	8.543725e-05
7.080000e-03	8.544132e-05
7.090000e-03	8.544539e-05
7.100000e-03	8.544945e-05
7.110000e-03	8.545352e-05
7.120000e-03	8.545758e-05
7.130000e-03	8.546165e-05
7.140000e-03	8.546571e-05
7.150000e-03	8.546978e-05
7.160000e-03	8.547385e-05
7.170000e-03	8.547791e-05
7.180000e-03	8.548198e-05
7.190000e-03	8.548604e-05
7.200000e-03	8.549011e-05
7.210000e-03	8.549418e-05
7.220000e-03	8.549824e-05
7.230000e-03	8.550231e-05
7.240000e-03	8.550637e-05
7.250000e-03	8.551044e-05
7.260000e-03	8.551451e-05
7.270000e-03	8.551857e-05
7.280000e-03	8.552264e-05
7.290000e-03	8.552670e-05
7.300000e-03	8.553077e-05
7.310000e-03	8.553484e-05
7.320000e-03	8.553890e-05
7.330000e-03	8.554297e-05
7.340000e-03	8.554703e-05
7.350000e-03	8.555110e-05
7.360000e-03	8.555517e-05
7.370000e-03	8.555923e-05
7.380000e-03	8.556330e-05
7.390000e-03	8.556736e-05
7.400000e-03	8.557143e-05
7.410000e-03	8.557550e-05
7.420000e-03	8.557956e-05
7.430000e-03	8.558363e-05
7.440000e-03	8.558769e-05
7.450000e-03	8.559176e-05
7.460000e-03	8.559582e-05
7.470000e-03	8.559989e-05
7.480000e-03	8.560396e-05
7.490000e-03	8.560802e-05
7.500000e-03	8.561209e-05
7.510000e-03	8.561615e-05
7.520000e-03	8.562022e-05
7.530000e-03	8.562429e-05
7.540000e-03	8.562835e-05
7.550000e-03	8.563242e-05
7.560000e-03	8.563648e-05
7.570000e-03	8.564055e-05
7.580000e-03	8.564462e-05
7.590000e-03	8.564868e-05
7.600000e-03	8.565275e-05
7.610000e-03	8.565681e-05
7.620000e-03	8.566088e-05
7.630000e-03	8.566495e-05
7.640000e-03	8.566901e-05
7.650000e-03	8.567308e-05
7.660000e-03	8.567714e-05
7.670000e-03	8.568121e-05
7.680000e-03	8.568528e-05
7.690000e-03	8.568934e-05
7.700000e-03	8.569341e-05
7.710000e-03	8.569747e-05
7.720000e-03	8.570154e-05
7.730000e-03	8.570561e-05
7.740000e-03	8.570967e-05
7.750000e-03	8.571374e-05
7.760000e-03	8.571780e-05
7.770000e-03	8.572187e-05
7.780000e-03	8.572594e-05
7.790000e-03	8.573000e-05
7.800000e-03	8.573407e-05
7.810000e-03	8.573813e-05
7.820000e-03	8.574220e-05
7.830000e-03	8.574626e-05
7.840000e-03	8.575033e-05
7.850000e-03	8.575440e-05
7.860000e-03	8.575846e-05
7.870000e-03	8.576253e-05
7.880000e-03	8.576659e-05
7.890000e-03	8.577066e-05
7.900000e-03	8.577473e-05
7.910000e-03	8.577879e-05
7.920000e-03	8.578286e-05
7.930000e-03	8.578692e-05
7.940000e-03	8.579099e-05
7.950000e-03	8.579506e-05
7.960000e-03	8.579912e-05
7.970000e-03	8.580319e-05
7.980000e-03	8.580725e-05
7.990000e-03	8.581132e-05
8.000000e-03	8.581539e-05
8.010000e-03	8.587910e-05
8.020000e-03	8.594281e-05
8.030000e-03	8.600653e-05
8.040000e-03	8.607024e-05
8.050000e-03	8.613396e-05
8.060000e-03	8.619767e-05
8.070000e-03	8.626139e-05
8.080000e-03	8.632510e-05
8.090000e-03	8.638881e-05
8.100000e-03	8.645253e-05
8.110000e-03	8.651624e-05
8.120000e-03	8.657996e-05
8.130000e-03	8.664367e-05
8.140000e-03	8.670739e-05
8.150000e-03	8.677110e-05
8.160000e-03	8.683481e-05
8.170000e-03	8.689853e-05
8.180000e-03	8.696224e-05
8.190000e-03	8.702596e-05
8.200000e-03	8.708967e-05
8.210000e-03	8.715339e-05
8.220000e-03	8.721710e-05
8.230000e-03	8.728081e-05
8.240000e-03	8.734453e-05
8.250000e-03	8.740824e-05
8.260000e-03	8.747196e-05
8.270000e-03	8.753567e-05
8.280000e-03	8.759939e-05
8.290000e-03	8.766310e-05
8.300000e-03	8.772681e-05
8.310000e-03	8.779053e-05
8.320000e-03	8.785424e-05
8.330000e-03	8.791796e-05
8.340000e-03	8.798167e-05
8.350000e-03	8.804538e-05
8.360000e-03	8.810910e-05
8.370000e-03	8.817281e-05
8.380000e-03	8.823653e-05
8.390000e-03	8.830024e-05
8.400000e-03	8.836396e-05
8.410000e-03	8.842767e-05
8.420000e-03	8.849138e-05
8.430000e-03	8.855510e-05
8.440000e-03	8.861881e-05
8.450000e-03	8.868253e-05
8.460000e-03	8.874624e-05
8.470000e-03	8.880996e-05
8.480000e-03	8.887367e-05
8.490000e-03	8.893738e-05
8.500000e-03	8.900110e-05
8.510000e-03	8.906481e-05
8.520000e-03	8.912853e-05
8.530000e-03	8.919224e-05
8.540000e-03	8.925596e-05
8.550000e-03	8.931967e-05
8.560000e-03	8.938338e-05
8.570000e-03	8.944710e-05
8.580000e-03	8.951081e-05
8.590000e-03	8.957453e-05
8.600000e-03	8.963824e-05
8.610000e-03	8.970196e-05
8.620000e-03	8.976567e-05
8.630000e-03	8.982938e-05
8.640000e-03	8.989310e-05
8.650000e-03	8.995681e-05
8.660000e-03	9.002053e-05
8.670000e-03	9.008424e-05
8.680000e-03	9.014796e-05
8.690000e-03	9.021167e-05
8.700000e-03	9.027538e-05
8.710000e-03	9.033910e-05
8.720000e-03	9.040281e-05
8.730000e-03	9.046653e-05
8.740000e-03	9.053024e-05
8.750000e-03	9.059396e-05
8.760000e-03	9.065767e-05
8.770000e-03	9.072138e-05
8.780000e-03	9.078510e-05
8.790000e-03	9.084881e-05
8.800000e-03	9.091253e-05
8.810000e-03	9.097624e-05
8.820000e-03	9.103996e-05
8.830000e-03	9.110367e-05
8.840000e-03	9.116738e-05
8.850000e-03	9.123110e-05
8.860000e-03	9.129481e-05
8.870000e-03	9.135853e-05
8.880000e-03	9.142224e-05
8.890000e-03	9.148596e-05
8.900000e-03	9.154967e-05
8.910000e-03	9.161338e-05
8.920000e-03	9.167710e-05
8.930000e-03	9.174081e-05
8.940000e-03	9.180453e-05
8.950000e-03	9.186824e-05
8.960000e-03	9.193195e-05
8.970000e-03	9.199567e-05
8.980000e-03	9.205938e-05
8.990000e-03	9.212310e-05
9.000000e-03	9.218681e-05
9.010000e-03	9.225053e-05
9.020000e-03	9.231424e-05
9.030000e-03	9.237795e-05
9.040000e-03	9.244167e-05
9.050000e-03	9.250538e-05
9.060000e-03	9.256910e-05
9.070000e-03	9.263281e-05
9.080000e-03	9.269653e-05
9.090000e-03	9.276024e-05
9.100000e-03	9.282395e-05
9.110000e-03	9.288767e-05
9.120000e-03	9.295138e-05
9.130000e-03	9.301510e-05
9.140000e-03	9.307881e-05
9.150000e-03	9.314253e-05
9.160000e-03	9.320624e-05
9.170000e-03	9.326995e-05
9.180000e-03	9.333367e-05
9.190000e-03	9.339738e-05
9.200000e-03	9.346110e-05
9.210000e-03	9.352481e-05
9.220000e-03	9.358853e-05
9.230000e-03	9.365224e-05
9.240000e-03	9.371595e-05
9.250000e-03	9.377967e-05
9.260000e-03	9.384338e-05
9.270000e-03	9.390710e-05
9.280000e-03	9.397081e-05
9.290000e-03	9.403453e-05
9.300000e-03	9.409824e-05
9.310000e-03	9.416195e-05
9.320000e-03	9.422567e-05
9.330000e-03	9.428938e-05
9.340000e-03	9.435310e-05
9.350000e-03	9.441681e-05
9.360000e-03	9.448053e-05
9.370000e-03	9.454424e-05
9.380000e-03	9.460795e-05
9.390000e-03	9.467167e-05
9.400000e-03	9.473538e-05
9.410000e-03	9.479910e-05
9.420000e-03	9.486281e-05
9.430000e-03	9.492653e-05
9.440000e-03	9.499024e-05
9.450000e-03	9.505395e-05
9.460000e-03	9.511767e-05
9.470000e-03	9.518138e-05
9.480000e-03	9.524510e-05
9.490000e-03	9.530881e-05
9.500000e-03	9.537253e-05
9.510000e-03	9.543624e-05
9.520000e-03	9.549995e-05
9.530000e-03	9.556367e-05
9.540000e-03	9.562738e-05
9.550000e-03	9.569110e-05
9.560000e-03	9.575481e-05
9.570000e-03	9.581852e-05
9.580000e-03	9.588224e-05
9.590000e-03	9.594595e-05
9.600000e-03	9.600967e-05
9.610000e-03	9.607338e-05
9.620000e-03	9.613710e-05
9.630000e-03	9.620081e-05
9.640000e-03	9.626452e-05
9.650000e-03	9.632824e-05
9.660000e-03	9.639195e-05
9.670000e-03	9.645567e-05
9.680000e-03	9.651938e-05
9.690000e-03	9.658310e-05
9.700000e-03	9.664681e-05
9.710000e-03	9.671052e-05
9.720000e-03	9.677424e-05
9.730000e-03	9.683795e-05
9.740000e-03	9.690167e-05
9.750000e-03	9.696538e-05
9.760000e-03	9.702910e-05
9.770000e-03	9.709281e-05
9.780000e-03	9.715652e-05
9.790000e-03	9.722024e-05
9.800000e-03	9.728395e-05
9.810000e-03	9.734767e-05
9.820000e-03	9.741138e-05
9.830000e-03	9.747510e-05
9.840000e-03	9.753881e-05
9.850000e-03	9.760252e-05
9.860000e-03	9.766624e-05
9.870000e-03	9.772995e-05
9.880000e-03	9.779367e-05
9.890000e-03	9.785738e-05
9.900000e-03	9.792110e-05
9.910000e-03	9.798481e-05
9.920000e-03	9.804852e-05
9.930000e-03	9.811224e-05
9.940000e-03	9.817595e-05
9.950000e-03	9.823967e-05
9.960000e-03	9.830338e-05
9.970000e-03	9.836710e-05
9.980000e-03	9.843081e-05
9.990000e-03	9.849452e-05
1.000000e-02	9.855824e-05
1.001000e-02	9.862195e-05
1.002000e-02	9.868567e-05
1.003000e-02	9.874938e-05
1.004000e-02	9.881310e-05
1.005000e-02	9.887681e-05
1.006000e-02	9.894052e-05
1.007000e-02	9.900424e-05
1.008000e-02	9.906795e-05
1.009000e-02	9.913167e-05
1.010000e-02	9.919538e-05
1.011000e-02	9.925909e-05
1.012000e-02	9.932281e-05
1.013000e-02	9.938652e-05
1.014000e-02	9.945024e-05
1.015000e-02	9.951395e-05
1.016000e-02	9.957767e-05
1.017000e-02	9.964138e-05
1.018000e-02	9.970509e-05
1.019000e-02	9.976881e-05
1.020000e-02	9.983252e-05
1.021000e-02	9.989624e-05
1.022000e-02	9.995995e-05
1.023000e-02	1.000237e-04
1.024000e-02	1.000874e-04
1.025000e-02	1.001511e-04
1.026000e-02	1.002148e-04
1.027000e-02	1.002785e-04
1.028000e-02	1.003422e-04
1.029000e-02	1.004060e-04
1.030000e-02	1.004697e-04
1.031000e-02	1.005334e-04
1.032000e-02	1.005971e-04
1.033000e-02	1.006608e-04
1.034000e-02	1.007245e-04
1.035000e-02	1.007882e-04
1.036000e-02	1.008520e-04
1.037000e-02	1.009157e-04
1.038000e-02	1.009794e-04
1.039000e-02	1.010431e-04
1.040000e-02	1.011068e-04
1.041000e-02	1.011705e-04
1.042000e-02	1.012342e-04
1.043000e-02	1.012980e-04
1.044000e-02	1.013617e-04
1.045000e-02	1.014254e-04
1.046000e-02	1.014891e-04
1.047000e-02	1.015528e-04
1.048000e-02	1.016165e-04
1.049000e-02	1.016802e-04
1.050000e-02	1.017440e-04
1.051000e-02	1.018077e-04
1.052000e-02	1.018714e-04
1.053000e-02	1.019351e-04
1.054000e-02	1.019988e-04
1.055000e-02	1.020625e-04
1.056000e-02	1.021262e-04
1.057000e-02	1.021900e-04
1.058000e-02	1.022537e-04
1.059000e-02	1.023174e-04
1.060000e-02	1.023811e-04
1.061000e-02	1.024448e-04
1.062000e-02	1.025085e-04
1.063000e-02	1.025722e-04
1.064000e-02	1.026360e-04
1.065000e-02	1.026997e-04
1.066000e-02	1.027634e-04
1.067000e-02	1.028271e-04
1.068000e-02	1.028908e-04
1.069000e-02	1.029545e-04
1.070000e-02	1.030182e-04
1.071000e-02	1.030820e-04
1.072000e-02	1.031457e-04
1.073000e-02	1.032094e-04
1.074000e-02	1.032731e-04
1.075000e-02	1.033368e-04
1.076000e-02	1.034005e-04
1.077000e-02	1.034642e-04
1.078000e-02	1.035280e-04
1.079000e-02	1.035917e-04
1.080000e-02	1.036554e-04
1.081000e-02	1.037191e-04
1.082000e-02	1.037828e-04
1.083000e-02	1.038465e-04
1.084000e-02	1.039102e-04
1.085000e-02	1.039740e-04
1.086000e-02	1.040377e-04
1.087000e-02	1.041014e-04
1.088000e-02	1.041651e-04
1.089000e-02	1.042288e-04
1.090000e-02	1.042925e-04
1.091000e-02	1.043562e-04
1.092000e-02	1.044200e-04
1.093000e-02	1.044837e-04
1.094000e-02	1.045474e-04
1.095000e-02	1.046111e-04
1.096000e-02	1.046748e-04
1.097000e-02	1.047385e-04
1.098000e-02	1.048022e-04
1.099000e-02	1.048659e-04
1.100000e-02	1.049297e-04
1.101000e-02	1.049934e-04
1.102000e-02	1.050571e-04
1.103000e-02	1.051208e-04
1.104000e-02	1.051845e-04
1.105000e-02	1.052482e-04
1.106000e-02	1.053119e-04
1.107000e-02	1.053757e-04
1.108000e-02	1.054394e-04
1.109000e-02	1.055031e-04
1.110000e-02	1.055668e-04
1.111000e-02	1.056305e-04
1.112000e-02	1.056942e-04
1.113000e-02	1.057579e-04
1.114000e-02	1.058217e-04
1.115000e-02	1.058854e-04
1.116000e-02	1.059491e-04
1.117000e-02	1.060128e-04
1.118000e-02	1.060765e-04
1.119000e-02	1.061402e-04
1.120000e-02	1.062039e-04
1.121000e-02	1.062677e-04
1.122000e-02	1.063314e-04
1.123000e-02	1.063951e-04
1.124000e-02	1.064588e-04
1.125000e-02	1.065225e-04
1.126000e-02	1.065862e-04
1.127000e-02	1.066499e-04
1.128000e-02	1.067137e-04
1.129000e-02	1.067774e-04
1.130000e-02	1.068411e-04
1.131000e-02	1.069048e-04
1.132000e-02	1.069685e-04
1.133000e-02	1.070322e-04
1.134000e-02	1.070959e-04
1.135000e-02	1.071597e-04
1.136000e-02	1.072234e-04
1.137000e-02	1.072871e-04
1.138000e-02	1.073508e-04
1.139000e-02	1.074145e-04
1.140000e-02	1.074782e-04
1.141000e-02	1.075419e-04
1.142000e-02	1.076057e-04
1.143000e-02	1.076694e-04
1.144000e-02	1.077331e-04
1.145000e-02	1.077968e-04
1.146000e-02	1.078605e-04
1.147000e-02	1.079242e-04
1.148000e-02	1.079879e-04
1.149000e-02	1.080517e-04
1.150000e-02	1.081154e-04
1.151000e-02	1.081791e-04
1.152000e-02	1.082428e-04
1.153000e-02	1.083065e-04
1.154000e-02	1.083702e-04
1.155000e-02	1.084339e-04
1.156000e-02	1.084977e-04
1.157000e-02	1.085614e-04
1.158000e-02	1.086251e-04
1.159000e-02	1.086888e-04
1.160000e-02	1.087525e-04
1.161000e-02	1.088162e-04
1.162000e-02	1.088799e-04
1.163000e-02	1.089437e-04
1.164000e-02	1.090074e-04
1.165000e-02	1.090711e-04
1.166000e-02	1.091348e-04
1.167000e-02	1.091985e-04
1.168000e-02	1.092622e-04
1.169000e-02	1.093259e-04
1.170000e-02	1.093897e-04
1.171000e-02	1.094534e-04
1.172000e-02	1.095171e-04
1.173000e-02	1.095808e-04
1.174000e-02	1.096445e-04
1.175000e-02	1.097082e-04
1.176000e-02	1.097719e-04
1.177000e-02	1.098357e-04
1.178000e-02	1.098994e-04
1.179000e-02	1.099631e-04
1.180000e-02	1.100268e-04
1.181000e-02	1.100905e-04
1.182000e-02	1.101542e-04
1.183000e-02	1.102179e-04
1.184000e-02	1.102817e-04
1.185000e-02	1.103454e-04
1.186000e-02	1.104091e-04
1.187000e-02	1.104728e-04
1.188000e-02	1.105365e-04
1.189000e-02	1.106002e-04
1.190000e-02	1.106639e-04
1.191000e-02	1.107277e-04
1.192000e-02	1.107914e-04
1.193000e-02	1.108551e-04
1.194000e-02	1.109188e-04
1.195000e-02	1.109825e-04
1.196000e-02	1.110462e-04
1.197000e-02	1.111099e-04
1.198000e-02	1.111737e-04
1.199000e-02	1.112374e-04
1.200000e-02	1.113011e-04
1.201000e-02	1.113648e-04
1.202000e-02	1.114285e-04
1.203000e-02	1.114922e-04
1.204000e-02	1.115559e-04
1.205000e-02	1.116197e-04
1.206000e-02	1.116834e-04
1.207000e-02	1.117471e-04
1.208000e-02	1.118108e-04
1.209000e-02	1.118745e-04
1.210000e-02	1.119382e-04
1.211000e-02	1.120019e-04
1.212000e-02	1.120657e-04
1.213000e-02	1.121294e-04
1.214000e-02	1.121931e-04
1.215000e-02	1.122568e-04
1.216000e-02	1.123205e-04
1.217000e-02	1.123842e-04
1.218000e-02	1.124479e-04
1.219000e-02	1.125117e-04
1.220000e-02	1.125754e-04
1.221000e-02	1.126391e-04
1.222000e-02	1.127028e-04
1.223000e-02	1.127665e-04
1.224000e-02	1.128302e-04
1.225000e-02	1.128939e-04
1.226000e-02	1.129577e-04
1.227000e-02	1.130214e-04
1.228000e-02	1.130851e-04
1.229000e-02	1.131488e-04
1.230000e-02	1.132125e-04
1.231000e-02	1.132762e-04
1.232000e-02	1.133399e-04
1.233000e-02	1.134037e-04
1.234000e-02	1.134674e-04
1.235000e-02	1.135311e-04
1.236000e-02	1.135948e-04
1.237000e-02	1.136585e-04
1.238000e-02	1.137222e-04
1.239000e-02	1.137859e-04
1.240000e-02	1.138497e-04
1.241000e-02	1.139134e-04
1.242000e-02	1.139771e-04
1.243000e-02	1.140408e-04
1.244000e-02	1.141045e-04
1.245000e-02	1.141682e-04
1.246000e-02	1.142319e-04
1.247000e-02	1.142957e-04
1.248000e-02	1.143594e-04
1.249000e-02	1.144231e-04
1.250000e-02	1.144868e-04
1.251000e-02	1.145505e-04
1.252000e-02	1.146142e-04
1.253000e-02	1.146779e-04
1.254000e-02	1.147417e-04
1.255000e-02	1.148054e-04
1.256000e-02	1.148691e-04
1.257000e-02	1.149328e-04
1.258000e-02	1.149965e-04
1.259000e-02	1.150602e-04
1.260000e-02	1.151239e-04
1.261000e-02	1.151877e-04
1.262000e-02	1.152514e-04
1.263000e-02	1.153151e-04
1.264000e-02	1.153788e-04
1.265000e-02	1.154425e-04
1.266000e-02	1.155062e-04
1.267000e-02	1.155699e-04
1.268000e-02	1.156337e-04
1.269000e-02	1.156974e-04
1.270000e-02	1.157611e-04
1.271000e-02	1.158248e-04
1.272000e-02	1.158885e-04
1.273000e-02	1.159522e-04
1.274000e-02	1.160159e-04
1.275000e-02	1.160797e-04
1.276000e-02	1.161434e-04
1.277000e-02	1.162071e-04
1.278000e-02	1.162708e-04
1.279000e-02	1.163345e-04
1.280000e-02	1.163982e-04
1.281000e-02	1.164619e-04
1.282000e-02	1.165257e-04
1.283000e-02	1.165894e-04
1.284000e-02	1.166531e-04
1.285000e-02	1.167168e-04
1.286000e-02	1.167805e-04
1.287000e-02	1.168442e-04
1.288000e-02	1.169079e-04
1.289000e-02	1.169717e-04
1.290000e-02	1.170354e-04
1.291000e-02	1.170991e-04
1.292000e-02	1.171628e-04
1.293000e-02	1.172265e-04
1.294000e-02	1.172902e-04
1.295000e-02	1.173539e-04
1.296000e-02	1.174177e-04
1.297000e-02	1.174814e-04
1.298000e-02	1.175451e-04
1.299000e-02	1.176088e-04
1.300000e-02	1.176725e-04
1.301000e-02	1.177362e-04
1.302000e-02	1.177999e-04
1.303000e-02	1.178637e-04
1.304000e-02	1.179274e-04
1.305000e-02	1.179911e-04
1.306000e-02	1.180548e-04
1.307000e-02	1.181185e-04
1.308000e-02	1.181822e-04
1.309000e-02	1.182459e-04
1.310000e-02	1.183097e-04
1.311000e-02	1.183734e-04
1.312000e-02	1.184371e-04
1.313000e-02	1.185008e-04
1.314000e-02	1.185645e-04
1.315000e-02	1.186282e-04
1.316000e-02	1.186919e-04
1.317000e-02	1.187557e-04
1.318000e-02	1.188194e-04
1.319000e-02	1.188831e-04
1.320000e-02	1.189468e-04
1.321000e-02	1.190105e-04
1.322000e-02	1.190742e-04
1.323000e-02	1.191379e-04
1.324000e-02	1.192017e-04
1.325000e-02	1.192654e-04
1.326000e-02	1.193291e-04
1.327000e-02	1.193928e-04
1.328000e-02	1.194565e-04
1.329000e-02	1.195202e-04
1.330000e-02	1.195839e-04
1.331000e-02	1.196477e-04
1.332000e-02	1.197114e-04
1.333000e-02	1.197751e-04
1.334000e-02	1.198388e-04
1.335000e-02	1.199025e-04
1.336000e-02	1.199662e-04
1.337000e-02	1.200299e-04
1.338000e-02	1.200937e-04
1.339000e-02	1.201574e-04
1.340000e-02	1.202211e-04
1.341000e-02	1.202848e-04
1.342000e-02	1.203485e-04
1.343000e-02	1.204122e-04
1.344000e-02	1.204759e-04
1.345000e-02	1.205397e-04
1.346000e-02	1.206034e-04
1.347000e-02	1.206671e-04
1.348000e-02	1.207308e-04
1.349000e-02	1.207945e-04
1.350000e-02	1.208582e-04
1.351000e-02	1.209219e-04
1.352000e-02	1.209857e-04
1.353000e-02	1.210494e-04
1.354000e-02	1.211131e-04
1.355000e-02	1.211768e-04
1.356000e-02	1.212405e-04
1.357000e-02	1.213042e-04
1.358000e-02	1.213679e-04
1.359000e-02	1.214317e-04
1.360000e-02	1.214954e-04
1.361000e-02	1.215591e-04
1.362000e-02	1.216228e-04
1.363000e-02	1.216865e-04
1.364000e-02	1.217502e-04
1.365000e-02	1.218139e-04
1.366000e-02	1.218777e-04
1.367000e-02	1.219414e-04
1.368000e-02	1.220051e-04
1.369000e-02	1.220688e-04
1.370000e-02	1.221325e-04
1.371000e-02	1.221962e-04
1.372000e-02	1.222599e-04
1.373000e-02	1.223237e-04
1.374000e-02	1.223874e-04
1.375000e-02	1.224511e-04
1.376000e-02	1.225148e-04
1.377000e-02	1.225785e-04
1.378000e-02	1.226422e-04
1.379000e-02	1.227059e-04
1.380000e-02	1.227697e-04
1.381000e-02	1.228334e-04
1.382000e-02	1.228971e-04
1.383000e-02	1.229608e-04
1.384000e-02	1.230245e-04
1.385000e-02	1.230882e-04
1.386000e-02	1.231519e-04
1.387000e-02	1.232157e-04
1.388000e-02	1.232794e-04
1.389000e-02	1.233431e-04
1.390000e-02	1.234068e-04
1.391000e-02	1.234705e-04
1.392000e-02	1.235342e-04
1.393000e-02	1.235979e-04
1.394000e-02	1.236617e-04
1.395000e-02	1.237254e-04
1.396000e-02	1.237891e-04
1.397000e-02	1.238528e-04
1.398000e-02	1.239165e-04
1.399000e-02	1.239802e-04
1.400000e-02	1.240439e-04
1.401000e-02	1.241077e-04
1.402000e-02	1.241714e-04
1.403000e-02	1.242351e-04
1.404000e-02	1.242988e-04
1.405000e-02	1.243625e-04
1.406000e-02	1.244262e-04
1.407000e-02	1.244899e-04
1.408000e-02	1.245537e-04
1.409000e-02	1.246174e-04
1.410000e-02	1.246811e-04
1.411000e-02	1.247448e-04
1.412000e-02	1.248085e-04
1.413000e-02	1.248722e-04
1.414000e-02	1.249359e-04
1.415000e-02	1.249997e-04
1.416000e-02	1.250634e-04
1.417000e-02	1.251271e-04
1.418000e-02	1.251908e-04
1.419000e-02	1.252545e-04
1.420000e-02	1.253182e-04
1.421000e-02	1.253819e-04
1.422000e-02	1.254457e-04
1.423000e-02	1.255094e-04
1.424000e-02	1.255731e-04
1.425000e-02	1.256368e-04
1.426000e-02	1.257005e-04
1.427000e-02	1.257642e-04
1.428000e-02	1.258279e-04
1.429000e-02	1.258917e-04
1.430000e-02	1.259554e-04
1.431000e-02	1.260191e-04
1.432000e-02	1.260828e-04
1.433000e-02	1.261465e-04
1.434000e-02	1.262102e-04
1.435000e-02	1.262739e-04
1.436000e-02	1.263377e-04
1.437000e-02	1.264014e-04
1.438000e-02	1.264651e-04
1.439000e-02	1.265288e-04
1.440000e-02	1.265925e-04
1.441000e-02	1.266562e-04
1.442000e-02	1.267199e-04
1.443000e-02	1.267837e-04
1.444000e-02	1.268474e-04
1.445000e-02	1.269111e-04
1.446000e-02	1.269748e-04
1.447000e-02	1.270385e-04
1.448000e-02	1.271022e-04
1.449000e-02	1.271659e-04
1.450000e-02	1.272297e-04
1.451000e-02	1.272934e-04
1.452000e-02	1.273571e-04
1.453000e-02	1.274208e-04
1.454000e-02	1.274845e-04
1.455000e-02	1.275482e-04
1.456000e-02	1.276119e-04
1.457000e-02	1.276757e-04
1.458000e-02	1.277394e-04
1.459000e-02	1.278031e-04
1.460000e-02	1.278668e-04
1.461000e-02	1.279305e-04
1.462000e-02	1.279942e-04
1.463000e-02	1.280579e-04
1.464000e-02	1.281217e-04
1.465000e-02	1.281854e-04
1.466000e-02	1.282491e-04
1.467000e-02	1.283128e-04
1.468000e-02	1.283765e-04
1.469000e-02	1.284402e-04
1.470000e-02	1.285039e-04
1.471000e-02	1.285677e-04
1.472000e-02	1.286314e-04
1.473000e-02	1.286951e-04
1.474000e-02	1.287588e-04
1.475000e-02	1.288225e-04
1.476000e-02	1.288862e-04
1.477000e-02	1.289499e-04
1.478000e-02	1.290137e-04
1.479000e-02	1.290774e-04
1.480000e-02	1.291411e-04
1.481000e-02	1.292048e-04
1.482000e-02	1.292685e-04
1.483000e-02	1.293322e-04
1.484000e-02	1.293959e-04
1.485000e-02	1.294597e-04
1.486000e-02	1.295234e-04
1.487000e-02	1.295871e-04
1.488000e-02	1.296508e-04
1.489000e-02	1.297145e-04
1.490000e-02	1.297782e-04
1.491000e-02	1.298419e-04
1.492000e-02	1.299057e-04
1.493000e-02	1.299694e-04
1.494000e-02	1.300331e-04
1.495000e-02	1.300968e-04
1.496000e-02	1.301605e-04
1.497000e-02	1.302242e-04
1.498000e-02	1.302879e-04
1.499000e-02	1.303517e-04
1.500000e-02	1.304154e-04
1.501000e-02	1.304791e-04
1.502000e-02	1.305428e-04
1.503000e-02	1.306065e-04
1.504000e-02	1.306702e-04
1.505000e-02	1.307339e-04
1.506000e-02	1.307977e-04
1.507000e-02	1.308614e-04
1.508000e-02	1.309251e-04
1.509000e-02	1.309888e-04
1.510000e-02	1.310525e-04
1.511000e-02	1.311162e-04
1.512000e-02	1.311799e-04
1.513000e-02	1.312437e-04
1.514000e-02	1.313074e-04
1.515000e-02	1.313711e-04
1.516000e-02	1.314348e-04
1.517000e-02	1.314985e-04
1.518000e-02	1.315622e-04
1.519000e-02	1.316259e-04
1.520000e-02	1.316897e-04
1.521000e-02	1.317534e-04
1.522000e-02	1.318171e-04
1.523000e-02	1.318808e-04
1.524000e-02	1.319445e-04
1.525000e-02	1.320082e-04
1.526000e-02	1.320719e-04
1.527000e-02	1.321357e-04
1.528000e-02	1.321994e-04
1.529000e-02	1.322631e-04
1.530000e-02	1.323268e-04
1.531000e-02	1.323905e-04
1.532000e-02	1.324542e-04
1.533000e-02	1.325179e-04
1.534000e-02	1.325817e-04
1.535000e-02	1.326454e-04
1.536000e-02	1.327091e-04
1.537000e-02	1.327728e-04
1.538000e-02	1.328365e-04
1.539000e-02	1.329002e-04
1.540000e-02	1.329639e-04
1.541000e-02	1.330277e-04
1.542000e-02	1.330914e-04
1.543000e-02	1.331551e-04
1.544000e-02	1.332188e-04
1.545000e-02	1.332825e-04
1.546000e-02	1.333462e-04
1.547000e-02	1.334099e-04
1.548000e-02	1.334737e-04
1.549000e-02	1.335374e-04
1.550000e-02	1.336011e-04
1.551000e-02	1.336648e-04
1.552000e-02	1.337285e-04
1.553000e-02	1.337922e-04
1.554000e-02	1.338559e-04
1.555000e-02	1.339197e-04
1.556000e-02	1.339834e-04
1.557000e-02	1.340471e-04
1.558000e-02	1.341108e-04
1.559000e-02	1.341745e-04
1.560000e-02	1.342382e-04
1.561000e-02	1.343019e-04
1.562000e-02	1.343657e-04
1.563000e-02	1.344294e-04
1.564000e-02	1.344931e-04
1.565000e-02	1.345568e-04
1.566000e-02	1.346205e-04
1.567000e-02	1.346842e-04
1.568000e-02	1.347479e-04
1.569000e-02	1.348117e-04
1.570000e-02	1.348754e-04
1.571000e-02	1.349391e-04
1.572000e-02	1.350028e-04
1.573000e-02	1.350665e-04
1.574000e-02	1.351302e-04
1.575000e-02	1.351939e-04
1.576000e-02	1.352577e-04
1.577000e-02	1.353214e-04
1.578000e-02	1.353851e-04
1.579000e-02	1.354488e-04
1.580000e-02	1.355125e-04
1.581000e-02	1.355762e-04
1.582000e-02	1.356399e-04
1.583000e-02	1.357037e-04
1.584000e-02	1.357674e-04
1.585000e-02	1.358311e-04
1.586000e-02	1.358948e-04
1.587000e-02	1.359585e-04
1.588000e-02	1.360222e-04
1.589000e-02	1.360859e-04
1.590000e-02	1.361497e-04
1.591000e-02	1.362134e-04
1.592000e-02	1.362771e-04
1.593000e-02	1.363408e-04
1.594000e-02	1.364045e-04
1.595000e-02	1.364682e-04
1.596000e-02	1.365319e-04
1.597000e-02	1.365957e-04
1.598000e-02	1.366594e-04
1.599000e-02	1.367231e-04
1.600000e-02	1.367868e-04
1.601000e-02	1.368505e-04
1.602000e-02	1.369142e-04
1.603000e-02	1.369779e-04
1.604000e-02	1.370417e-04
1.605000e-02	1.371054e-04
1.606000e-02	1.371691e-04
1.607000e-02	1.372328e-04
1.608000e-02	1.372965e-04
1.609000e-02	1.373602e-04
1.610000e-02	1.374239e-04
1.611000e-02	1.374877e-04
1.612000e-02	1.375514e-04
1.613000e-02	1.376151e-04
1.614000e-02	1.376788e-04
1.615000e-02	1.377425e-04
1.616000e-02	1.378062e-04
1.617000e-02	1.378699e-04
1.618000e-02	1.379337e-04
1.619000e-02	1.379974e-04
1.620000e-02	1.380611e-04
1.621000e-02	1.381248e-04
1.622000e-02	1.381885e-04
1.623000e-02	1.382522e-04
1.624000e-02	1.383159e-04
1.625000e-02	1.383797e-04
1.626000e-02	1.384434e-04
1.627000e-02	1.385071e-04
1.628000e-02	1.385708e-04
1.629000e-02	1.386345e-04
1.630000e-02	1.386982e-04
1.631000e-02	1.387619e-04
1.632000e-02	1.388257e-04
1.633000e-02	1.388894e-04
1.634000e-02	1.389531e-04
1.635000e-02	1.390168e-04
1.636000e-02	1.390805e-04
1.637000e-02	1.391442e-04
1.638000e-02	1.392079e-04
1.639000e-02	1.392717e-04
1.640000e-02	1.393354e-04
1.641000e-02	1.393991e-04
1.642000e-02	1.394628e-04
1.643000e-02	1.395265e-04
1.644000e-02	1.395902e-04
1.645000e-02	1.396539e-04
1.646000e-02	1.397177e-04
1.647000e-02	1.397814e-04
1.648000e-02	1.398451e-04
1.649000e-02	1.399088e-04
1.650000e-02	1.399725e-04
1.651000e-02	1.400362e-04
1.652000e-02	1.400999e-04
1.653000e-02	1.401637e-04
1.654000e-02	1.402274e-04
1.655000e-02	1.402911e-04
1.656000e-02	1.403548e-04
1.657000e-02	1.404185e-04
1.658000e-02	1.404822e-04
1.659000e-02	1.405459e-04
1.660000e-02	1.406097e-04
1.661000e-02	1.406734e-04
1.662000e-02	1.407371e-04
1.663000e-02	1.408008e-04
1.664000e-02	1.408645e-04
1.665000e-02	1.409282e-04
1.666000e-02	1.409919e-04
1.667000e-02	1.410557e-04
1.668000e-02	1.411194e-04
1.669000e-02	1.411831e-04
1.670000e-02	1.412468e-04
1.671000e-02	1.413105e-04
1.672000e-02	1.413742e-04
1.673000e-02	1.414379e-04
1.674000e-02	1.415017e-04
1.675000e-02	1.415654e-04
1.676000e-02	1.416291e-04
1.677000e-02	1.416928e-04
1.678000e-02	1.417565e-04
1.679000e-02	1.418202e-04
1.680000e-02	1.418839e-04
1.681000e-02	1.419476e-04
1.682000e-02	1.420114e-04
1.683000e-02	1.420751e-04
1.684000e-02	1.421388e-04
1.685000e-02	1.422025e-04
1.686000e-02	1.422662e-04
1.687000e-02	1.423299e-04
1.688000e-02	1.423936e-04
1.689000e-02	1.424574e-04
1.690000e-02	1.425211e-04
1.691000e-02	1.425848e-04
1.692000e-02	1.426485e-04
1.693000e-02	1.427122e-04
1.694000e-02	1.427759e-04
1.695000e-02	1.428396e-04
1.696000e-02	1.429034e-04
1.697000e-02	1.429671e-04
1.698000e-02	1.430308e-04
1.699000e-02	1.430945e-04
1.700000e-02	1.431582e-04
1.701000e-02	1.432219e-04
1.702000e-02	1.432856e-04
1.703000e-02	1.433494e-04
1.704000e-02	1.434131e-04
1.705000e-02	1.434768e-04
1.706000e-02	1.435405e-04
1.707000e-02	1.436042e-04
1.708000e-02	1.436679e-04
1.709000e-02	1.437316e-04
1.710000e-02	1.437954e-04
1.711000e-02	1.438591e-04
1.712000e-02	1.439228e-04
1.713000e-02	1.439865e-04
1.714000e-02	1.440502e-04
1.715000e-02	1.441139e-04
1.716000e-02	1.441776e-04
1.717000e-02	1.442414e-04
1.718000e-02	1.443051e-04
1.719000e-02	1.443688e-04
1.720000e-02	1.444325e-04
1.721000e-02	1.444962e-04
1.722000e-02	1.445599e-04
1.723000e-02	1.446236e-04
1.724000e-02	1.446874e-04
1.725000e-02	1.447511e-04
1.726000e-02	1.448148e-04
1.727000e-02	1.448785e-04
1.728000e-02	1.449422e-04
1.729000e-02	1.450059e-04
1.730000e-02	1.450696e-04
1.731000e-02	1.451334e-04
1.732000e-02	1.451971e-04
1.733000e-02	1.452608e-04
1.734000e-02	1.453245e-04
1.735000e-02	1.453882e-04
1.736000e-02	1.454519e-04
1.737000e-02	1.455156e-04
1.738000e-02	1.455794e-04
1.739000e-02	1.456431e-04
1.740000e-02	1.457068e-04
1.741000e-02	1.457705e-04
1.742000e-02	1.458342e-04
1.743000e-02	1.458979e-04
1.744000e-02	1.459616e-04
1.745000e-02	1.460254e-04
1.746000e-02	1.460891e-04
1.747000e-02	1.461528e-04
1.748000e-02	1.462165e-04
1.749000e-02	1.462802e-04
1.750000e-02	1.463439e-04
1.751000e-02	1.464076e-04
1.752000e-02	1.464714e-04
1.753000e-02	1.465351e-04
1.754000e-02	1.465988e-04
1.755000e-02	1.466625e-04
1.756000e-02	1.467262e-04
1.757000e-02	1.467899e-04
1.758000e-02	1.468536e-04
1.759000e-02	1.469174e-04
1.760000e-02	1.469811e-04
1.761000e-02	1.470448e-04
1.762000e-02	1.471085e-04
1.763000e-02	1.471722e-04
1.764000e-02	1.472359e-04
1.765000e-02	1.472996e-04
1.766000e-02	1.473634e-04
1.767000e-02	1.474271e-04
1.768000e-02	1.474908e-04
1.769000e-02	1.475545e-04
1.770000e-02	1.476182e-04
1.771000e-02	1.476819e-04
1.772000e-02	1.477456e-04
1.773000e-02	1.478094e-04
1.774000e-02	1.478731e-04
1.775000e-02	1.479368e-04
1.776000e-02	1.480005e-04
1.777000e-02	1.480642e-04
1.778000e-02	1.481279e-04
1.779000e-02	1.481916e-04
1.780000e-02	1.482554e-04
1.781000e-02	1.483191e-04
1.782000e-02	1.483828e-04
1.783000e-02	1.484465e-04
1.784000e-02	1.485102e-04
1.785000e-02	1.485739e-04
1.786000e-02	1.486376e-04
1.787000e-02	1.487014e-04
1.788000e-02	1.487651e-04
1.789000e-02	1.488288e-04
1.790000e-02	1.488925e-04
1.791000e-02	1.489562e-04
1.792000e-02	1.490199e-04
1.793000e-02	1.490836e-04
1.794000e-02	1.491474e-04
1.795000e-02	1.492111e-04
1.796000e-02	1.492748e-04
1.797000e-02	1.493385e-04
1.798000e-02	1.494022e-04
1.799000e-02	1.494659e-04
1.800000e-02	1.495296e-04
1.801000e-02	1.495934e-04
1.802000e-02	1.496571e-04
1.803000e-02	1.497208e-04
1.804000e-02	1.497845e-04
1.805000e-02	1.498482e-04
1.806000e-02	1.499119e-04
1.807000e-02	1.499756e-04
1.808000e-02	1.500394e-04
1.809000e-02	1.501031e-04
1.810000e-02	1.501668e-04
1.811000e-02	1.502305e-04
1.812000e-02	1.502942e-04
1.813000e-02	1.503579e-04
1.814000e-02	1.504216e-04
1.815000e-02	1.504854e-04
1.816000e-02	1.505491e-04
1.817000e-02	1.506128e-04
1.818000e-02	1.506765e-04
1.819000e-02	1.507402e-04
1.820000e-02	1.508039e-04
1.821000e-02	1.508676e-04
1.822000e-02	1.509314e-04
1.823000e-02	1.509951e-04
1.824000e-02	1.510588e-04
1.825000e-02	1.511225e-04
1.826000e-02	1.511862e-04
1.827000e-02	1.512499e-04
1.828000e-02	1.513136e-04
1.829000e-02	1.513774e-04
1.830000e-02	1.514411e-04
1.831000e-02	1.515048e-04
1.832000e-02	1.515685e-04
1.833000e-02	1.516322e-04
1.834000e-02	1.516959e-04
1.835000e-02	1.517596e-04
1.836000e-02	1.518234e-04
1.837000e-02	1.518871e-04
1.838000e-02	1.519508e-04
1.839000e-02	1.520145e-04
1.840000e-02	1.520782e-04
1.841000e-02	1.521419e-04
1.842000e-02	1.522056e-04
1.843000e-02	1.522694e-04
1.844000e-02	1.523331e-04
1.845000e-02	1.523968e-04
1.846000e-02	1.524605e-04
1.847000e-02	1.525242e-04
1.848000e-02	1.525879e-04
1.849000e-02	1.526516e-04
1.850000e-02	1.527154e-04
1.851000e-02	1.527791e-04
1.852000e-02	1.528428e-04
1.853000e-02	1.529065e-04
1.854000e-02	1.529702e-04
1.855000e-02	1.530339e-04
1.856000e-02	1.530976e-04
1.857000e-02	1.531614e-04
1.858000e-02	1.532251e-04
1.859000e-02	1.532888e-04
1.860000e-02	1.533525e-04
1.861000e-02	1.534162e-04
1.862000e-02	1.534799e-04
1.863000e-02	1.535436e-04
1.864000e-02	1.536074e-04
1.865000e-02	1.536711e-04
1.866000e-02	1.537348e-04
1.867000e-02	1.537985e-04
1.868000e-02	1.538622e-04
1.869000e-02	1.539259e-04
1.870000e-02	1.539896e-04
1.871000e-02	1.540534e-04
1.872000e-02	1.541171e-04
1.873000e-02	1.541808e-04
1.874000e-02	1.542445e-04
1.875000e-02	1.543082e-04
1.876000e-02	1.543719e-04
1.877000e-02	1.544356e-04
1.878000e-02	1.544994e-04
1.879000e-02	1.545631e-04
1.880000e-02	1.546268e-04
1.881000e-02	1.546905e-04
1.882000e-02	1.547542e-04
1.883000e-02	1.548179e-04
1.884000e-02	1.548816e-04
1.885000e-02	1.549454e-04
1.886000e-02	1.550091e-04
1.887000e-02	1.550728e-04
1.888000e-02	1.551365e-04
1.889000e-02	1.552002e-04
1.890000e-02	1.552639e-04
1.891000e-02	1.553276e-04
1.892000e-02	1.553914e-04
1.893000e-02	1.554551e-04
1.894000e-02	1.555188e-04
1.895000e-02	1.555825e-04
1.896000e-02	1.556462e-04
1.897000e-02	1.557099e-04
1.898000e-02	1.557736e-04
1.899000e-02	1.558374e-04
1.900000e-02	1.559011e-04
1.901000e-02	1.559648e-04
1.902000e-02	1.560285e-04
1.903000e-02	1.560922e-04
1.904000e-02	1.561559e-04
1.905000e-02	1.562196e-04
1.906000e-02	1.562834e-04
1.907000e-02	1.563471e-04
1.908000e-02	1.564108e-04
1.909000e-02	1.564745e-04
1.910000e-02	1.565382e-04
1.911000e-02	1.566019e-04
1.912000e-02	1.566656e-04
1.913000e-02	1.567294e-04
1.914000e-02	1.567931e-04
1.915000e-02	1.568568e-04
1.916000e-02	1.569205e-04
1.917000e-02	1.569842e-04
1.918000e-02	1.570479e-04
1.919000e-02	1.571116e-04
1.920000e-02	1.571754e-04
1.921000e-02	1.572391e-04
1.922000e-02	1.573028e-04
1.923000e-02	1.573665e-04
1.924000e-02	1.574302e-04
1.925000e-02	1.574939e-04
1.926000e-02	1.575576e-04
1.927000e-02	1.576214e-04
1.928000e-02	1.576851e-04
1.929000e-02	1.577488e-04
1.930000e-02	1.578125e-04
1.931000e-02	1.578762e-04
1.932000e-02	1.579399e-04
1.933000e-02	1.580036e-04
1.934000e-02	1.580674e-04
1.935000e-02	1.581311e-04
1.936000e-02	1.581948e-04
1.937000e-02	1.582585e-04
1.938000e-02	1.583222e-04
1.939000e-02	1.583859e-04
1.940000e-02	1.584496e-04
1.941000e-02	1.585134e-04
1.942000e-02	1.585771e-04
1.943000e-02	1.586408e-04
1.944000e-02	1.587045e-04
1.945000e-02	1.587682e-04
1.946000e-02	1.588319e-04
1.947000e-02	1.588956e-04
1.948000e-02	1.589594e-04
1.949000e-02	1.590231e-04
1.950000e-02	1.590868e-04
1.951000e-02	1.591505e-04
1.952000e-02	1.592142e-04
1.953000e-02	1.592779e-04
1.954000e-02	1.593416e-04
1.955000e-02	1.594054e-04
1.956000e-02	1.594691e-04
1.957000e-02	1.595328e-04
1.958000e-02	1.595965e-04
1.959000e-02	1.596602e-04
1.960000e-02	1.597239e-04
1.961000e-02	1.597876e-04
1.962000e-02	1.598514e-04
1.963000e-02	1.599151e-04
1.964000e-02	1.599788e-04
1.965000e-02	1.600425e-04
1.966000e-02	1.601062e-04
1.967000e-02	1.601699e-04
1.968000e-02	1.602336e-04
1.969000e-02	1.602974e-04
1.970000e-02	1.603611e-04
1.971000e-02	1.604248e-04
1.972000e-02	1.604885e-04
1.973000e-02	1.605522e-04
1.974000e-02	1.606159e-04
1.975000e-02	1.606796e-04
1.976000e-02	1.607434e-04
1.977000e-02	1.608071e-04
1.978000e-02	1.608708e-04
1.979000e-02	1.609345e-04
1.980000e-02	1.609982e-04
1.981000e-02	1.610619e-04
1.982000e-02	1.611256e-04
1.983000e-02	1.611894e-04
1.984000e-02	1.612531e-04
1.985000e-02	1.613168e-04
1.986000e-02	1.613805e-04
1.987000e-02	1.614442e-04
1.988000e-02	1.615079e-04
1.989000e-02	1.615716e-04
1.990000e-02	1.616354e-04
1.991000e-02	1.616991e-04
1.992000e-02	1.617628e-04
1.993000e-02	1.618265e-04
1.994000e-02	1.618902e-04
1.995000e-02	1.619539e-04
1.996000e-02	1.620176e-04
1.997000e-02	1.620814e-04
1.998000e-02	1.621451e-04
1.999000e-02	1.622088e-04
2.000000e-02	1.622725e-04
2.001000e-02	1.623651e-04
2.002000e-02	1.624577e-04
2.003000e-02	1.625504e-04
2.004000e-02	1.626430e-04
2.005000e-02	1.627356e-04
2.006000e-02	1.628282e-04
2.007000e-02	1.629208e-04
2.008000e-02	1.630135e-04
2.009000e-02	1.631061e-04
2.010000e-02	1.631987e-04
2.011000e-02	1.632913e-04
2.012000e-02	1.633839e-04
2.013000e-02	1.634766e-04
2.014000e-02	1.635692e-04
2.015000e-02	1.636618e-04
2.016000e-02	1.637544e-04
2.017000e-02	1.638470e-04
2.018000e-02	1.639397e-04
2.019000e-02	1.640323e-04
2.020000e-02	1.641249e-04
2.021000e-02	1.642175e-04
2.022000e-02	1.643101e-04
2.023000e-02	1.644028e-04
2.024000e-02	1.644954e-04
2.025000e-02	1.645880e-04
2.026000e-02	1.646806e-04
2.027000e-02	1.647732e-04
2.028000e-02	1.648659e-04
2.029000e-02	1.649585e-04
2.030000e-02	1.650511e-04
2.031000e-02	1.651437e-04
2.032000e-02	1.652363e-04
2.033000e-02	1.653290e-04
2.034000e-02	1.654216e-04
2.035000e-02	1.655142e-04
2.036000e-02	1.656068e-04
2.037000e-02	1.656994e-04
2.038000e-02	1.657921e-04
2.039000e-02	1.658847e-04
2.040000e-02	1.659773e-04
2.041000e-02	1.660699e-04
2.042000e-02	1.661625e-04
2.043000e-02	1.662552e-04
2.044000e-02	1.663478e-04
2.045000e-02	1.664404e-04
2.046000e-02	1.665330e-04
2.047000e-02	1.666257e-04
2.048000e-02	1.667183e-04
2.049000e-02	1.668109e-04
2.050000e-02	1.669035e-04
2.051000e-02	1.669961e-04
2.052000e-02	1.670888e-04
2.053000e-02	1.671814e-04
2.054000e-02	1.672740e-04
2.055000e-02	1.673666e-04
2.056000e-02	1.674592e-04
2.057000e-02	1.675519e-04
2.058000e-02	1.676445e-04
2.059000e-02	1.677371e-04
2.060000e-02	1.678297e-04
2.061000e-02	1.679223e-04
2.062000e-02	1.680150e-04
2.063000e-02	1.681076e-04
2.064000e-02	1.682002e-04
2.065000e-02	1.682928e-04
2.066000e-02	1.683854e-04
2.067000e-02	1.684781e-04
2.068000e-02	1.685707e-04
2.069000e-02	1.686633e-04
2.070000e-02	1.687559e-04
2.071000e-02	1.688485e-04
2.072000e-02	1.689412e-04
2.073000e-02	1.690338e-04
2.074000e-02	1.691264e-04
2.075000e-02	1.692190e-04
2.076000e-02	1.693116e-04
2.077000e-02	1.694043e-04
2.078000e-02	1.694969e-04
2.079000e-02	1.695895e-04
2.080000e-02	1.696821e-04
2.081000e-02	1.697747e-04
2.082000e-02	1.698674e-04
2.083000e-02	1.699600e-04
2.084000e-02	1.700526e-04
2.085000e-02	1.701452e-04
2.086000e-02	1.702378e-04
2.087000e-02	1.703305e-04
2.088000e-02	1.704231e-04
2.089000e-02	1.705157e-04
2.090000e-02	1.706083e-04
2.091000e-02	1.707009e-04
2.092000e-02	1.707936e-04
2.093000e-02	1.708862e-04
2.094000e-02	1.709788e-04
2.095000e-02	1.710714e-04
2.096000e-02	1.711640e-04
2.097000e-02	1.712567e-04
2.098000e-02	1.713493e-04
2.099000e-02	1.714419e-04
2.100000e-02	1.715345e-04
2.101000e-02	1.716288e-04
2.102000e-02	1.717231e-04
2.103000e-02	1.718174e-04
2.104000e-02	1.719117e-04
2.105000e-02	1.720060e-04
2.106000e-02	1.721003e-04
2.107000e-02	1.721946e-04
2.108000e-02	1.722890e-04
2.109000e-02	1.723833e-04
2.110000e-02	1.724776e-04
2.111000e-02	1.725719e-04
2.112000e-02	1.726662e-04
2.113000e-02	1.727605e-04
2.114000e-02	1.728548e-04
2.115000e-02	1.729491e-04
2.116000e-02	1.730434e-04
2.117000e-02	1.731377e-04
2.118000e-02	1.732320e-04
2.119000e-02	1.733263e-04
2.120000e-02	1.734206e-04
2.121000e-02	1.735149e-04
2.122000e-02	1.736092e-04
2.123000e-02	1.737035e-04
2.124000e-02	1.737978e-04
2.125000e-02	1.738921e-04
2.126000e-02	1.739864e-04
2.127000e-02	1.740807e-04
2.128000e-02	1.741750e-04
2.129000e-02	1.742693e-04
2.130000e-02	1.743636e-04
2.131000e-02	1.744579e-04
2.132000e-02	1.745522e-04
2.133000e-02	1.746465e-04
2.134000e-02	1.747408e-04
2.135000e-02	1.748352e-04
2.136000e-02	1.749295e-04
2.137000e-02	1.750238e-04
2.138000e-02	1.751181e-04
2.139000e-02	1.752124e-04
2.140000e-02	1.753067e-04
2.141000e-02	1.754010e-04
2.142000e-02	1.754953e-04
2.143000e-02	1.755896e-04
2.144000e-02	1.756839e-04
2.145000e-02	1.757782e-04
2.146000e-02	1.758725e-04
2.147000e-02	1.759668e-04
2.148000e-02	1.760611e-04
2.149000e-02	1.761554e-04
2.150000e-02	1.762497e-04
2.151000e-02	1.763440e-04
2.152000e-02	1.764383e-04
2.153000e-02	1.765326e-04
2.154000e-02	1.766269e-04
2.155000e-02	1.767212e-04
2.156000e-02	1.768155e-04
2.157000e-02	1.769098e-04
2.158000e-02	1.770041e-04
2.159000e-02	1.770984e-04
2.160000e-02	1.771927e-04
2.161000e-02	1.772870e-04
2.162000e-02	1.773813e-04
2.163000e-02	1.774757e-04
2.164000e-02	1.775700e-04
2.165000e-02	1.776643e-04
2.166000e-02	1.777586e-04
2.167000e-02	1.778529e-04
2.168000e-02	1.779472e-04
2.169000e-02	1.780415e-04
2.170000e-02	1.781358e-04
2.171000e-02	1.782301e-04
2.172000e-02	1.783244e-04
2.173000e-02	1.784187e-04
2.174000e-02	1.785130e-04
2.175000e-02	1.786073e-04
2.176000e-02	1.787016e-04
2.177000e-02	1.787959e-04
2.178000e-02	1.788902e-04
2.179000e-02	1.789845e-04
2.180000e-02	1.790788e-04
2.181000e-02	1.791731e-04
2.182000e-02	1.792674e-04
2.183000e-02	1.793617e-04
2.184000e-02	1.794560e-04
2.185000e-02	1.795503e-04
2.186000e-02	1.796446e-04
2.187000e-02	1.797389e-04
2.188000e-02	1.798332e-04
2.189000e-02	1.799275e-04
2.190000e-02	1.800219e-04
2.191000e-02	1.801162e-04
2.192000e-02	1.802105e-04
2.193000e-02	1.803048e-04
2.194000e-02	1.803991e-04
2.195000e-02	1.804934e-04
2.196000e-02	1.805877e-04
2.197000e-02	1.806820e-04
2.198000e-02	1.807763e-04
2.199000e-02	1.808706e-04
2.200000e-02	1.809649e-04
2.201000e-02	1.810606e-04
2.202000e-02	1.811564e-04
2.203000e-02	1.812521e-04
2.204000e-02	1.813478e-04
2.205000e-02	1.814436e-04
2.206000e-02	1.815393e-04
2.207000e-02	1.816350e-04
2.208000e-02	1.817308e-04
2.209000e-02	1.818265e-04
2.210000e-02	1.819223e-04
2.211000e-02	1.820180e-04
2.212000e-02	1.821137e-04
2.213000e-02	1.822095e-04
2.214000e-02	1.823052e-04
2.215000e-02	1.824009e-04
2.216000e-02	1.824967e-04
2.217000e-02	1.825924e-04
2.218000e-02	1.826882e-04
2.219000e-02	1.827839e-04
2.220000e-02	1.828796e-04
2.221000e-02	1.829754e-04
2.222000e-02	1.830711e-04
2.223000e-02	1.831668e-04
2.224000e-02	1.832626e-04
2.225000e-02	1.833583e-04
2.226000e-02	1.834541e-04
2.227000e-02	1.835498e-04
2.228000e-02	1.836455e-04
2.229000e-02	1.837413e-04
2.230000e-02	1.838370e-04
2.231000e-02	1.839327e-04
2.232000e-02	1.840285e-04
2.233000e-02	1.841242e-04
2.234000e-02	1.842200e-04
2.235000e-02	1.843157e-04
2.236000e-02	1.844114e-04
2.237000e-02	1.845072e-04
2.238000e-02	1.846029e-04
2.239000e-02	1.846986e-04
2.240000e-02	1.847944e-04
2.241000e-02	1.848901e-04
2.242000e-02	1.849858e-04
2.243000e-02	1.850816e-04
2.244000e-02	1.851773e-04
2.245000e-02	1.852731e-04
2.246000e-02	1.853688e-04
2.247000e-02	1.854645e-04
2.248000e-02	1.855603e-04
2.249000e-02	1.856560e-04
2.250000e-02	1.857517e-04
2.251000e-02	1.858475e-04
2.252000e-02	1.859432e-04
2.253000e-02	1.860390e-04
2.254000e-02	1.861347e-04
2.255000e-02	1.862304e-04
2.256000e-02	1.863262e-04
2.257000e-02	1.864219e-04
2.258000e-02	1.865176e-04
2.259000e-02	1.866134e-04
2.260000e-02	1.867091e-04
2.261000e-02	1.868049e-04
2.262000e-02	1.869006e-04
2.263000e-02	1.869963e-04
2.264000e-02	1.870921e-04
2.265000e-02	1.871878e-04
2.266000e-02	1.872835e-04
2.267000e-02	1.873793e-04
2.268000e-02	1.874750e-04
2.269000e-02	1.875708e-04
2.270000e-02	1.876665e-04
2.271000e-02	1.877622e-04
2.272000e-02	1.878580e-04
2.273000e-02	1.879537e-04
2.274000e-02	1.880494e-04
2.275000e-02	1.881452e-04
2.276000e-02	1.882409e-04
2.277000e-02	1.883366e-04
2.278000e-02	1.884324e-04
2.279000e-02	1.885281e-04
2.280000e-02	1.886239e-04
2.281000e-02	1.887196e-04
2.282000e-02	1.888153e-04
2.283000e-02	1.889111e-04
2.284000e-02	1.890068e-04
2.285000e-02	1.891025e-04
2.286000e-02	1.891983e-04
2.287000e-02	1.892940e-04
2.288000e-02	1.893898e-04
2.289000e-02	1.894855e-04
2.290000e-02	1.895812e-04
2.291000e-02	1.896770e-04
2.292000e-02	1.897727e-04
2.293000e-02	1.898684e-04
2.294000e-02	1.899642e-04
2.295000e-02	1.900599e-04
2.296000e-02	1.901557e-04
2.297000e-02	1.902514e-04
2.298000e-02	1.903471e-04
2.299000e-02	1.904429e-04
2.300000e-02	1.905386e-04
2.301000e-02	1.906356e-04
2.302000e-02	1.907325e-04
2.303000e-02	1.908295e-04
2.304000e-02	1.909265e-04
2.305000e-02	1.910234e-04
2.306000e-02	1.911204e-04
2.307000e-02	1.912174e-04
2.308000e-02	1.913143e-04
2.309000e-02	1.914113e-04
2.310000e-02	1.915083e-04
2.311000e-02	1.916052e-04
2.312000e-02	1.917022e-04
2.313000e-02	1.917991e-04
2.314000e-02	1.918961e-04
2.315000e-02	1.919931e-04
2.316000e-02	1.920900e-04
2.317000e-02	1.921870e-04
2.318000e-02	1.922840e-04
2.319000e-02	1.923809e-04
2.320000e-02	1.924779e-04
2.321000e-02	1.925749e-04
2.322000e-02	1.926718e-04
2.323000e-02	1.927688e-04
2.324000e-02	1.928658e-04
2.325000e-02	1.929627e-04
2.326000e-02	1.930597e-04
2.327000e-02	1.931567e-04
2.328000e-02	1.932536e-04
2.329000e-02	1.933506e-04
2.330000e-02	1.934476e-04
2.331000e-02	1.935445e-04
2.332000e-02	1.936415e-04
2.333000e-02	1.937384e-04
2.334000e-02	1.938354e-04
2.335000e-02	1.939324e-04
2.336000e-02	1.940293e-04
2.337000e-02	1.941263e-04
2.338000e-02	1.942233e-04
2.339000e-02	1.943202e-04
2.340000e-02	1.944172e-04
2.341000e-02	1.945142e-04
2.342000e-02	1.946111e-04
2.343000e-02	1.947081e-04
2.344000e-02	1.948051e-04
2.345000e-02	1.949020e-04
2.346000e-02	1.949990e-04
2.347000e-02	1.950960e-04
2.348000e-02	1.951929e-04
2.349000e-02	1.952899e-04
2.350000e-02	1.953869e-04
2.351000e-02	1.954838e-04
2.352000e-02	1.955808e-04
2.353000e-02	1.956778e-04
2.354000e-02	1.957747e-04
2.355000e-02	1.958717e-04
2.356000e-02	1.959686e-04
2.357000e-02	1.960656e-04
2.358000e-02	1.961626e-04
2.359000e-02	1.962595e-04
2.360000e-02	1.963565e-04
2.361000e-02	1.964535e-04
2.362000e-02	1.965504e-04
2.363000e-02	1.966474e-04
2.364000e-02	1.967444e-04
2.365000e-02	1.968413e-04
2.366000e-02	1.969383e-04
2.367000e-02	1.970353e-04
2.368000e-02	1.971322e-04
2.369000e-02	1.972292e-04
2.370000e-02	1.973262e-04
2.371000e-02	1.974231e-04
2.372000e-02	1.975201e-04
2.373000e-02	1.976171e-04
2.374000e-02	1.977140e-04
2.375000e-02	1.978110e-04
2.376000e-02	1.979079e-04
2.377000e-02	1.980049e-04
2.378000e-02	1.981019e-04
2.379000e-02	1.981988e-04
2.380000e-02	1.982958e-04
2.381000e-02	1.983928e-04
2.382000e-02	1.984897e-04
2.383000e-02	1.985867e-04
2.384000e-02	1.986837e-04
2.385000e-02	1.987806e-04
2.386000e-02	1.988776e-04
2.387000e-02	1.989746e-04
2.388000e-02	1.990715e-04
2.389000e-02	1.991685e-04
2.390000e-02	1.992655e-04
2.391000e-02	1.993624e-04
2.392000e-02	1.994594e-04
2.393000e-02	1.995564e-04
2.394000e-02	1.996533e-04
2.395000e-02	1.997503e-04
2.396000e-02	1.998472e-04
2.397000e-02	1.999442e-04
2.398000e-02	2.000412e-04
2.399000e-02	2.001381e-04
