z1_new_m	d2_new_long_m
-9.000000e-03	2.271188e-04
-8.990000e-03	2.269781e-04
-8.980000e-03	2.268373e-04
-8.970000e-03	2.266965e-04
-8.960000e-03	2.265558e-04
-8.950000e-03	2.264150e-04
-8.940000e-03	2.262743e-04
-8.930000e-03	2.261335e-04
-8.920000e-03	2.259927e-04
-8.910000e-03	2.258520e-04
-8.900000e-03	2.257112e-04
-8.890000e-03	2.255704e-04
-8.880000e-03	2.254297e-04
-8.870000e-03	2.252889e-04
-8.860000e-03	2.251481e-04
-8.850000e-03	2.250074e-04
-8.840000e-03	2.248666e-04
-8.830000e-03	2.247258e-04
-8.820000e-03	2.245851e-04
-8.810000e-03	2.244443e-04
-8.800000e-03	2.243036e-04
-8.790000e-03	2.241628e-04
-8.780000e-03	2.240220e-04
-8.770000e-03	2.238813e-04
-8.760000e-03	2.237405e-04
-8.750000e-03	2.235997e-04
-8.740000e-03	2.234590e-04
-8.730000e-03	2.233182e-04
-8.720000e-03	2.231774e-04
-8.710000e-03	2.230367e-04
-8.700000e-03	2.228959e-04
-8.690000e-03	2.227551e-04
-8.680000e-03	2.226144e-04
-8.670000e-03	2.224736e-04
-8.660000e-03	2.223328e-04
-8.650000e-03	2.221921e-04
-8.640000e-03	2.220513e-04
-8.630000e-03	2.219106e-04
-8.620000e-03	2.217698e-04
-8.610000e-03	2.216290e-04
-8.600000e-03	2.214883e-04
-8.590000e-03	2.213475e-04
-8.580000e-03	2.212067e-04
-8.570000e-03	2.210660e-04
-8.560000e-03	2.209252e-04
-8.550000e-03	2.207844e-04
-8.540000e-03	2.206437e-04
-8.530000e-03	2.205029e-04
-8.520000e-03	2.203621e-04
-8.510000e-03	2.202214e-04
-8.500000e-03	2.200806e-04
-8.490000e-03	2.199399e-04
-8.480000e-03	2.197991e-04
-8.470000e-03	2.196583e-04
-8.460000e-03	2.195176e-04
-8.450000e-03	2.193768e-04
-8.440000e-03	2.192360e-04
-8.430000e-03	2.190953e-04
-8.420000e-03	2.189545e-04
-8.410000e-03	2.188137e-04
-8.400000e-03	2.186730e-04
-8.390000e-03	2.185322e-04
-8.380000e-03	2.183914e-04
-8.370000e-03	2.182507e-04
-8.360000e-03	2.181099e-04
-8.350000e-03	2.179692e-04
-8.340000e-03	2.178284e-04
-8.330000e-03	2.176876e-04
-8.320000e-03	2.175469e-04
-8.310000e-03	2.174061e-04
-8.300000e-03	2.172653e-04
-8.290000e-03	2.171246e-04
-8.280000e-03	2.169838e-04
-8.270000e-03	2.168430e-04
-8.260000e-03	2.167023e-04
-8.250000e-03	2.165615e-04
-8.240000e-03	2.164207e-04
-8.230000e-03	2.162800e-04
-8.220000e-03	2.161392e-04
-8.210000e-03	2.159985e-04
-8.200000e-03	2.158577e-04
-8.190000e-03	2.157169e-04
-8.180000e-03	2.155762e-04
-8.170000e-03	2.154354e-04
-8.160000e-03	2.152946e-04
-8.150000e-03	2.151539e-04
-8.140000e-03	2.150131e-04
-8.130000e-03	2.148723e-04
-8.120000e-03	2.147316e-04
-8.110000e-03	2.145908e-04
-8.100000e-03	2.144500e-04
-8.090000e-03	2.143093e-04
-8.080000e-03	2.141685e-04
-8.070000e-03	2.140278e-04
-8.060000e-03	2.138870e-04
-8.050000e-03	2.137462e-04
-8.040000e-03	2.136055e-04
-8.030000e-03	2.134647e-04
-8.020000e-03	2.133239e-04
-8.010000e-03	2.131832e-04
-8.000000e-03	2.130424e-04
-7.990000e-03	2.129023e-04
-7.980000e-03	2.127623e-04
-7.970000e-03	2.126222e-04
-7.960000e-03	2.124822e-04
-7.950000e-03	2.123421e-04
-7.940000e-03	2.122020e-04
-7.930000e-03	2.120620e-04
-7.920000e-03	2.119219e-04
-7.910000e-03	2.117819e-04
-7.900000e-03	2.116418e-04
-7.890000e-03	2.115018e-04
-7.880000e-03	2.113617e-04
-7.870000e-03	2.112216e-04
-7.860000e-03	2.110816e-04
-7.850000e-03	2.109415e-04
-7.840000e-03	2.108015e-04
-7.830000e-03	2.106614e-04
-7.820000e-03	2.105213e-04
-7.810000e-03	2.103813e-04
-7.800000e-03	2.102412e-04
-7.790000e-03	2.101012e-04
-7.780000e-03	2.099611e-04
-7.770000e-03	2.098210e-04
-7.760000e-03	2.096810e-04
-7.750000e-03	2.095409e-04
-7.740000e-03	2.094009e-04
-7.730000e-03	2.092608e-04
-7.720000e-03	2.091207e-04
-7.710000e-03	2.089807e-04
-7.700000e-03	2.088406e-04
-7.690000e-03	2.087006e-04
-7.680000e-03	2.085605e-04
-7.670000e-03	2.084205e-04
-7.660000e-03	2.082804e-04
-7.650000e-03	2.081403e-04
-7.640000e-03	2.080003e-04
-7.630000e-03	2.078602e-04
-7.620000e-03	2.077202e-04
-7.610000e-03	2.075801e-04
-7.600000e-03	2.074400e-04
-7.590000e-03	2.073000e-04
-7.580000e-03	2.071599e-04
-7.570000e-03	2.070199e-04
-7.560000e-03	2.068798e-04
-7.550000e-03	2.067397e-04
-7.540000e-03	2.065997e-04
-7.530000e-03	2.064596e-04
-7.520000e-03	2.063196e-04
-7.510000e-03	2.061795e-04
-7.500000e-03	2.060394e-04
-7.490000e-03	2.058994e-04
-7.480000e-03	2.057593e-04
-7.470000e-03	2.056193e-04
-7.460000e-03	2.054792e-04
-7.450000e-03	2.053392e-04
-7.440000e-03	2.051991e-04
-7.430000e-03	2.050590e-04
-7.420000e-03	2.049190e-04
-7.410000e-03	2.047789e-04
-7.400000e-03	2.046389e-04
-7.390000e-03	2.044988e-04
-7.380000e-03	2.043587e-04
-7.370000e-03	2.042187e-04
-7.360000e-03	2.040786e-04
-7.350000e-03	2.039386e-04
-7.340000e-03	2.037985e-04
-7.330000e-03	2.036584e-04
-7.320000e-03	2.035184e-04
-7.310000e-03	2.033783e-04
-7.300000e-03	2.032383e-04
-7.290000e-03	2.030982e-04
-7.280000e-03	2.029581e-04
-7.270000e-03	2.028181e-04
-7.260000e-03	2.026780e-04
-7.250000e-03	2.025380e-04
-7.240000e-03	2.023979e-04
-7.230000e-03	2.022579e-04
-7.220000e-03	2.021178e-04
-7.210000e-03	2.019777e-04
-7.200000e-03	2.018377e-04
-7.190000e-03	2.016976e-04
-7.180000e-03	2.015576e-04
-7.170000e-03	2.014175e-04
-7.160000e-03	2.012774e-04
-7.150000e-03	2.011374e-04
-7.140000e-03	2.009973e-04
-7.130000e-03	2.008573e-04
-7.120000e-03	2.007172e-04
-7.110000e-03	2.005771e-04
-7.100000e-03	2.004371e-04
-7.090000e-03	2.002970e-04
-7.080000e-03	2.001570e-04
-7.070000e-03	2.000169e-04
-7.060000e-03	1.998768e-04
-7.050000e-03	1.997368e-04
-7.040000e-03	1.995967e-04
-7.030000e-03	1.994567e-04
-7.020000e-03	1.993166e-04
-7.010000e-03	1.991766e-04
-7.000000e-03	1.990365e-04
-6.990000e-03	1.988973e-04
-6.980000e-03	1.987581e-04
-6.970000e-03	1.986189e-04
-6.960000e-03	1.984797e-04
-6.950000e-03	1.983405e-04
-6.940000e-03	1.982013e-04
-6.930000e-03	1.980621e-04
-6.920000e-03	1.979229e-04
-6.910000e-03	1.977837e-04
-6.900000e-03	1.976446e-04
-6.890000e-03	1.975054e-04
-6.880000e-03	1.973662e-04
-6.870000e-03	1.972270e-04
-6.860000e-03	1.970878e-04
-6.850000e-03	1.969486e-04
-6.840000e-03	1.968094e-04
-6.830000e-03	1.966702e-04
-6.820000e-03	1.965310e-04
-6.810000e-03	1.963918e-04
-6.800000e-03	1.962526e-04
-6.790000e-03	1.961134e-04
-6.780000e-03	1.959742e-04
-6.770000e-03	1.958350e-04
-6.760000e-03	1.956958e-04
-6.750000e-03	1.955566e-04
-6.740000e-03	1.954175e-04
-6.730000e-03	1.952783e-04
-6.720000e-03	1.951391e-04
-6.710000e-03	1.949999e-04
-6.700000e-03	1.948607e-04
-6.690000e-03	1.947215e-04
-6.680000e-03	1.945823e-04
-6.670000e-03	1.944431e-04
-6.660000e-03	1.943039e-04
-6.650000e-03	1.941647e-04
-6.640000e-03	1.940255e-04
-6.630000e-03	1.938863e-04
-6.620000e-03	1.937471e-04
-6.610000e-03	1.936079e-04
-6.600000e-03	1.934687e-04
-6.590000e-03	1.933295e-04
-6.580000e-03	1.931904e-04
-6.570000e-03	1.930512e-04
-6.560000e-03	1.929120e-04
-6.550000e-03	1.927728e-04
-6.540000e-03	1.926336e-04
-6.530000e-03	1.924944e-04
-6.520000e-03	1.923552e-04
-6.510000e-03	1.922160e-04
-6.500000e-03	1.920768e-04
-6.490000e-03	1.919376e-04
-6.480000e-03	1.917984e-04
-6.470000e-03	1.916592e-04
-6.460000e-03	1.915200e-04
-6.450000e-03	1.913808e-04
-6.440000e-03	1.912416e-04
-6.430000e-03	1.911024e-04
-6.420000e-03	1.909633e-04
-6.410000e-03	1.908241e-04
-6.400000e-03	1.906849e-04
-6.390000e-03	1.905457e-04
-6.380000e-03	1.904065e-04
-6.370000e-03	1.902673e-04
-6.360000e-03	1.901281e-04
-6.350000e-03	1.899889e-04
-6.340000e-03	1.898497e-04
-6.330000e-03	1.897105e-04
-6.320000e-03	1.895713e-04
-6.310000e-03	1.894321e-04
-6.300000e-03	1.892929e-04
-6.290000e-03	1.891537e-04
-6.280000e-03	1.890145e-04
-6.270000e-03	1.888753e-04
-6.260000e-03	1.887362e-04
-6.250000e-03	1.885970e-04
-6.240000e-03	1.884578e-04
-6.230000e-03	1.883186e-04
-6.220000e-03	1.881794e-04
-6.210000e-03	1.880402e-04
-6.200000e-03	1.879010e-04
-6.190000e-03	1.877618e-04
-6.180000e-03	1.876226e-04
-6.170000e-03	1.874834e-04
-6.160000e-03	1.873442e-04
-6.150000e-03	1.872050e-04
-6.140000e-03	1.870658e-04
-6.130000e-03	1.869266e-04
-6.120000e-03	1.867874e-04
-6.110000e-03	1.866482e-04
-6.100000e-03	1.865091e-04
-6.090000e-03	1.863699e-04
-6.080000e-03	1.862307e-04
-6.070000e-03	1.860915e-04
-6.060000e-03	1.859523e-04
-6.050000e-03	1.858131e-04
-6.040000e-03	1.856739e-04
-6.030000e-03	1.855347e-04
-6.020000e-03	1.853955e-04
-6.010000e-03	1.852563e-04
-6.000000e-03	1.851171e-04
-5.990000e-03	1.849790e-04
-5.980000e-03	1.848409e-04
-5.970000e-03	1.847028e-04
-5.960000e-03	1.845646e-04
-5.950000e-03	1.844265e-04
-5.940000e-03	1.842884e-04
-5.930000e-03	1.841503e-04
-5.920000e-03	1.840122e-04
-5.910000e-03	1.838741e-04
-5.900000e-03	1.837359e-04
-5.890000e-03	1.835978e-04
-5.880000e-03	1.834597e-04
-5.870000e-03	1.833216e-04
-5.860000e-03	1.831835e-04
-5.850000e-03	1.830454e-04
-5.840000e-03	1.829072e-04
-5.830000e-03	1.827691e-04
-5.820000e-03	1.826310e-04
-5.810000e-03	1.824929e-04
-5.800000e-03	1.823548e-04
-5.790000e-03	1.822166e-04
-5.780000e-03	1.820785e-04
-5.770000e-03	1.819404e-04
-5.760000e-03	1.818023e-04
-5.750000e-03	1.816642e-04
-5.740000e-03	1.815261e-04
-5.730000e-03	1.813879e-04
-5.720000e-03	1.812498e-04
-5.710000e-03	1.811117e-04
-5.700000e-03	1.809736e-04
-5.690000e-03	1.808355e-04
-5.680000e-03	1.806974e-04
-5.670000e-03	1.805592e-04
-5.660000e-03	1.804211e-04
-5.650000e-03	1.802830e-04
-5.640000e-03	1.801449e-04
-5.630000e-03	1.800068e-04
-5.620000e-03	1.798686e-04
-5.610000e-03	1.797305e-04
-5.600000e-03	1.795924e-04
-5.590000e-03	1.794543e-04
-5.580000e-03	1.793162e-04
-5.570000e-03	1.791781e-04
-5.560000e-03	1.790399e-04
-5.550000e-03	1.789018e-04
-5.540000e-03	1.787637e-04
-5.530000e-03	1.786256e-04
-5.520000e-03	1.784875e-04
-5.510000e-03	1.783494e-04
-5.500000e-03	1.782112e-04
-5.490000e-03	1.780731e-04
-5.480000e-03	1.779350e-04
-5.470000e-03	1.777969e-04
-5.460000e-03	1.776588e-04
-5.450000e-03	1.775207e-04
-5.440000e-03	1.773825e-04
-5.430000e-03	1.772444e-04
-5.420000e-03	1.771063e-04
-5.410000e-03	1.769682e-04
-5.400000e-03	1.768301e-04
-5.390000e-03	1.766919e-04
-5.380000e-03	1.765538e-04
-5.370000e-03	1.764157e-04
-5.360000e-03	1.762776e-04
-5.350000e-03	1.761395e-04
-5.340000e-03	1.760014e-04
-5.330000e-03	1.758632e-04
-5.320000e-03	1.757251e-04
-5.310000e-03	1.755870e-04
-5.300000e-03	1.754489e-04
-5.290000e-03	1.753108e-04
-5.280000e-03	1.751727e-04
-5.270000e-03	1.750345e-04
-5.260000e-03	1.748964e-04
-5.250000e-03	1.747583e-04
-5.240000e-03	1.746202e-04
-5.230000e-03	1.744821e-04
-5.220000e-03	1.743439e-04
-5.210000e-03	1.742058e-04
-5.200000e-03	1.740677e-04
-5.190000e-03	1.739296e-04
-5.180000e-03	1.737915e-04
-5.170000e-03	1.736534e-04
-5.160000e-03	1.735152e-04
-5.150000e-03	1.733771e-04
-5.140000e-03	1.732390e-04
-5.130000e-03	1.731009e-04
-5.120000e-03	1.729628e-04
-5.110000e-03	1.728247e-04
-5.100000e-03	1.726865e-04
-5.090000e-03	1.725484e-04
-5.080000e-03	1.724103e-04
-5.070000e-03	1.722722e-04
-5.060000e-03	1.721341e-04
-5.050000e-03	1.719960e-04
-5.040000e-03	1.718578e-04
-5.030000e-03	1.717197e-04
-5.020000e-03	1.715816e-04
-5.010000e-03	1.714435e-04
-5.000000e-03	1.713054e-04
-4.990000e-03	1.711873e-04
-4.980000e-03	1.710692e-04
-4.970000e-03	1.709511e-04
-4.960000e-03	1.708330e-04
-4.950000e-03	1.707149e-04
-4.940000e-03	1.705968e-04
-4.930000e-03	1.704787e-04
-4.920000e-03	1.703606e-04
-4.910000e-03	1.702425e-04
-4.900000e-03	1.701245e-04
-4.890000e-03	1.700064e-04
-4.880000e-03	1.698883e-04
-4.870000e-03	1.697702e-04
-4.860000e-03	1.696521e-04
-4.850000e-03	1.695340e-04
-4.840000e-03	1.694159e-04
-4.830000e-03	1.692978e-04
-4.820000e-03	1.691797e-04
-4.810000e-03	1.690616e-04
-4.800000e-03	1.689435e-04
-4.790000e-03	1.688255e-04
-4.780000e-03	1.687074e-04
-4.770000e-03	1.685893e-04
-4.760000e-03	1.684712e-04
-4.750000e-03	1.683531e-04
-4.740000e-03	1.682350e-04
-4.730000e-03	1.681169e-04
-4.720000e-03	1.679988e-04
-4.710000e-03	1.678807e-04
-4.700000e-03	1.677626e-04
-4.690000e-03	1.676445e-04
-4.680000e-03	1.675265e-04
-4.670000e-03	1.674084e-04
-4.660000e-03	1.672903e-04
-4.650000e-03	1.671722e-04
-4.640000e-03	1.670541e-04
-4.630000e-03	1.669360e-04
-4.620000e-03	1.668179e-04
-4.610000e-03	1.666998e-04
-4.600000e-03	1.665817e-04
-4.590000e-03	1.664636e-04
-4.580000e-03	1.663455e-04
-4.570000e-03	1.662274e-04
-4.560000e-03	1.661094e-04
-4.550000e-03	1.659913e-04
-4.540000e-03	1.658732e-04
-4.530000e-03	1.657551e-04
-4.520000e-03	1.656370e-04
-4.510000e-03	1.655189e-04
-4.500000e-03	1.654008e-04
-4.490000e-03	1.652827e-04
-4.480000e-03	1.651646e-04
-4.470000e-03	1.650465e-04
-4.460000e-03	1.649284e-04
-4.450000e-03	1.648104e-04
-4.440000e-03	1.646923e-04
-4.430000e-03	1.645742e-04
-4.420000e-03	1.644561e-04
-4.410000e-03	1.643380e-04
-4.400000e-03	1.642199e-04
-4.390000e-03	1.641018e-04
-4.380000e-03	1.639837e-04
-4.370000e-03	1.638656e-04
-4.360000e-03	1.637475e-04
-4.350000e-03	1.636294e-04
-4.340000e-03	1.635114e-04
-4.330000e-03	1.633933e-04
-4.320000e-03	1.632752e-04
-4.310000e-03	1.631571e-04
-4.300000e-03	1.630390e-04
-4.290000e-03	1.629209e-04
-4.280000e-03	1.628028e-04
-4.270000e-03	1.626847e-04
-4.260000e-03	1.625666e-04
-4.250000e-03	1.624485e-04
-4.240000e-03	1.623304e-04
-4.230000e-03	1.622124e-04
-4.220000e-03	1.620943e-04
-4.210000e-03	1.619762e-04
-4.200000e-03	1.618581e-04
-4.190000e-03	1.617400e-04
-4.180000e-03	1.616219e-04
-4.170000e-03	1.615038e-04
-4.160000e-03	1.613857e-04
-4.150000e-03	1.612676e-04
-4.140000e-03	1.611495e-04
-4.130000e-03	1.610314e-04
-4.120000e-03	1.609133e-04
-4.110000e-03	1.607953e-04
-4.100000e-03	1.606772e-04
-4.090000e-03	1.605591e-04
-4.080000e-03	1.604410e-04
-4.070000e-03	1.603229e-04
-4.060000e-03	1.602048e-04
-4.050000e-03	1.600867e-04
-4.040000e-03	1.599686e-04
-4.030000e-03	1.598505e-04
-4.020000e-03	1.597324e-04
-4.010000e-03	1.596143e-04
-4.000000e-03	1.594963e-04
-3.990000e-03	1.593782e-04
-3.980000e-03	1.592601e-04
-3.970000e-03	1.591420e-04
-3.960000e-03	1.590239e-04
-3.950000e-03	1.589058e-04
-3.940000e-03	1.587877e-04
-3.930000e-03	1.586696e-04
-3.920000e-03	1.585515e-04
-3.910000e-03	1.584334e-04
-3.900000e-03	1.583153e-04
-3.890000e-03	1.581973e-04
-3.880000e-03	1.580792e-04
-3.870000e-03	1.579611e-04
-3.860000e-03	1.578430e-04
-3.850000e-03	1.577249e-04
-3.840000e-03	1.576068e-04
-3.830000e-03	1.574887e-04
-3.820000e-03	1.573706e-04
-3.810000e-03	1.572525e-04
-3.800000e-03	1.571344e-04
-3.790000e-03	1.570163e-04
-3.780000e-03	1.568983e-04
-3.770000e-03	1.567802e-04
-3.760000e-03	1.566621e-04
-3.750000e-03	1.565440e-04
-3.740000e-03	1.564259e-04
-3.730000e-03	1.563078e-04
-3.720000e-03	1.561897e-04
-3.710000e-03	1.560716e-04
-3.700000e-03	1.559535e-04
-3.690000e-03	1.558354e-04
-3.680000e-03	1.557173e-04
-3.670000e-03	1.555993e-04
-3.660000e-03	1.554812e-04
-3.650000e-03	1.553631e-04
-3.640000e-03	1.552450e-04
-3.630000e-03	1.551269e-04
-3.620000e-03	1.550088e-04
-3.610000e-03	1.548907e-04
-3.600000e-03	1.547726e-04
-3.590000e-03	1.546545e-04
-3.580000e-03	1.545364e-04
-3.570000e-03	1.544183e-04
-3.560000e-03	1.543002e-04
-3.550000e-03	1.541822e-04
-3.540000e-03	1.540641e-04
-3.530000e-03	1.539460e-04
-3.520000e-03	1.538279e-04
-3.510000e-03	1.537098e-04
-3.500000e-03	1.535917e-04
-3.490000e-03	1.534736e-04
-3.480000e-03	1.533555e-04
-3.470000e-03	1.532374e-04
-3.460000e-03	1.531193e-04
-3.450000e-03	1.530012e-04
-3.440000e-03	1.528832e-04
-3.430000e-03	1.527651e-04
-3.420000e-03	1.526470e-04
-3.410000e-03	1.525289e-04
-3.400000e-03	1.524108e-04
-3.390000e-03	1.522927e-04
-3.380000e-03	1.521746e-04
-3.370000e-03	1.520565e-04
-3.360000e-03	1.519384e-04
-3.350000e-03	1.518203e-04
-3.340000e-03	1.517022e-04
-3.330000e-03	1.515842e-04
-3.320000e-03	1.514661e-04
-3.310000e-03	1.513480e-04
-3.300000e-03	1.512299e-04
-3.290000e-03	1.511118e-04
-3.280000e-03	1.509937e-04
-3.270000e-03	1.508756e-04
-3.260000e-03	1.507575e-04
-3.250000e-03	1.506394e-04
-3.240000e-03	1.505213e-04
-3.230000e-03	1.504032e-04
-3.220000e-03	1.502852e-04
-3.210000e-03	1.501671e-04
-3.200000e-03	1.500490e-04
-3.190000e-03	1.499309e-04
-3.180000e-03	1.498128e-04
-3.170000e-03	1.496947e-04
-3.160000e-03	1.495766e-04
-3.150000e-03	1.494585e-04
-3.140000e-03	1.493404e-04
-3.130000e-03	1.492223e-04
-3.120000e-03	1.491042e-04
-3.110000e-03	1.489862e-04
-3.100000e-03	1.488681e-04
-3.090000e-03	1.487500e-04
-3.080000e-03	1.486319e-04
-3.070000e-03	1.485138e-04
-3.060000e-03	1.483957e-04
-3.050000e-03	1.482776e-04
-3.040000e-03	1.481595e-04
-3.030000e-03	1.480414e-04
-3.020000e-03	1.479233e-04
-3.010000e-03	1.478052e-04
-3.000000e-03	1.476871e-04
-2.990000e-03	1.475691e-04
-2.980000e-03	1.474510e-04
-2.970000e-03	1.473329e-04
-2.960000e-03	1.472148e-04
-2.950000e-03	1.470967e-04
-2.940000e-03	1.469786e-04
-2.930000e-03	1.468605e-04
-2.920000e-03	1.467424e-04
-2.910000e-03	1.466243e-04
-2.900000e-03	1.465062e-04
-2.890000e-03	1.463881e-04
-2.880000e-03	1.462701e-04
-2.870000e-03	1.461520e-04
-2.860000e-03	1.460339e-04
-2.850000e-03	1.459158e-04
-2.840000e-03	1.457977e-04
-2.830000e-03	1.456796e-04
-2.820000e-03	1.455615e-04
-2.810000e-03	1.454434e-04
-2.800000e-03	1.453253e-04
-2.790000e-03	1.452072e-04
-2.780000e-03	1.450891e-04
-2.770000e-03	1.449711e-04
-2.760000e-03	1.448530e-04
-2.750000e-03	1.447349e-04
-2.740000e-03	1.446168e-04
-2.730000e-03	1.444987e-04
-2.720000e-03	1.443806e-04
-2.710000e-03	1.442625e-04
-2.700000e-03	1.441444e-04
-2.690000e-03	1.440263e-04
-2.680000e-03	1.439082e-04
-2.670000e-03	1.437901e-04
-2.660000e-03	1.436721e-04
-2.650000e-03	1.435540e-04
-2.640000e-03	1.434359e-04
-2.630000e-03	1.433178e-04
-2.620000e-03	1.431997e-04
-2.610000e-03	1.430816e-04
-2.600000e-03	1.429635e-04
-2.590000e-03	1.428454e-04
-2.580000e-03	1.427273e-04
-2.570000e-03	1.426092e-04
-2.560000e-03	1.424911e-04
-2.550000e-03	1.423731e-04
-2.540000e-03	1.422550e-04
-2.530000e-03	1.421369e-04
-2.520000e-03	1.420188e-04
-2.510000e-03	1.419007e-04
-2.500000e-03	1.417826e-04
-2.490000e-03	1.416645e-04
-2.480000e-03	1.415464e-04
-2.470000e-03	1.414283e-04
-2.460000e-03	1.413102e-04
-2.450000e-03	1.411921e-04
-2.440000e-03	1.410740e-04
-2.430000e-03	1.409560e-04
-2.420000e-03	1.408379e-04
-2.410000e-03	1.407198e-04
-2.400000e-03	1.406017e-04
-2.390000e-03	1.404836e-04
-2.380000e-03	1.403655e-04
-2.370000e-03	1.402474e-04
-2.360000e-03	1.401293e-04
-2.350000e-03	1.400112e-04
-2.340000e-03	1.398931e-04
-2.330000e-03	1.397750e-04
-2.320000e-03	1.396570e-04
-2.310000e-03	1.395389e-04
-2.300000e-03	1.394208e-04
-2.290000e-03	1.393027e-04
-2.280000e-03	1.391846e-04
-2.270000e-03	1.390665e-04
-2.260000e-03	1.389484e-04
-2.250000e-03	1.388303e-04
-2.240000e-03	1.387122e-04
-2.230000e-03	1.385941e-04
-2.220000e-03	1.384760e-04
-2.210000e-03	1.383580e-04
-2.200000e-03	1.382399e-04
-2.190000e-03	1.381218e-04
-2.180000e-03	1.380037e-04
-2.170000e-03	1.378856e-04
-2.160000e-03	1.377675e-04
-2.150000e-03	1.376494e-04
-2.140000e-03	1.375313e-04
-2.130000e-03	1.374132e-04
-2.120000e-03	1.372951e-04
-2.110000e-03	1.371770e-04
-2.100000e-03	1.370590e-04
-2.090000e-03	1.369409e-04
-2.080000e-03	1.368228e-04
-2.070000e-03	1.367047e-04
-2.060000e-03	1.365866e-04
-2.050000e-03	1.364685e-04
-2.040000e-03	1.363504e-04
-2.030000e-03	1.362323e-04
-2.020000e-03	1.361142e-04
-2.010000e-03	1.359961e-04
-2.000000e-03	1.358780e-04
-1.990000e-03	1.357600e-04
-1.980000e-03	1.356419e-04
-1.970000e-03	1.355238e-04
-1.960000e-03	1.354057e-04
-1.950000e-03	1.352876e-04
-1.940000e-03	1.351695e-04
-1.930000e-03	1.350514e-04
-1.920000e-03	1.349333e-04
-1.910000e-03	1.348152e-04
-1.900000e-03	1.346971e-04
-1.890000e-03	1.345790e-04
-1.880000e-03	1.344609e-04
-1.870000e-03	1.343429e-04
-1.860000e-03	1.342248e-04
-1.850000e-03	1.341067e-04
-1.840000e-03	1.339886e-04
-1.830000e-03	1.338705e-04
-1.820000e-03	1.337524e-04
-1.810000e-03	1.336343e-04
-1.800000e-03	1.335162e-04
-1.790000e-03	1.333981e-04
-1.780000e-03	1.332800e-04
-1.770000e-03	1.331619e-04
-1.760000e-03	1.330439e-04
-1.750000e-03	1.329258e-04
-1.740000e-03	1.328077e-04
-1.730000e-03	1.326896e-04
-1.720000e-03	1.325715e-04
-1.710000e-03	1.324534e-04
-1.700000e-03	1.323353e-04
-1.690000e-03	1.322172e-04
-1.680000e-03	1.320991e-04
-1.670000e-03	1.319810e-04
-1.660000e-03	1.318629e-04
-1.650000e-03	1.317449e-04
-1.640000e-03	1.316268e-04
-1.630000e-03	1.315087e-04
-1.620000e-03	1.313906e-04
-1.610000e-03	1.312725e-04
-1.600000e-03	1.311544e-04
-1.590000e-03	1.310363e-04
-1.580000e-03	1.309182e-04
-1.570000e-03	1.308001e-04
-1.560000e-03	1.306820e-04
-1.550000e-03	1.305639e-04
-1.540000e-03	1.304459e-04
-1.530000e-03	1.303278e-04
-1.520000e-03	1.302097e-04
-1.510000e-03	1.300916e-04
-1.500000e-03	1.299735e-04
-1.490000e-03	1.298554e-04
-1.480000e-03	1.297373e-04
-1.470000e-03	1.296192e-04
-1.460000e-03	1.295011e-04
-1.450000e-03	1.293830e-04
-1.440000e-03	1.292649e-04
-1.430000e-03	1.291469e-04
-1.420000e-03	1.290288e-04
-1.410000e-03	1.289107e-04
-1.400000e-03	1.287926e-04
-1.390000e-03	1.286745e-04
-1.380000e-03	1.285564e-04
-1.370000e-03	1.284383e-04
-1.360000e-03	1.283202e-04
-1.350000e-03	1.282021e-04
-1.340000e-03	1.280840e-04
-1.330000e-03	1.279659e-04
-1.320000e-03	1.278478e-04
-1.310000e-03	1.277298e-04
-1.300000e-03	1.276117e-04
-1.290000e-03	1.274936e-04
-1.280000e-03	1.273755e-04
-1.270000e-03	1.272574e-04
-1.260000e-03	1.271393e-04
-1.250000e-03	1.270212e-04
-1.240000e-03	1.269031e-04
-1.230000e-03	1.267850e-04
-1.220000e-03	1.266669e-04
-1.210000e-03	1.265488e-04
-1.200000e-03	1.264308e-04
-1.190000e-03	1.263127e-04
-1.180000e-03	1.261946e-04
-1.170000e-03	1.260765e-04
-1.160000e-03	1.259584e-04
-1.150000e-03	1.258403e-04
-1.140000e-03	1.257222e-04
-1.130000e-03	1.256041e-04
-1.120000e-03	1.254860e-04
-1.110000e-03	1.253679e-04
-1.100000e-03	1.252498e-04
-1.090000e-03	1.251318e-04
-1.080000e-03	1.250137e-04
-1.070000e-03	1.248956e-04
-1.060000e-03	1.247775e-04
-1.050000e-03	1.246594e-04
-1.040000e-03	1.245413e-04
-1.030000e-03	1.244232e-04
-1.020000e-03	1.243051e-04
-1.010000e-03	1.241870e-04
-1.000000e-03	1.240689e-04
-9.900000e-04	1.239508e-04
-9.800000e-04	1.238328e-04
-9.700000e-04	1.237147e-04
-9.600000e-04	1.235966e-04
-9.500000e-04	1.234785e-04
-9.400000e-04	1.233604e-04
-9.300000e-04	1.232423e-04
-9.200000e-04	1.231242e-04
-9.100000e-04	1.230061e-04
-9.000000e-04	1.228880e-04
-8.900000e-04	1.227699e-04
-8.800000e-04	1.226518e-04
-8.700000e-04	1.225337e-04
-8.600000e-04	1.224157e-04
-8.500000e-04	1.222976e-04
-8.400000e-04	1.221795e-04
-8.300000e-04	1.220614e-04
-8.200000e-04	1.219433e-04
-8.100000e-04	1.218252e-04
-8.000000e-04	1.217071e-04
-7.900000e-04	1.215890e-04
-7.800000e-04	1.214709e-04
-7.700000e-04	1.213528e-04
-7.600000e-04	1.212347e-04
-7.500000e-04	1.211167e-04
-7.400000e-04	1.209986e-04
-7.300000e-04	1.208805e-04
-7.200000e-04	1.207624e-04
-7.100000e-04	1.206443e-04
-7.000000e-04	1.205262e-04
-6.900000e-04	1.204081e-04
-6.800000e-04	1.202900e-04
-6.700000e-04	1.201719e-04
-6.600000e-04	1.200538e-04
-6.500000e-04	1.199357e-04
-6.400000e-04	1.198177e-04
-6.300000e-04	1.196996e-04
-6.200000e-04	1.195815e-04
-6.100000e-04	1.194634e-04
-6.000000e-04	1.193453e-04
-5.900000e-04	1.192272e-04
-5.800000e-04	1.191091e-04
-5.700000e-04	1.189910e-04
-5.600000e-04	1.188729e-04
-5.500000e-04	1.187548e-04
-5.400000e-04	1.186367e-04
-5.300000e-04	1.185187e-04
-5.200000e-04	1.184006e-04
-5.100000e-04	1.182825e-04
-5.000000e-04	1.181644e-04
-4.900000e-04	1.180463e-04
-4.800000e-04	1.179282e-04
-4.700000e-04	1.178101e-04
-4.600000e-04	1.176920e-04
-4.500000e-04	1.175739e-04
-4.400000e-04	1.174558e-04
-4.300000e-04	1.173377e-04
-4.200000e-04	1.172197e-04
-4.100000e-04	1.171016e-04
-4.000000e-04	1.169835e-04
-3.900000e-04	1.168654e-04
-3.800000e-04	1.167473e-04
-3.700000e-04	1.166292e-04
-3.600000e-04	1.165111e-04
-3.500000e-04	1.163930e-04
-3.400000e-04	1.162749e-04
-3.300000e-04	1.161568e-04
-3.200000e-04	1.160387e-04
-3.100000e-04	1.159206e-04
-3.000000e-04	1.158026e-04
-2.900000e-04	1.156845e-04
-2.800000e-04	1.155664e-04
-2.700000e-04	1.154483e-04
-2.600000e-04	1.153302e-04
-2.500000e-04	1.152121e-04
-2.400000e-04	1.150940e-04
-2.300000e-04	1.149759e-04
-2.200000e-04	1.148578e-04
-2.100000e-04	1.147397e-04
-2.000000e-04	1.146216e-04
-1.900000e-04	1.145036e-04
-1.800000e-04	1.143855e-04
-1.700000e-04	1.142674e-04
-1.600000e-04	1.141493e-04
-1.500000e-04	1.140312e-04
-1.400000e-04	1.139131e-04
-1.300000e-04	1.137950e-04
-1.200000e-04	1.136769e-04
-1.100000e-04	1.135588e-04
-1.000000e-04	1.134407e-04
-9.000000e-05	1.133226e-04
-8.000000e-05	1.132046e-04
-7.000000e-05	1.130865e-04
-6.000000e-05	1.129684e-04
-5.000000e-05	1.128503e-04
-4.000000e-05	1.127322e-04
-3.000000e-05	1.126141e-04
-2.000000e-05	1.124960e-04
-1.000000e-05	1.123779e-04
-3.677614e-16	1.122598e-04
1.000000e-05	1.121417e-04
2.000000e-05	1.120236e-04
3.000000e-05	1.119056e-04
4.000000e-05	1.117875e-04
5.000000e-05	1.116694e-04
6.000000e-05	1.115513e-04
7.000000e-05	1.114332e-04
8.000000e-05	1.113151e-04
9.000000e-05	1.111970e-04
1.000000e-04	1.110789e-04
1.100000e-04	1.109608e-04
1.200000e-04	1.108427e-04
1.300000e-04	1.107246e-04
1.400000e-04	1.106066e-04
1.500000e-04	1.104885e-04
1.600000e-04	1.103704e-04
1.700000e-04	1.102523e-04
1.800000e-04	1.101342e-04
1.900000e-04	1.100161e-04
2.000000e-04	1.098980e-04
2.100000e-04	1.097799e-04
2.200000e-04	1.096618e-04
2.300000e-04	1.095437e-04
2.400000e-04	1.094256e-04
2.500000e-04	1.093075e-04
2.600000e-04	1.091895e-04
2.700000e-04	1.090714e-04
2.800000e-04	1.089533e-04
2.900000e-04	1.088352e-04
3.000000e-04	1.087171e-04
3.100000e-04	1.085990e-04
3.200000e-04	1.084809e-04
3.300000e-04	1.083628e-04
3.400000e-04	1.082447e-04
3.500000e-04	1.081266e-04
3.600000e-04	1.080085e-04
3.700000e-04	1.078905e-04
3.800000e-04	1.077724e-04
3.900000e-04	1.076543e-04
4.000000e-04	1.075362e-04
4.100000e-04	1.074181e-04
4.200000e-04	1.073000e-04
4.300000e-04	1.071819e-04
4.400000e-04	1.070638e-04
4.500000e-04	1.069457e-04
4.600000e-04	1.068276e-04
4.700000e-04	1.067095e-04
4.800000e-04	1.065915e-04
4.900000e-04	1.064734e-04
5.000000e-04	1.063553e-04
5.100000e-04	1.062372e-04
5.200000e-04	1.061191e-04
5.300000e-04	1.060010e-04
5.400000e-04	1.058829e-04
5.500000e-04	1.057648e-04
5.600000e-04	1.056467e-04
5.700000e-04	1.055286e-04
5.800000e-04	1.054105e-04
5.900000e-04	1.052925e-04
6.000000e-04	1.051744e-04
6.100000e-04	1.050563e-04
6.200000e-04	1.049382e-04
6.300000e-04	1.048201e-04
6.400000e-04	1.047020e-04
6.500000e-04	1.045839e-04
6.600000e-04	1.044658e-04
6.700000e-04	1.043477e-04
6.800000e-04	1.042296e-04
6.900000e-04	1.041115e-04
7.000000e-04	1.039935e-04
7.100000e-04	1.038754e-04
7.200000e-04	1.037573e-04
7.300000e-04	1.036392e-04
7.400000e-04	1.035211e-04
7.500000e-04	1.034030e-04
7.600000e-04	1.032849e-04
7.700000e-04	1.031668e-04
7.800000e-04	1.030487e-04
7.900000e-04	1.029306e-04
8.000000e-04	1.028125e-04
8.100000e-04	1.026944e-04
8.200000e-04	1.025764e-04
8.300000e-04	1.024583e-04
8.400000e-04	1.023402e-04
8.500000e-04	1.022221e-04
8.600000e-04	1.021040e-04
8.700000e-04	1.019859e-04
8.800000e-04	1.018678e-04
8.900000e-04	1.017497e-04
9.000000e-04	1.016316e-04
9.100000e-04	1.015135e-04
9.200000e-04	1.013954e-04
9.300000e-04	1.012774e-04
9.400000e-04	1.011593e-04
9.500000e-04	1.010412e-04
9.600000e-04	1.009231e-04
9.700000e-04	1.008050e-04
9.800000e-04	1.006869e-04
9.900000e-04	1.005688e-04
1.000000e-03	1.004507e-04
1.010000e-03	1.003326e-04
1.020000e-03	1.002145e-04
1.030000e-03	1.000964e-04
1.040000e-03	9.997835e-05
1.050000e-03	9.986026e-05
1.060000e-03	9.974217e-05
1.070000e-03	9.962408e-05
1.080000e-03	9.950599e-05
1.090000e-03	9.938790e-05
1.100000e-03	9.926981e-05
1.110000e-03	9.915172e-05
1.120000e-03	9.903363e-05
1.130000e-03	9.891553e-05
1.140000e-03	9.879744e-05
1.150000e-03	9.867935e-05
1.160000e-03	9.856126e-05
1.170000e-03	9.844317e-05
1.180000e-03	9.832508e-05
1.190000e-03	9.820699e-05
1.200000e-03	9.808890e-05
1.210000e-03	9.797081e-05
1.220000e-03	9.785271e-05
1.230000e-03	9.773462e-05
1.240000e-03	9.761653e-05
1.250000e-03	9.749844e-05
1.260000e-03	9.738035e-05
1.270000e-03	9.726226e-05
1.280000e-03	9.714417e-05
1.290000e-03	9.702608e-05
1.300000e-03	9.690799e-05
1.310000e-03	9.678990e-05
1.320000e-03	9.667180e-05
1.330000e-03	9.655371e-05
1.340000e-03	9.643562e-05
1.350000e-03	9.631753e-05
1.360000e-03	9.619944e-05
1.370000e-03	9.608135e-05
1.380000e-03	9.596326e-05
1.390000e-03	9.584517e-05
1.400000e-03	9.572708e-05
1.410000e-03	9.560898e-05
1.420000e-03	9.549089e-05
1.430000e-03	9.537280e-05
1.440000e-03	9.525471e-05
1.450000e-03	9.513662e-05
1.460000e-03	9.501853e-05
1.470000e-03	9.490044e-05
1.480000e-03	9.478235e-05
1.490000e-03	9.466426e-05
1.500000e-03	9.454616e-05
1.510000e-03	9.442807e-05
1.520000e-03	9.430998e-05
1.530000e-03	9.419189e-05
1.540000e-03	9.407380e-05
1.550000e-03	9.395571e-05
1.560000e-03	9.383762e-05
1.570000e-03	9.371953e-05
1.580000e-03	9.360144e-05
1.590000e-03	9.348334e-05
1.600000e-03	9.336525e-05
1.610000e-03	9.324716e-05
1.620000e-03	9.312907e-05
1.630000e-03	9.301098e-05
1.640000e-03	9.289289e-05
1.650000e-03	9.277480e-05
1.660000e-03	9.265671e-05
1.670000e-03	9.253862e-05
1.680000e-03	9.242053e-05
1.690000e-03	9.230243e-05
1.700000e-03	9.218434e-05
1.710000e-03	9.206625e-05
1.720000e-03	9.194816e-05
1.730000e-03	9.183007e-05
1.740000e-03	9.171198e-05
1.750000e-03	9.159389e-05
1.760000e-03	9.147580e-05
1.770000e-03	9.135771e-05
1.780000e-03	9.123961e-05
1.790000e-03	9.112152e-05
1.800000e-03	9.100343e-05
1.810000e-03	9.088534e-05
1.820000e-03	9.076725e-05
1.830000e-03	9.064916e-05
1.840000e-03	9.053107e-05
1.850000e-03	9.041298e-05
1.860000e-03	9.029489e-05
1.870000e-03	9.017679e-05
1.880000e-03	9.005870e-05
1.890000e-03	8.994061e-05
1.900000e-03	8.982252e-05
1.910000e-03	8.970443e-05
1.920000e-03	8.958634e-05
1.930000e-03	8.946825e-05
1.940000e-03	8.935016e-05
1.950000e-03	8.923207e-05
1.960000e-03	8.911397e-05
1.970000e-03	8.899588e-05
1.980000e-03	8.887779e-05
1.990000e-03	8.875970e-05
2.000000e-03	8.864161e-05
2.010000e-03	8.852352e-05
2.020000e-03	8.840543e-05
2.030000e-03	8.828734e-05
2.040000e-03	8.816925e-05
2.050000e-03	8.805116e-05
2.060000e-03	8.793306e-05
2.070000e-03	8.781497e-05
2.080000e-03	8.769688e-05
2.090000e-03	8.757879e-05
2.100000e-03	8.746070e-05
2.110000e-03	8.734261e-05
2.120000e-03	8.722452e-05
2.130000e-03	8.710643e-05
2.140000e-03	8.698834e-05
2.150000e-03	8.687024e-05
2.160000e-03	8.675215e-05
2.170000e-03	8.663406e-05
2.180000e-03	8.651597e-05
2.190000e-03	8.639788e-05
2.200000e-03	8.627979e-05
2.210000e-03	8.616170e-05
2.220000e-03	8.604361e-05
2.230000e-03	8.592552e-05
2.240000e-03	8.580742e-05
2.250000e-03	8.568933e-05
2.260000e-03	8.557124e-05
2.270000e-03	8.545315e-05
2.280000e-03	8.533506e-05
2.290000e-03	8.521697e-05
2.300000e-03	8.509888e-05
2.310000e-03	8.498079e-05
2.320000e-03	8.486270e-05
2.330000e-03	8.474461e-05
2.340000e-03	8.462651e-05
2.350000e-03	8.450842e-05
2.360000e-03	8.439033e-05
2.370000e-03	8.427224e-05
2.380000e-03	8.415415e-05
2.390000e-03	8.403606e-05
2.400000e-03	8.391797e-05
2.410000e-03	8.379988e-05
2.420000e-03	8.368179e-05
2.430000e-03	8.356369e-05
2.440000e-03	8.344560e-05
2.450000e-03	8.332751e-05
2.460000e-03	8.320942e-05
2.470000e-03	8.309133e-05
2.480000e-03	8.297324e-05
2.490000e-03	8.285515e-05
2.500000e-03	8.273706e-05
2.510000e-03	8.261897e-05
2.520000e-03	8.250087e-05
2.530000e-03	8.238278e-05
2.540000e-03	8.226469e-05
2.550000e-03	8.214660e-05
2.560000e-03	8.202851e-05
2.570000e-03	8.191042e-05
2.580000e-03	8.179233e-05
2.590000e-03	8.167424e-05
2.600000e-03	8.155615e-05
2.610000e-03	8.143805e-05
2.620000e-03	8.131996e-05
2.630000e-03	8.120187e-05
2.640000e-03	8.108378e-05
2.650000e-03	8.096569e-05
2.660000e-03	8.084760e-05
2.670000e-03	8.072951e-05
2.680000e-03	8.061142e-05
2.690000e-03	8.049333e-05
2.700000e-03	8.037524e-05
2.710000e-03	8.025714e-05
2.720000e-03	8.013905e-05
2.730000e-03	8.002096e-05
2.740000e-03	7.990287e-05
2.750000e-03	7.978478e-05
2.760000e-03	7.966669e-05
2.770000e-03	7.954860e-05
2.780000e-03	7.943051e-05
2.790000e-03	7.931242e-05
2.800000e-03	7.919432e-05
2.810000e-03	7.907623e-05
2.820000e-03	7.895814e-05
2.830000e-03	7.884005e-05
2.840000e-03	7.872196e-05
2.850000e-03	7.860387e-05
2.860000e-03	7.848578e-05
2.870000e-03	7.836769e-05
2.880000e-03	7.824960e-05
2.890000e-03	7.813150e-05
2.900000e-03	7.801341e-05
2.910000e-03	7.789532e-05
2.920000e-03	7.777723e-05
2.930000e-03	7.765914e-05
2.940000e-03	7.754105e-05
2.950000e-03	7.742296e-05
2.960000e-03	7.730487e-05
2.970000e-03	7.718678e-05
2.980000e-03	7.706869e-05
2.990000e-03	7.695059e-05
3.000000e-03	7.683250e-05
3.010000e-03	7.671441e-05
3.020000e-03	7.659632e-05
3.030000e-03	7.647823e-05
3.040000e-03	7.636014e-05
3.050000e-03	7.624205e-05
3.060000e-03	7.612396e-05
3.070000e-03	7.600587e-05
3.080000e-03	7.588777e-05
3.090000e-03	7.576968e-05
3.100000e-03	7.565159e-05
3.110000e-03	7.553350e-05
3.120000e-03	7.541541e-05
3.130000e-03	7.529732e-05
3.140000e-03	7.517923e-05
3.150000e-03	7.506114e-05
3.160000e-03	7.494305e-05
3.170000e-03	7.482495e-05
3.180000e-03	7.470686e-05
3.190000e-03	7.458877e-05
3.200000e-03	7.447068e-05
3.210000e-03	7.435259e-05
3.220000e-03	7.423450e-05
3.230000e-03	7.411641e-05
3.240000e-03	7.399832e-05
3.250000e-03	7.388023e-05
3.260000e-03	7.376213e-05
3.270000e-03	7.364404e-05
3.280000e-03	7.352595e-05
3.290000e-03	7.340786e-05
3.300000e-03	7.328977e-05
3.310000e-03	7.317168e-05
3.320000e-03	7.305359e-05
3.330000e-03	7.293550e-05
3.340000e-03	7.281741e-05
3.350000e-03	7.269932e-05
3.360000e-03	7.258122e-05
3.370000e-03	7.246313e-05
3.380000e-03	7.234504e-05
3.390000e-03	7.222695e-05
3.400000e-03	7.210886e-05
3.410000e-03	7.199077e-05
3.420000e-03	7.187268e-05
3.430000e-03	7.175459e-05
3.440000e-03	7.163650e-05
3.450000e-03	7.151840e-05
3.460000e-03	7.140031e-05
3.470000e-03	7.128222e-05
3.480000e-03	7.116413e-05
3.490000e-03	7.104604e-05
3.500000e-03	7.092795e-05
3.510000e-03	7.080986e-05
3.520000e-03	7.069177e-05
3.530000e-03	7.057368e-05
3.540000e-03	7.045558e-05
3.550000e-03	7.033749e-05
3.560000e-03	7.021940e-05
3.570000e-03	7.010131e-05
3.580000e-03	6.998322e-05
3.590000e-03	6.986513e-05
3.600000e-03	6.974704e-05
3.610000e-03	6.962895e-05
3.620000e-03	6.951086e-05
3.630000e-03	6.939277e-05
3.640000e-03	6.927467e-05
3.650000e-03	6.915658e-05
3.660000e-03	6.903849e-05
3.670000e-03	6.892040e-05
3.680000e-03	6.880231e-05
3.690000e-03	6.868422e-05
3.700000e-03	6.856613e-05
3.710000e-03	6.844804e-05
3.720000e-03	6.832995e-05
3.730000e-03	6.821185e-05
3.740000e-03	6.809376e-05
3.750000e-03	6.797567e-05
3.760000e-03	6.785758e-05
3.770000e-03	6.773949e-05
3.780000e-03	6.762140e-05
3.790000e-03	6.750331e-05
3.800000e-03	6.738522e-05
3.810000e-03	6.726713e-05
3.820000e-03	6.714903e-05
3.830000e-03	6.703094e-05
3.840000e-03	6.691285e-05
3.850000e-03	6.679476e-05
3.860000e-03	6.667667e-05
3.870000e-03	6.655858e-05
3.880000e-03	6.644049e-05
3.890000e-03	6.632240e-05
3.900000e-03	6.620431e-05
3.910000e-03	6.608621e-05
3.920000e-03	6.596812e-05
3.930000e-03	6.585003e-05
3.940000e-03	6.573194e-05
3.950000e-03	6.561385e-05
3.960000e-03	6.549576e-05
3.970000e-03	6.537767e-05
3.980000e-03	6.525958e-05
3.990000e-03	6.514149e-05
4.000000e-03	6.502340e-05
4.010000e-03	6.490530e-05
4.020000e-03	6.478721e-05
4.030000e-03	6.466912e-05
4.040000e-03	6.455103e-05
4.050000e-03	6.443294e-05
4.060000e-03	6.431485e-05
4.070000e-03	6.419676e-05
4.080000e-03	6.407867e-05
4.090000e-03	6.396058e-05
4.100000e-03	6.384248e-05
4.110000e-03	6.372439e-05
4.120000e-03	6.360630e-05
4.130000e-03	6.348821e-05
4.140000e-03	6.337012e-05
4.150000e-03	6.331917e-05
4.160000e-03	6.326822e-05
4.170000e-03	6.321727e-05
4.180000e-03	6.316631e-05
4.190000e-03	6.311536e-05
4.200000e-03	6.306441e-05
4.210000e-03	6.301346e-05
4.220000e-03	6.296251e-05
4.230000e-03	6.291156e-05
4.240000e-03	6.286061e-05
4.250000e-03	6.280966e-05
4.260000e-03	6.275870e-05
4.270000e-03	6.270775e-05
4.280000e-03	6.265680e-05
4.290000e-03	6.260585e-05
4.300000e-03	6.255490e-05
4.310000e-03	6.250395e-05
4.320000e-03	6.245300e-05
4.330000e-03	6.240204e-05
4.340000e-03	6.235109e-05
4.350000e-03	6.230014e-05
4.360000e-03	6.224919e-05
4.370000e-03	6.219824e-05
4.380000e-03	6.214729e-05
4.390000e-03	6.209634e-05
4.400000e-03	6.204539e-05
4.410000e-03	6.199443e-05
4.420000e-03	6.194348e-05
4.430000e-03	6.189253e-05
4.440000e-03	6.184158e-05
4.450000e-03	6.179063e-05
4.460000e-03	6.173968e-05
4.470000e-03	6.168873e-05
4.480000e-03	6.163777e-05
4.490000e-03	6.158682e-05
4.500000e-03	6.153587e-05
4.510000e-03	6.148492e-05
4.520000e-03	6.143397e-05
4.530000e-03	6.138302e-05
4.540000e-03	6.133207e-05
4.550000e-03	6.128112e-05
4.560000e-03	6.123016e-05
4.570000e-03	6.117921e-05
4.580000e-03	6.112826e-05
4.590000e-03	6.107731e-05
4.600000e-03	6.102636e-05
4.610000e-03	6.097541e-05
4.620000e-03	6.092446e-05
4.630000e-03	6.087350e-05
4.640000e-03	6.082255e-05
4.650000e-03	6.077160e-05
4.660000e-03	6.072065e-05
4.670000e-03	6.066970e-05
4.680000e-03	6.061875e-05
4.690000e-03	6.056780e-05
4.700000e-03	6.051685e-05
4.710000e-03	6.046589e-05
4.720000e-03	6.041494e-05
4.730000e-03	6.036399e-05
4.740000e-03	6.031304e-05
4.750000e-03	6.026209e-05
4.760000e-03	6.021114e-05
4.770000e-03	6.016019e-05
4.780000e-03	6.010923e-05
4.790000e-03	6.005828e-05
4.800000e-03	6.000733e-05
4.810000e-03	5.995638e-05
4.820000e-03	5.990543e-05
4.830000e-03	5.985448e-05
4.840000e-03	5.980353e-05
4.850000e-03	5.975258e-05
4.860000e-03	5.970162e-05
4.870000e-03	5.965067e-05
4.880000e-03	5.959972e-05
4.890000e-03	5.954877e-05
4.900000e-03	5.949782e-05
4.910000e-03	5.944687e-05
4.920000e-03	5.939592e-05
4.930000e-03	5.934496e-05
4.940000e-03	5.929401e-05
4.950000e-03	5.924306e-05
4.960000e-03	5.919211e-05
4.970000e-03	5.914116e-05
4.980000e-03	5.909021e-05
4.990000e-03	5.903926e-05
5.000000e-03	5.898831e-05
5.010000e-03	5.893735e-05
5.020000e-03	5.888640e-05
5.030000e-03	5.883545e-05
5.040000e-03	5.878450e-05
5.050000e-03	5.873355e-05
5.060000e-03	5.868260e-05
5.070000e-03	5.863165e-05
5.080000e-03	5.858069e-05
5.090000e-03	5.852974e-05
5.100000e-03	5.847879e-05
5.110000e-03	5.842784e-05
5.120000e-03	5.837689e-05
5.130000e-03	5.832594e-05
5.140000e-03	5.827499e-05
5.150000e-03	5.825797e-05
5.160000e-03	5.824095e-05
5.170000e-03	5.822394e-05
5.180000e-03	5.820692e-05
5.190000e-03	5.818990e-05
5.200000e-03	5.817288e-05
5.210000e-03	5.815587e-05
5.220000e-03	5.813885e-05
5.230000e-03	5.812183e-05
5.240000e-03	5.810482e-05
5.250000e-03	5.808780e-05
5.260000e-03	5.807078e-05
5.270000e-03	5.805377e-05
5.280000e-03	5.803675e-05
5.290000e-03	5.801973e-05
5.300000e-03	5.800272e-05
5.310000e-03	5.798570e-05
5.320000e-03	5.796868e-05
5.330000e-03	5.795166e-05
5.340000e-03	5.793465e-05
5.350000e-03	5.791763e-05
5.360000e-03	5.790061e-05
5.370000e-03	5.788360e-05
5.380000e-03	5.786658e-05
5.390000e-03	5.784956e-05
5.400000e-03	5.783255e-05
5.410000e-03	5.781553e-05
5.420000e-03	5.779851e-05
5.430000e-03	5.778149e-05
5.440000e-03	5.776448e-05
5.450000e-03	5.774746e-05
5.460000e-03	5.773044e-05
5.470000e-03	5.771343e-05
5.480000e-03	5.769641e-05
5.490000e-03	5.767939e-05
5.500000e-03	5.766238e-05
5.510000e-03	5.764536e-05
5.520000e-03	5.762834e-05
5.530000e-03	5.761132e-05
5.540000e-03	5.759431e-05
5.550000e-03	5.757729e-05
5.560000e-03	5.756027e-05
5.570000e-03	5.754326e-05
5.580000e-03	5.752624e-05
5.590000e-03	5.750922e-05
5.600000e-03	5.749221e-05
5.610000e-03	5.747519e-05
5.620000e-03	5.745817e-05
5.630000e-03	5.744115e-05
5.640000e-03	5.742414e-05
5.650000e-03	5.740712e-05
5.660000e-03	5.739010e-05
5.670000e-03	5.737309e-05
5.680000e-03	5.735607e-05
5.690000e-03	5.733905e-05
5.700000e-03	5.732204e-05
5.710000e-03	5.730502e-05
5.720000e-03	5.728800e-05
5.730000e-03	5.727098e-05
5.740000e-03	5.725397e-05
5.750000e-03	5.723695e-05
5.760000e-03	5.721993e-05
5.770000e-03	5.720292e-05
5.780000e-03	5.718590e-05
5.790000e-03	5.716888e-05
5.800000e-03	5.715187e-05
5.810000e-03	5.713485e-05
5.820000e-03	5.711783e-05
5.830000e-03	5.710082e-05
5.840000e-03	5.708380e-05
5.850000e-03	5.706678e-05
5.860000e-03	5.704976e-05
5.870000e-03	5.703275e-05
5.880000e-03	5.701573e-05
5.890000e-03	5.699871e-05
5.900000e-03	5.698170e-05
5.910000e-03	5.696468e-05
5.920000e-03	5.694766e-05
5.930000e-03	5.693065e-05
5.940000e-03	5.691363e-05
5.950000e-03	5.689661e-05
5.960000e-03	5.687959e-05
5.970000e-03	5.686258e-05
5.980000e-03	5.684556e-05
5.990000e-03	5.682854e-05
6.000000e-03	5.681153e-05
6.010000e-03	5.679451e-05
6.020000e-03	5.677749e-05
6.030000e-03	5.676048e-05
6.040000e-03	5.674346e-05
6.050000e-03	5.672644e-05
6.060000e-03	5.670942e-05
6.070000e-03	5.669241e-05
6.080000e-03	5.667539e-05
6.090000e-03	5.665837e-05
6.100000e-03	5.664136e-05
6.110000e-03	5.662434e-05
6.120000e-03	5.660732e-05
6.130000e-03	5.659031e-05
6.140000e-03	5.657329e-05
6.150000e-03	5.659317e-05
6.160000e-03	5.661305e-05
6.170000e-03	5.663294e-05
6.180000e-03	5.665282e-05
6.190000e-03	5.667270e-05
6.200000e-03	5.669259e-05
6.210000e-03	5.671247e-05
6.220000e-03	5.673235e-05
6.230000e-03	5.675224e-05
6.240000e-03	5.677212e-05
6.250000e-03	5.679200e-05
6.260000e-03	5.681189e-05
6.270000e-03	5.683177e-05
6.280000e-03	5.685165e-05
6.290000e-03	5.687154e-05
6.300000e-03	5.689142e-05
6.310000e-03	5.691130e-05
6.320000e-03	5.693118e-05
6.330000e-03	5.695107e-05
6.340000e-03	5.697095e-05
6.350000e-03	5.699083e-05
6.360000e-03	5.701072e-05
6.370000e-03	5.703060e-05
6.380000e-03	5.705048e-05
6.390000e-03	5.707037e-05
6.400000e-03	5.709025e-05
6.410000e-03	5.711013e-05
6.420000e-03	5.713002e-05
6.430000e-03	5.714990e-05
6.440000e-03	5.716978e-05
6.450000e-03	5.718966e-05
6.460000e-03	5.720955e-05
6.470000e-03	5.722943e-05
6.480000e-03	5.724931e-05
6.490000e-03	5.726920e-05
6.500000e-03	5.728908e-05
6.510000e-03	5.730896e-05
6.520000e-03	5.732885e-05
6.530000e-03	5.734873e-05
6.540000e-03	5.736861e-05
6.550000e-03	5.738850e-05
6.560000e-03	5.740838e-05
6.570000e-03	5.742826e-05
6.580000e-03	5.744815e-05
6.590000e-03	5.746803e-05
6.600000e-03	5.748791e-05
6.610000e-03	5.750779e-05
6.620000e-03	5.752768e-05
6.630000e-03	5.754756e-05
6.640000e-03	5.756744e-05
6.650000e-03	5.758733e-05
6.660000e-03	5.760721e-05
6.670000e-03	5.762709e-05
6.680000e-03	5.764698e-05
6.690000e-03	5.766686e-05
6.700000e-03	5.768674e-05
6.710000e-03	5.770663e-05
6.720000e-03	5.772651e-05
6.730000e-03	5.774639e-05
6.740000e-03	5.776627e-05
6.750000e-03	5.778616e-05
6.760000e-03	5.780604e-05
6.770000e-03	5.782592e-05
6.780000e-03	5.784581e-05
6.790000e-03	5.786569e-05
6.800000e-03	5.788557e-05
6.810000e-03	5.790546e-05
6.820000e-03	5.792534e-05
6.830000e-03	5.794522e-05
6.840000e-03	5.796511e-05
6.850000e-03	5.798499e-05
6.860000e-03	5.800487e-05
6.870000e-03	5.802476e-05
6.880000e-03	5.804464e-05
6.890000e-03	5.806452e-05
6.900000e-03	5.808440e-05
6.910000e-03	5.810429e-05
6.920000e-03	5.812417e-05
6.930000e-03	5.814405e-05
6.940000e-03	5.816394e-05
6.950000e-03	5.818382e-05
6.960000e-03	5.820370e-05
6.970000e-03	5.822359e-05
6.980000e-03	5.824347e-05
6.990000e-03	5.826335e-05
7.000000e-03	5.828324e-05
7.010000e-03	5.830312e-05
7.020000e-03	5.832300e-05
7.030000e-03	5.834288e-05
7.040000e-03	5.836277e-05
7.050000e-03	5.838265e-05
7.060000e-03	5.840253e-05
7.070000e-03	5.842242e-05
7.080000e-03	5.844230e-05
7.090000e-03	5.846218e-05
7.100000e-03	5.848207e-05
7.110000e-03	5.850195e-05
7.120000e-03	5.852183e-05
7.130000e-03	5.854172e-05
7.140000e-03	5.856160e-05
7.150000e-03	5.861495e-05
7.160000e-03	5.866829e-05
7.170000e-03	5.872164e-05
7.180000e-03	5.877499e-05
7.190000e-03	5.882834e-05
7.200000e-03	5.888168e-05
7.210000e-03	5.893503e-05
7.220000e-03	5.898838e-05
7.230000e-03	5.904173e-05
7.240000e-03	5.909508e-05
7.250000e-03	5.914842e-05
7.260000e-03	5.920177e-05
7.270000e-03	5.925512e-05
7.280000e-03	5.930847e-05
7.290000e-03	5.936181e-05
7.300000e-03	5.941516e-05
7.310000e-03	5.946851e-05
7.320000e-03	5.952186e-05
7.330000e-03	5.957520e-05
7.340000e-03	5.962855e-05
7.350000e-03	5.968190e-05
7.360000e-03	5.973525e-05
7.370000e-03	5.978860e-05
7.380000e-03	5.984194e-05
7.390000e-03	5.989529e-05
7.400000e-03	5.994864e-05
7.410000e-03	6.000199e-05
7.420000e-03	6.005533e-05
7.430000e-03	6.010868e-05
7.440000e-03	6.016203e-05
7.450000e-03	6.021538e-05
7.460000e-03	6.026872e-05
7.470000e-03	6.032207e-05
7.480000e-03	6.037542e-05
7.490000e-03	6.042877e-05
7.500000e-03	6.048212e-05
7.510000e-03	6.053546e-05
7.520000e-03	6.058881e-05
7.530000e-03	6.064216e-05
7.540000e-03	6.069551e-05
7.550000e-03	6.074885e-05
7.560000e-03	6.080220e-05
7.570000e-03	6.085555e-05
7.580000e-03	6.090890e-05
7.590000e-03	6.096224e-05
7.600000e-03	6.101559e-05
7.610000e-03	6.106894e-05
7.620000e-03	6.112229e-05
7.630000e-03	6.117564e-05
7.640000e-03	6.122898e-05
7.650000e-03	6.128233e-05
7.660000e-03	6.133568e-05
7.670000e-03	6.138903e-05
7.680000e-03	6.144237e-05
7.690000e-03	6.149572e-05
7.700000e-03	6.154907e-05
7.710000e-03	6.160242e-05
7.720000e-03	6.165576e-05
7.730000e-03	6.170911e-05
7.740000e-03	6.176246e-05
7.750000e-03	6.181581e-05
7.760000e-03	6.186915e-05
7.770000e-03	6.192250e-05
7.780000e-03	6.197585e-05
7.790000e-03	6.202920e-05
7.800000e-03	6.208255e-05
7.810000e-03	6.213589e-05
7.820000e-03	6.218924e-05
7.830000e-03	6.224259e-05
7.840000e-03	6.229594e-05
7.850000e-03	6.234928e-05
7.860000e-03	6.240263e-05
7.870000e-03	6.245598e-05
7.880000e-03	6.250933e-05
7.890000e-03	6.256267e-05
7.900000e-03	6.261602e-05
7.910000e-03	6.266937e-05
7.920000e-03	6.272272e-05
7.930000e-03	6.277607e-05
7.940000e-03	6.282941e-05
7.950000e-03	6.288276e-05
7.960000e-03	6.293611e-05
7.970000e-03	6.298946e-05
7.980000e-03	6.304280e-05
7.990000e-03	6.309615e-05
8.000000e-03	6.314950e-05
8.010000e-03	6.320285e-05
8.020000e-03	6.325619e-05
8.030000e-03	6.330954e-05
8.040000e-03	6.336289e-05
8.050000e-03	6.341624e-05
8.060000e-03	6.346959e-05
8.070000e-03	6.352293e-05
8.080000e-03	6.357628e-05
8.090000e-03	6.362963e-05
8.100000e-03	6.368298e-05
8.110000e-03	6.373632e-05
8.120000e-03	6.378967e-05
8.130000e-03	6.384302e-05
8.140000e-03	6.389637e-05
8.150000e-03	6.397576e-05
8.160000e-03	6.405516e-05
8.170000e-03	6.413455e-05
8.180000e-03	6.421395e-05
8.190000e-03	6.429334e-05
8.200000e-03	6.437274e-05
8.210000e-03	6.445213e-05
8.220000e-03	6.453153e-05
8.230000e-03	6.461092e-05
8.240000e-03	6.469032e-05
8.250000e-03	6.476971e-05
8.260000e-03	6.484911e-05
8.270000e-03	6.492850e-05
8.280000e-03	6.500790e-05
8.290000e-03	6.508729e-05
8.300000e-03	6.516669e-05
8.310000e-03	6.524608e-05
8.320000e-03	6.532548e-05
8.330000e-03	6.540487e-05
8.340000e-03	6.548427e-05
8.350000e-03	6.556366e-05
8.360000e-03	6.564306e-05
8.370000e-03	6.572245e-05
8.380000e-03	6.580185e-05
8.390000e-03	6.588124e-05
8.400000e-03	6.596064e-05
8.410000e-03	6.604003e-05
8.420000e-03	6.611943e-05
8.430000e-03	6.619882e-05
8.440000e-03	6.627822e-05
8.450000e-03	6.635761e-05
8.460000e-03	6.643701e-05
8.470000e-03	6.651640e-05
8.480000e-03	6.659580e-05
8.490000e-03	6.667519e-05
8.500000e-03	6.675459e-05
8.510000e-03	6.683398e-05
8.520000e-03	6.691338e-05
8.530000e-03	6.699277e-05
8.540000e-03	6.707217e-05
8.550000e-03	6.715156e-05
8.560000e-03	6.723096e-05
8.570000e-03	6.731035e-05
8.580000e-03	6.738975e-05
8.590000e-03	6.746914e-05
8.600000e-03	6.754854e-05
8.610000e-03	6.762793e-05
8.620000e-03	6.770733e-05
8.630000e-03	6.778672e-05
8.640000e-03	6.786612e-05
8.650000e-03	6.794551e-05
8.660000e-03	6.802491e-05
8.670000e-03	6.810430e-05
8.680000e-03	6.818370e-05
8.690000e-03	6.826309e-05
8.700000e-03	6.834249e-05
8.710000e-03	6.842188e-05
8.720000e-03	6.850128e-05
8.730000e-03	6.858067e-05
8.740000e-03	6.866007e-05
8.750000e-03	6.873946e-05
8.760000e-03	6.881886e-05
8.770000e-03	6.889825e-05
8.780000e-03	6.897765e-05
8.790000e-03	6.905704e-05
8.800000e-03	6.913644e-05
8.810000e-03	6.921583e-05
8.820000e-03	6.929523e-05
8.830000e-03	6.937462e-05
8.840000e-03	6.945402e-05
8.850000e-03	6.953341e-05
8.860000e-03	6.961281e-05
8.870000e-03	6.969220e-05
8.880000e-03	6.977160e-05
8.890000e-03	6.985099e-05
8.900000e-03	6.993039e-05
8.910000e-03	7.000978e-05
8.920000e-03	7.008918e-05
8.930000e-03	7.016857e-05
8.940000e-03	7.024797e-05
8.950000e-03	7.032736e-05
8.960000e-03	7.040676e-05
8.970000e-03	7.048615e-05
8.980000e-03	7.056555e-05
8.990000e-03	7.064494e-05
9.000000e-03	7.072434e-05
9.010000e-03	7.080373e-05
9.020000e-03	7.088312e-05
9.030000e-03	7.096252e-05
9.040000e-03	7.104191e-05
9.050000e-03	7.112131e-05
9.060000e-03	7.120070e-05
9.070000e-03	7.128010e-05
9.080000e-03	7.135949e-05
9.090000e-03	7.143889e-05
9.100000e-03	7.151828e-05
9.110000e-03	7.159768e-05
9.120000e-03	7.167707e-05
9.130000e-03	7.175647e-05
9.140000e-03	7.183586e-05
9.150000e-03	7.196440e-05
9.160000e-03	7.209294e-05
9.170000e-03	7.222148e-05
9.180000e-03	7.235002e-05
9.190000e-03	7.247856e-05
9.200000e-03	7.260710e-05
9.210000e-03	7.273564e-05
9.220000e-03	7.286418e-05
9.230000e-03	7.299272e-05
9.240000e-03	7.312126e-05
9.250000e-03	7.324979e-05
9.260000e-03	7.337833e-05
9.270000e-03	7.350687e-05
9.280000e-03	7.363541e-05
9.290000e-03	7.376395e-05
9.300000e-03	7.389249e-05
9.310000e-03	7.402103e-05
9.320000e-03	7.414957e-05
9.330000e-03	7.427811e-05
9.340000e-03	7.440665e-05
9.350000e-03	7.453519e-05
9.360000e-03	7.466372e-05
9.370000e-03	7.479226e-05
9.380000e-03	7.492080e-05
9.390000e-03	7.504934e-05
9.400000e-03	7.517788e-05
9.410000e-03	7.530642e-05
9.420000e-03	7.543496e-05
9.430000e-03	7.556350e-05
9.440000e-03	7.569204e-05
9.450000e-03	7.582058e-05
9.460000e-03	7.594911e-05
9.470000e-03	7.607765e-05
9.480000e-03	7.620619e-05
9.490000e-03	7.633473e-05
9.500000e-03	7.646327e-05
9.510000e-03	7.659181e-05
9.520000e-03	7.672035e-05
9.530000e-03	7.684889e-05
9.540000e-03	7.697743e-05
9.550000e-03	7.710597e-05
9.560000e-03	7.723451e-05
9.570000e-03	7.736304e-05
9.580000e-03	7.749158e-05
9.590000e-03	7.762012e-05
9.600000e-03	7.774866e-05
9.610000e-03	7.787720e-05
9.620000e-03	7.800574e-05
9.630000e-03	7.813428e-05
9.640000e-03	7.826282e-05
9.650000e-03	7.839136e-05
9.660000e-03	7.851990e-05
9.670000e-03	7.864844e-05
9.680000e-03	7.877697e-05
9.690000e-03	7.890551e-05
9.700000e-03	7.903405e-05
9.710000e-03	7.916259e-05
9.720000e-03	7.929113e-05
9.730000e-03	7.941967e-05
9.740000e-03	7.954821e-05
9.750000e-03	7.967675e-05
9.760000e-03	7.980529e-05
9.770000e-03	7.993383e-05
9.780000e-03	8.006236e-05
9.790000e-03	8.019090e-05
9.800000e-03	8.031944e-05
9.810000e-03	8.044798e-05
9.820000e-03	8.057652e-05
9.830000e-03	8.070506e-05
9.840000e-03	8.083360e-05
9.850000e-03	8.096214e-05
9.860000e-03	8.109068e-05
9.870000e-03	8.121922e-05
9.880000e-03	8.134776e-05
9.890000e-03	8.147629e-05
9.900000e-03	8.160483e-05
9.910000e-03	8.173337e-05
9.920000e-03	8.186191e-05
9.930000e-03	8.199045e-05
9.940000e-03	8.211899e-05
9.950000e-03	8.224753e-05
9.960000e-03	8.237607e-05
9.970000e-03	8.250461e-05
9.980000e-03	8.263315e-05
9.990000e-03	8.276169e-05
1.000000e-02	8.289022e-05
1.001000e-02	8.301876e-05
1.002000e-02	8.314730e-05
1.003000e-02	8.327584e-05
1.004000e-02	8.340438e-05
1.005000e-02	8.353292e-05
1.006000e-02	8.366146e-05
1.007000e-02	8.379000e-05
1.008000e-02	8.391854e-05
1.009000e-02	8.404708e-05
1.010000e-02	8.417561e-05
1.011000e-02	8.430415e-05
1.012000e-02	8.443269e-05
1.013000e-02	8.456123e-05
1.014000e-02	8.468977e-05
1.015000e-02	8.481831e-05
1.016000e-02	8.494685e-05
1.017000e-02	8.507539e-05
1.018000e-02	8.520393e-05
1.019000e-02	8.533247e-05
1.020000e-02	8.546101e-05
1.021000e-02	8.558954e-05
1.022000e-02	8.571808e-05
1.023000e-02	8.584662e-05
1.024000e-02	8.597516e-05
1.025000e-02	8.610370e-05
1.026000e-02	8.623224e-05
1.027000e-02	8.636078e-05
1.028000e-02	8.648932e-05
1.029000e-02	8.661786e-05
1.030000e-02	8.674640e-05
1.031000e-02	8.687494e-05
1.032000e-02	8.700347e-05
1.033000e-02	8.713201e-05
1.034000e-02	8.726055e-05
1.035000e-02	8.738909e-05
1.036000e-02	8.751763e-05
1.037000e-02	8.764617e-05
1.038000e-02	8.777471e-05
1.039000e-02	8.790325e-05
1.040000e-02	8.803179e-05
1.041000e-02	8.816033e-05
1.042000e-02	8.828887e-05
1.043000e-02	8.841740e-05
1.044000e-02	8.854594e-05
1.045000e-02	8.867448e-05
1.046000e-02	8.880302e-05
1.047000e-02	8.893156e-05
1.048000e-02	8.906010e-05
1.049000e-02	8.918864e-05
1.050000e-02	8.931718e-05
1.051000e-02	8.944572e-05
1.052000e-02	8.957426e-05
1.053000e-02	8.970279e-05
1.054000e-02	8.983133e-05
1.055000e-02	8.995987e-05
1.056000e-02	9.008841e-05
1.057000e-02	9.021695e-05
1.058000e-02	9.034549e-05
1.059000e-02	9.047403e-05
1.060000e-02	9.060257e-05
1.061000e-02	9.073111e-05
1.062000e-02	9.085965e-05
1.063000e-02	9.098819e-05
1.064000e-02	9.111672e-05
1.065000e-02	9.124526e-05
1.066000e-02	9.137380e-05
1.067000e-02	9.150234e-05
1.068000e-02	9.163088e-05
1.069000e-02	9.175942e-05
1.070000e-02	9.188796e-05
1.071000e-02	9.201650e-05
1.072000e-02	9.214504e-05
1.073000e-02	9.227358e-05
1.074000e-02	9.240212e-05
1.075000e-02	9.253065e-05
1.076000e-02	9.265919e-05
1.077000e-02	9.278773e-05
1.078000e-02	9.291627e-05
1.079000e-02	9.304481e-05
1.080000e-02	9.317335e-05
1.081000e-02	9.330189e-05
1.082000e-02	9.343043e-05
1.083000e-02	9.355897e-05
1.084000e-02	9.368751e-05
1.085000e-02	9.381604e-05
1.086000e-02	9.394458e-05
1.087000e-02	9.407312e-05
1.088000e-02	9.420166e-05
1.089000e-02	9.433020e-05
1.090000e-02	9.445874e-05
1.091000e-02	9.458728e-05
1.092000e-02	9.471582e-05
1.093000e-02	9.484436e-05
1.094000e-02	9.497290e-05
1.095000e-02	9.510144e-05
1.096000e-02	9.522997e-05
1.097000e-02	9.535851e-05
1.098000e-02	9.548705e-05
1.099000e-02	9.561559e-05
1.100000e-02	9.574413e-05
1.101000e-02	9.587267e-05
1.102000e-02	9.600121e-05
1.103000e-02	9.612975e-05
1.104000e-02	9.625829e-05
1.105000e-02	9.638683e-05
1.106000e-02	9.651537e-05
1.107000e-02	9.664390e-05
1.108000e-02	9.677244e-05
1.109000e-02	9.690098e-05
1.110000e-02	9.702952e-05
1.111000e-02	9.715806e-05
1.112000e-02	9.728660e-05
1.113000e-02	9.741514e-05
1.114000e-02	9.754368e-05
1.115000e-02	9.767222e-05
1.116000e-02	9.780076e-05
1.117000e-02	9.792929e-05
1.118000e-02	9.805783e-05
1.119000e-02	9.818637e-05
1.120000e-02	9.831491e-05
1.121000e-02	9.844345e-05
1.122000e-02	9.857199e-05
1.123000e-02	9.870053e-05
1.124000e-02	9.882907e-05
1.125000e-02	9.895761e-05
1.126000e-02	9.908615e-05
1.127000e-02	9.921469e-05
1.128000e-02	9.934322e-05
1.129000e-02	9.947176e-05
1.130000e-02	9.960030e-05
1.131000e-02	9.972884e-05
1.132000e-02	9.985738e-05
1.133000e-02	9.998592e-05
1.134000e-02	1.001145e-04
1.135000e-02	1.002430e-04
1.136000e-02	1.003715e-04
1.137000e-02	1.005001e-04
1.138000e-02	1.006286e-04
1.139000e-02	1.007572e-04
1.140000e-02	1.008857e-04
1.141000e-02	1.010142e-04
1.142000e-02	1.011428e-04
1.143000e-02	1.012713e-04
1.144000e-02	1.013998e-04
1.145000e-02	1.015284e-04
1.146000e-02	1.016569e-04
1.147000e-02	1.017855e-04
1.148000e-02	1.019140e-04
1.149000e-02	1.020425e-04
1.150000e-02	1.021711e-04
1.151000e-02	1.022996e-04
1.152000e-02	1.024282e-04
1.153000e-02	1.025567e-04
1.154000e-02	1.026852e-04
1.155000e-02	1.028138e-04
1.156000e-02	1.029423e-04
1.157000e-02	1.030709e-04
1.158000e-02	1.031994e-04
1.159000e-02	1.033279e-04
1.160000e-02	1.034565e-04
1.161000e-02	1.035850e-04
1.162000e-02	1.037136e-04
1.163000e-02	1.038421e-04
1.164000e-02	1.039706e-04
1.165000e-02	1.040992e-04
1.166000e-02	1.042277e-04
1.167000e-02	1.043562e-04
1.168000e-02	1.044848e-04
1.169000e-02	1.046133e-04
1.170000e-02	1.047419e-04
1.171000e-02	1.048704e-04
1.172000e-02	1.049989e-04
1.173000e-02	1.051275e-04
1.174000e-02	1.052560e-04
1.175000e-02	1.053846e-04
1.176000e-02	1.055131e-04
1.177000e-02	1.056416e-04
1.178000e-02	1.057702e-04
1.179000e-02	1.058987e-04
1.180000e-02	1.060273e-04
1.181000e-02	1.061558e-04
1.182000e-02	1.062843e-04
1.183000e-02	1.064129e-04
1.184000e-02	1.065414e-04
1.185000e-02	1.066700e-04
1.186000e-02	1.067985e-04
1.187000e-02	1.069270e-04
1.188000e-02	1.070556e-04
1.189000e-02	1.071841e-04
1.190000e-02	1.073126e-04
1.191000e-02	1.074412e-04
1.192000e-02	1.075697e-04
1.193000e-02	1.076983e-04
1.194000e-02	1.078268e-04
1.195000e-02	1.079553e-04
1.196000e-02	1.080839e-04
1.197000e-02	1.082124e-04
1.198000e-02	1.083410e-04
1.199000e-02	1.084695e-04
1.200000e-02	1.085980e-04
1.201000e-02	1.087266e-04
1.202000e-02	1.088551e-04
1.203000e-02	1.089837e-04
1.204000e-02	1.091122e-04
1.205000e-02	1.092407e-04
1.206000e-02	1.093693e-04
1.207000e-02	1.094978e-04
1.208000e-02	1.096263e-04
1.209000e-02	1.097549e-04
1.210000e-02	1.098834e-04
1.211000e-02	1.100120e-04
1.212000e-02	1.101405e-04
1.213000e-02	1.102690e-04
1.214000e-02	1.103976e-04
1.215000e-02	1.105261e-04
1.216000e-02	1.106547e-04
1.217000e-02	1.107832e-04
1.218000e-02	1.109117e-04
1.219000e-02	1.110403e-04
1.220000e-02	1.111688e-04
1.221000e-02	1.112974e-04
1.222000e-02	1.114259e-04
1.223000e-02	1.115544e-04
1.224000e-02	1.116830e-04
1.225000e-02	1.118115e-04
1.226000e-02	1.119401e-04
1.227000e-02	1.120686e-04
1.228000e-02	1.121971e-04
1.229000e-02	1.123257e-04
1.230000e-02	1.124542e-04
1.231000e-02	1.125827e-04
1.232000e-02	1.127113e-04
1.233000e-02	1.128398e-04
1.234000e-02	1.129684e-04
1.235000e-02	1.130969e-04
1.236000e-02	1.132254e-04
1.237000e-02	1.133540e-04
1.238000e-02	1.134825e-04
1.239000e-02	1.136111e-04
1.240000e-02	1.137396e-04
1.241000e-02	1.138681e-04
1.242000e-02	1.139967e-04
1.243000e-02	1.141252e-04
1.244000e-02	1.142538e-04
1.245000e-02	1.143823e-04
1.246000e-02	1.145108e-04
1.247000e-02	1.146394e-04
1.248000e-02	1.147679e-04
1.249000e-02	1.148965e-04
1.250000e-02	1.150250e-04
1.251000e-02	1.151535e-04
1.252000e-02	1.152821e-04
1.253000e-02	1.154106e-04
1.254000e-02	1.155391e-04
1.255000e-02	1.156677e-04
1.256000e-02	1.157962e-04
1.257000e-02	1.159248e-04
1.258000e-02	1.160533e-04
1.259000e-02	1.161818e-04
1.260000e-02	1.163104e-04
1.261000e-02	1.164389e-04
1.262000e-02	1.165675e-04
1.263000e-02	1.166960e-04
1.264000e-02	1.168245e-04
1.265000e-02	1.169531e-04
1.266000e-02	1.170816e-04
1.267000e-02	1.172102e-04
1.268000e-02	1.173387e-04
1.269000e-02	1.174672e-04
1.270000e-02	1.175958e-04
1.271000e-02	1.177243e-04
1.272000e-02	1.178528e-04
1.273000e-02	1.179814e-04
1.274000e-02	1.181099e-04
1.275000e-02	1.182385e-04
1.276000e-02	1.183670e-04
1.277000e-02	1.184955e-04
1.278000e-02	1.186241e-04
1.279000e-02	1.187526e-04
1.280000e-02	1.188812e-04
1.281000e-02	1.190097e-04
1.282000e-02	1.191382e-04
1.283000e-02	1.192668e-04
1.284000e-02	1.193953e-04
1.285000e-02	1.195239e-04
1.286000e-02	1.196524e-04
1.287000e-02	1.197809e-04
1.288000e-02	1.199095e-04
1.289000e-02	1.200380e-04
1.290000e-02	1.201666e-04
1.291000e-02	1.202951e-04
1.292000e-02	1.204236e-04
1.293000e-02	1.205522e-04
1.294000e-02	1.206807e-04
1.295000e-02	1.208092e-04
1.296000e-02	1.209378e-04
1.297000e-02	1.210663e-04
1.298000e-02	1.211949e-04
1.299000e-02	1.213234e-04
1.300000e-02	1.214519e-04
1.301000e-02	1.215805e-04
1.302000e-02	1.217090e-04
1.303000e-02	1.218376e-04
1.304000e-02	1.219661e-04
1.305000e-02	1.220946e-04
1.306000e-02	1.222232e-04
1.307000e-02	1.223517e-04
1.308000e-02	1.224803e-04
1.309000e-02	1.226088e-04
1.310000e-02	1.227373e-04
1.311000e-02	1.228659e-04
1.312000e-02	1.229944e-04
1.313000e-02	1.231230e-04
1.314000e-02	1.232515e-04
1.315000e-02	1.233800e-04
1.316000e-02	1.235086e-04
1.317000e-02	1.236371e-04
1.318000e-02	1.237656e-04
1.319000e-02	1.238942e-04
1.320000e-02	1.240227e-04
1.321000e-02	1.241513e-04
1.322000e-02	1.242798e-04
1.323000e-02	1.244083e-04
1.324000e-02	1.245369e-04
1.325000e-02	1.246654e-04
1.326000e-02	1.247940e-04
1.327000e-02	1.249225e-04
1.328000e-02	1.250510e-04
1.329000e-02	1.251796e-04
1.330000e-02	1.253081e-04
1.331000e-02	1.254367e-04
1.332000e-02	1.255652e-04
1.333000e-02	1.256937e-04
1.334000e-02	1.258223e-04
1.335000e-02	1.259508e-04
1.336000e-02	1.260794e-04
1.337000e-02	1.262079e-04
1.338000e-02	1.263364e-04
1.339000e-02	1.264650e-04
1.340000e-02	1.265935e-04
1.341000e-02	1.267220e-04
1.342000e-02	1.268506e-04
1.343000e-02	1.269791e-04
1.344000e-02	1.271077e-04
1.345000e-02	1.272362e-04
1.346000e-02	1.273647e-04
1.347000e-02	1.274933e-04
1.348000e-02	1.276218e-04
1.349000e-02	1.277504e-04
1.350000e-02	1.278789e-04
1.351000e-02	1.280074e-04
1.352000e-02	1.281360e-04
1.353000e-02	1.282645e-04
1.354000e-02	1.283931e-04
1.355000e-02	1.285216e-04
1.356000e-02	1.286501e-04
1.357000e-02	1.287787e-04
1.358000e-02	1.289072e-04
1.359000e-02	1.290357e-04
1.360000e-02	1.291643e-04
1.361000e-02	1.292928e-04
1.362000e-02	1.294214e-04
1.363000e-02	1.295499e-04
1.364000e-02	1.296784e-04
1.365000e-02	1.298070e-04
1.366000e-02	1.299355e-04
1.367000e-02	1.300641e-04
1.368000e-02	1.301926e-04
1.369000e-02	1.303211e-04
1.370000e-02	1.304497e-04
1.371000e-02	1.305782e-04
1.372000e-02	1.307068e-04
1.373000e-02	1.308353e-04
1.374000e-02	1.309638e-04
1.375000e-02	1.310924e-04
1.376000e-02	1.312209e-04
1.377000e-02	1.313495e-04
1.378000e-02	1.314780e-04
1.379000e-02	1.316065e-04
1.380000e-02	1.317351e-04
1.381000e-02	1.318636e-04
1.382000e-02	1.319921e-04
1.383000e-02	1.321207e-04
1.384000e-02	1.322492e-04
1.385000e-02	1.323778e-04
1.386000e-02	1.325063e-04
1.387000e-02	1.326348e-04
1.388000e-02	1.327634e-04
1.389000e-02	1.328919e-04
1.390000e-02	1.330205e-04
1.391000e-02	1.331490e-04
1.392000e-02	1.332775e-04
1.393000e-02	1.334061e-04
1.394000e-02	1.335346e-04
1.395000e-02	1.336632e-04
1.396000e-02	1.337917e-04
1.397000e-02	1.339202e-04
1.398000e-02	1.340488e-04
1.399000e-02	1.341773e-04
1.400000e-02	1.343059e-04
1.401000e-02	1.344344e-04
1.402000e-02	1.345629e-04
1.403000e-02	1.346915e-04
1.404000e-02	1.348200e-04
1.405000e-02	1.349485e-04
1.406000e-02	1.350771e-04
1.407000e-02	1.352056e-04
1.408000e-02	1.353342e-04
1.409000e-02	1.354627e-04
1.410000e-02	1.355912e-04
1.411000e-02	1.357198e-04
1.412000e-02	1.358483e-04
1.413000e-02	1.359769e-04
1.414000e-02	1.361054e-04
1.415000e-02	1.362339e-04
1.416000e-02	1.363625e-04
1.417000e-02	1.364910e-04
1.418000e-02	1.366196e-04
1.419000e-02	1.367481e-04
1.420000e-02	1.368766e-04
1.421000e-02	1.370052e-04
1.422000e-02	1.371337e-04
1.423000e-02	1.372622e-04
1.424000e-02	1.373908e-04
1.425000e-02	1.375193e-04
1.426000e-02	1.376479e-04
1.427000e-02	1.377764e-04
1.428000e-02	1.379049e-04
1.429000e-02	1.380335e-04
1.430000e-02	1.381620e-04
1.431000e-02	1.382906e-04
1.432000e-02	1.384191e-04
1.433000e-02	1.385476e-04
1.434000e-02	1.386762e-04
1.435000e-02	1.388047e-04
1.436000e-02	1.389333e-04
1.437000e-02	1.390618e-04
1.438000e-02	1.391903e-04
1.439000e-02	1.393189e-04
1.440000e-02	1.394474e-04
1.441000e-02	1.395760e-04
1.442000e-02	1.397045e-04
1.443000e-02	1.398330e-04
1.444000e-02	1.399616e-04
1.445000e-02	1.400901e-04
1.446000e-02	1.402186e-04
1.447000e-02	1.403472e-04
1.448000e-02	1.404757e-04
1.449000e-02	1.406043e-04
1.450000e-02	1.407328e-04
1.451000e-02	1.408613e-04
1.452000e-02	1.409899e-04
1.453000e-02	1.411184e-04
1.454000e-02	1.412470e-04
1.455000e-02	1.413755e-04
1.456000e-02	1.415040e-04
1.457000e-02	1.416326e-04
1.458000e-02	1.417611e-04
1.459000e-02	1.418897e-04
1.460000e-02	1.420182e-04
1.461000e-02	1.421467e-04
1.462000e-02	1.422753e-04
1.463000e-02	1.424038e-04
1.464000e-02	1.425324e-04
1.465000e-02	1.426609e-04
1.466000e-02	1.427894e-04
1.467000e-02	1.429180e-04
1.468000e-02	1.430465e-04
1.469000e-02	1.431750e-04
1.470000e-02	1.433036e-04
1.471000e-02	1.434321e-04
1.472000e-02	1.435607e-04
1.473000e-02	1.436892e-04
1.474000e-02	1.438177e-04
1.475000e-02	1.439463e-04
1.476000e-02	1.440748e-04
1.477000e-02	1.442034e-04
1.478000e-02	1.443319e-04
1.479000e-02	1.444604e-04
1.480000e-02	1.445890e-04
1.481000e-02	1.447175e-04
1.482000e-02	1.448461e-04
1.483000e-02	1.449746e-04
1.484000e-02	1.451031e-04
1.485000e-02	1.452317e-04
1.486000e-02	1.453602e-04
1.487000e-02	1.454887e-04
1.488000e-02	1.456173e-04
1.489000e-02	1.457458e-04
1.490000e-02	1.458744e-04
1.491000e-02	1.460029e-04
1.492000e-02	1.461314e-04
1.493000e-02	1.462600e-04
1.494000e-02	1.463885e-04
1.495000e-02	1.465171e-04
1.496000e-02	1.466456e-04
1.497000e-02	1.467741e-04
1.498000e-02	1.469027e-04
1.499000e-02	1.470312e-04
1.500000e-02	1.471598e-04
1.501000e-02	1.472883e-04
1.502000e-02	1.474168e-04
1.503000e-02	1.475454e-04
1.504000e-02	1.476739e-04
1.505000e-02	1.478025e-04
1.506000e-02	1.479310e-04
1.507000e-02	1.480595e-04
1.508000e-02	1.481881e-04
1.509000e-02	1.483166e-04
1.510000e-02	1.484451e-04
1.511000e-02	1.485737e-04
1.512000e-02	1.487022e-04
1.513000e-02	1.488308e-04
1.514000e-02	1.489593e-04
1.515000e-02	1.490878e-04
1.516000e-02	1.492164e-04
1.517000e-02	1.493449e-04
1.518000e-02	1.494735e-04
1.519000e-02	1.496020e-04
1.520000e-02	1.497305e-04
1.521000e-02	1.498591e-04
1.522000e-02	1.499876e-04
1.523000e-02	1.501162e-04
1.524000e-02	1.502447e-04
1.525000e-02	1.503732e-04
1.526000e-02	1.505018e-04
1.527000e-02	1.506303e-04
1.528000e-02	1.507589e-04
1.529000e-02	1.508874e-04
1.530000e-02	1.510159e-04
1.531000e-02	1.511445e-04
1.532000e-02	1.512730e-04
1.533000e-02	1.514015e-04
1.534000e-02	1.515301e-04
1.535000e-02	1.516586e-04
1.536000e-02	1.517872e-04
1.537000e-02	1.519157e-04
1.538000e-02	1.520442e-04
1.539000e-02	1.521728e-04
1.540000e-02	1.523013e-04
1.541000e-02	1.524299e-04
1.542000e-02	1.525584e-04
1.543000e-02	1.526869e-04
1.544000e-02	1.528155e-04
1.545000e-02	1.529440e-04
1.546000e-02	1.530726e-04
1.547000e-02	1.532011e-04
1.548000e-02	1.533296e-04
1.549000e-02	1.534582e-04
1.550000e-02	1.535867e-04
1.551000e-02	1.537152e-04
1.552000e-02	1.538438e-04
1.553000e-02	1.539723e-04
1.554000e-02	1.541009e-04
1.555000e-02	1.542294e-04
1.556000e-02	1.543579e-04
1.557000e-02	1.544865e-04
1.558000e-02	1.546150e-04
1.559000e-02	1.547436e-04
1.560000e-02	1.548721e-04
1.561000e-02	1.550006e-04
1.562000e-02	1.551292e-04
1.563000e-02	1.552577e-04
1.564000e-02	1.553863e-04
1.565000e-02	1.555148e-04
1.566000e-02	1.556433e-04
1.567000e-02	1.557719e-04
1.568000e-02	1.559004e-04
1.569000e-02	1.560290e-04
1.570000e-02	1.561575e-04
1.571000e-02	1.562860e-04
1.572000e-02	1.564146e-04
1.573000e-02	1.565431e-04
1.574000e-02	1.566716e-04
1.575000e-02	1.568002e-04
1.576000e-02	1.569287e-04
1.577000e-02	1.570573e-04
1.578000e-02	1.571858e-04
1.579000e-02	1.573143e-04
1.580000e-02	1.574429e-04
1.581000e-02	1.575714e-04
1.582000e-02	1.577000e-04
1.583000e-02	1.578285e-04
1.584000e-02	1.579570e-04
1.585000e-02	1.580856e-04
1.586000e-02	1.582141e-04
1.587000e-02	1.583427e-04
1.588000e-02	1.584712e-04
1.589000e-02	1.585997e-04
1.590000e-02	1.587283e-04
1.591000e-02	1.588568e-04
1.592000e-02	1.589854e-04
1.593000e-02	1.591139e-04
1.594000e-02	1.592424e-04
1.595000e-02	1.593710e-04
1.596000e-02	1.594995e-04
1.597000e-02	1.596280e-04
1.598000e-02	1.597566e-04
1.599000e-02	1.598851e-04
1.600000e-02	1.600137e-04
1.601000e-02	1.601422e-04
1.602000e-02	1.602707e-04
1.603000e-02	1.603993e-04
1.604000e-02	1.605278e-04
1.605000e-02	1.606564e-04
1.606000e-02	1.607849e-04
1.607000e-02	1.609134e-04
1.608000e-02	1.610420e-04
1.609000e-02	1.611705e-04
1.610000e-02	1.612991e-04
1.611000e-02	1.614276e-04
1.612000e-02	1.615561e-04
1.613000e-02	1.616847e-04
1.614000e-02	1.618132e-04
1.615000e-02	1.619417e-04
1.616000e-02	1.620703e-04
1.617000e-02	1.621988e-04
1.618000e-02	1.623274e-04
1.619000e-02	1.624559e-04
1.620000e-02	1.625844e-04
1.621000e-02	1.627130e-04
1.622000e-02	1.628415e-04
1.623000e-02	1.629701e-04
1.624000e-02	1.630986e-04
1.625000e-02	1.632271e-04
1.626000e-02	1.633557e-04
1.627000e-02	1.634842e-04
1.628000e-02	1.636128e-04
1.629000e-02	1.637413e-04
1.630000e-02	1.638698e-04
1.631000e-02	1.639984e-04
1.632000e-02	1.641269e-04
1.633000e-02	1.642555e-04
1.634000e-02	1.643840e-04
1.635000e-02	1.645125e-04
1.636000e-02	1.646411e-04
1.637000e-02	1.647696e-04
1.638000e-02	1.648981e-04
1.639000e-02	1.650267e-04
1.640000e-02	1.651552e-04
1.641000e-02	1.652838e-04
1.642000e-02	1.654123e-04
1.643000e-02	1.655408e-04
1.644000e-02	1.656694e-04
1.645000e-02	1.657979e-04
1.646000e-02	1.659265e-04
1.647000e-02	1.660550e-04
1.648000e-02	1.661835e-04
1.649000e-02	1.663121e-04
1.650000e-02	1.664406e-04
1.651000e-02	1.665692e-04
1.652000e-02	1.666977e-04
1.653000e-02	1.668262e-04
1.654000e-02	1.669548e-04
1.655000e-02	1.670833e-04
1.656000e-02	1.672119e-04
1.657000e-02	1.673404e-04
1.658000e-02	1.674689e-04
1.659000e-02	1.675975e-04
1.660000e-02	1.677260e-04
1.661000e-02	1.678545e-04
1.662000e-02	1.679831e-04
1.663000e-02	1.681116e-04
1.664000e-02	1.682402e-04
1.665000e-02	1.683687e-04
1.666000e-02	1.684972e-04
1.667000e-02	1.686258e-04
1.668000e-02	1.687543e-04
1.669000e-02	1.688829e-04
1.670000e-02	1.690114e-04
1.671000e-02	1.691399e-04
1.672000e-02	1.692685e-04
1.673000e-02	1.693970e-04
1.674000e-02	1.695256e-04
1.675000e-02	1.696541e-04
1.676000e-02	1.697826e-04
1.677000e-02	1.699112e-04
1.678000e-02	1.700397e-04
1.679000e-02	1.701682e-04
1.680000e-02	1.702968e-04
1.681000e-02	1.704253e-04
1.682000e-02	1.705539e-04
1.683000e-02	1.706824e-04
1.684000e-02	1.708109e-04
1.685000e-02	1.709395e-04
1.686000e-02	1.710680e-04
1.687000e-02	1.711966e-04
1.688000e-02	1.713251e-04
1.689000e-02	1.714536e-04
1.690000e-02	1.715822e-04
1.691000e-02	1.717107e-04
1.692000e-02	1.718393e-04
1.693000e-02	1.719678e-04
1.694000e-02	1.720963e-04
1.695000e-02	1.722249e-04
1.696000e-02	1.723534e-04
1.697000e-02	1.724820e-04
1.698000e-02	1.726105e-04
1.699000e-02	1.727390e-04
1.700000e-02	1.728676e-04
1.701000e-02	1.729961e-04
1.702000e-02	1.731246e-04
1.703000e-02	1.732532e-04
1.704000e-02	1.733817e-04
1.705000e-02	1.735103e-04
1.706000e-02	1.736388e-04
1.707000e-02	1.737673e-04
1.708000e-02	1.738959e-04
1.709000e-02	1.740244e-04
1.710000e-02	1.741530e-04
1.711000e-02	1.742815e-04
1.712000e-02	1.744100e-04
1.713000e-02	1.745386e-04
1.714000e-02	1.746671e-04
1.715000e-02	1.747957e-04
1.716000e-02	1.749242e-04
1.717000e-02	1.750527e-04
1.718000e-02	1.751813e-04
1.719000e-02	1.753098e-04
1.720000e-02	1.754384e-04
1.721000e-02	1.755669e-04
1.722000e-02	1.756954e-04
1.723000e-02	1.758240e-04
1.724000e-02	1.759525e-04
1.725000e-02	1.760810e-04
1.726000e-02	1.762096e-04
1.727000e-02	1.763381e-04
1.728000e-02	1.764667e-04
1.729000e-02	1.765952e-04
1.730000e-02	1.767237e-04
1.731000e-02	1.768523e-04
1.732000e-02	1.769808e-04
1.733000e-02	1.771094e-04
1.734000e-02	1.772379e-04
1.735000e-02	1.773664e-04
1.736000e-02	1.774950e-04
1.737000e-02	1.776235e-04
1.738000e-02	1.777521e-04
1.739000e-02	1.778806e-04
1.740000e-02	1.780091e-04
1.741000e-02	1.781377e-04
1.742000e-02	1.782662e-04
1.743000e-02	1.783947e-04
1.744000e-02	1.785233e-04
1.745000e-02	1.786518e-04
1.746000e-02	1.787804e-04
1.747000e-02	1.789089e-04
1.748000e-02	1.790374e-04
1.749000e-02	1.791660e-04
1.750000e-02	1.792945e-04
1.751000e-02	1.794231e-04
1.752000e-02	1.795516e-04
1.753000e-02	1.796801e-04
1.754000e-02	1.798087e-04
1.755000e-02	1.799372e-04
1.756000e-02	1.800658e-04
1.757000e-02	1.801943e-04
1.758000e-02	1.803228e-04
1.759000e-02	1.804514e-04
1.760000e-02	1.805799e-04
1.761000e-02	1.807085e-04
1.762000e-02	1.808370e-04
1.763000e-02	1.809655e-04
1.764000e-02	1.810941e-04
1.765000e-02	1.812226e-04
1.766000e-02	1.813511e-04
1.767000e-02	1.814797e-04
1.768000e-02	1.816082e-04
1.769000e-02	1.817368e-04
1.770000e-02	1.818653e-04
1.771000e-02	1.819938e-04
1.772000e-02	1.821224e-04
1.773000e-02	1.822509e-04
1.774000e-02	1.823795e-04
1.775000e-02	1.825080e-04
1.776000e-02	1.826365e-04
1.777000e-02	1.827651e-04
1.778000e-02	1.828936e-04
1.779000e-02	1.830222e-04
1.780000e-02	1.831507e-04
1.781000e-02	1.832792e-04
1.782000e-02	1.834078e-04
1.783000e-02	1.835363e-04
1.784000e-02	1.836649e-04
1.785000e-02	1.837934e-04
1.786000e-02	1.839219e-04
1.787000e-02	1.840505e-04
1.788000e-02	1.841790e-04
1.789000e-02	1.843075e-04
1.790000e-02	1.844361e-04
1.791000e-02	1.845646e-04
1.792000e-02	1.846932e-04
1.793000e-02	1.848217e-04
1.794000e-02	1.849502e-04
1.795000e-02	1.850788e-04
1.796000e-02	1.852073e-04
1.797000e-02	1.853359e-04
1.798000e-02	1.854644e-04
1.799000e-02	1.855929e-04
1.800000e-02	1.857215e-04
1.801000e-02	1.858500e-04
1.802000e-02	1.859786e-04
1.803000e-02	1.861071e-04
1.804000e-02	1.862356e-04
1.805000e-02	1.863642e-04
1.806000e-02	1.864927e-04
1.807000e-02	1.866212e-04
1.808000e-02	1.867498e-04
1.809000e-02	1.868783e-04
1.810000e-02	1.870069e-04
1.811000e-02	1.871354e-04
1.812000e-02	1.872639e-04
1.813000e-02	1.873925e-04
1.814000e-02	1.875210e-04
1.815000e-02	1.876496e-04
1.816000e-02	1.877781e-04
1.817000e-02	1.879066e-04
1.818000e-02	1.880352e-04
1.819000e-02	1.881637e-04
1.820000e-02	1.882923e-04
1.821000e-02	1.884208e-04
1.822000e-02	1.885493e-04
1.823000e-02	1.886779e-04
1.824000e-02	1.888064e-04
1.825000e-02	1.889350e-04
1.826000e-02	1.890635e-04
1.827000e-02	1.891920e-04
1.828000e-02	1.893206e-04
1.829000e-02	1.894491e-04
1.830000e-02	1.895776e-04
1.831000e-02	1.897062e-04
1.832000e-02	1.898347e-04
1.833000e-02	1.899633e-04
1.834000e-02	1.900918e-04
1.835000e-02	1.902203e-04
1.836000e-02	1.903489e-04
1.837000e-02	1.904774e-04
1.838000e-02	1.906060e-04
1.839000e-02	1.907345e-04
1.840000e-02	1.908630e-04
1.841000e-02	1.909916e-04
1.842000e-02	1.911201e-04
1.843000e-02	1.912487e-04
1.844000e-02	1.913772e-04
1.845000e-02	1.915057e-04
1.846000e-02	1.916343e-04
1.847000e-02	1.917628e-04
1.848000e-02	1.918914e-04
1.849000e-02	1.920199e-04
1.850000e-02	1.921484e-04
1.851000e-02	1.922770e-04
1.852000e-02	1.924055e-04
1.853000e-02	1.925340e-04
1.854000e-02	1.926626e-04
1.855000e-02	1.927911e-04
1.856000e-02	1.929197e-04
1.857000e-02	1.930482e-04
1.858000e-02	1.931767e-04
1.859000e-02	1.933053e-04
1.860000e-02	1.934338e-04
1.861000e-02	1.935624e-04
1.862000e-02	1.936909e-04
1.863000e-02	1.938194e-04
1.864000e-02	1.939480e-04
1.865000e-02	1.940765e-04
1.866000e-02	1.942051e-04
1.867000e-02	1.943336e-04
1.868000e-02	1.944621e-04
1.869000e-02	1.945907e-04
1.870000e-02	1.947192e-04
1.871000e-02	1.948477e-04
1.872000e-02	1.949763e-04
1.873000e-02	1.951048e-04
1.874000e-02	1.952334e-04
1.875000e-02	1.953619e-04
1.876000e-02	1.954904e-04
1.877000e-02	1.956190e-04
1.878000e-02	1.957475e-04
1.879000e-02	1.958761e-04
1.880000e-02	1.960046e-04
1.881000e-02	1.961331e-04
1.882000e-02	1.962617e-04
1.883000e-02	1.963902e-04
1.884000e-02	1.965188e-04
1.885000e-02	1.966473e-04
1.886000e-02	1.967758e-04
1.887000e-02	1.969044e-04
1.888000e-02	1.970329e-04
1.889000e-02	1.971615e-04
1.890000e-02	1.972900e-04
1.891000e-02	1.974185e-04
1.892000e-02	1.975471e-04
1.893000e-02	1.976756e-04
1.894000e-02	1.978041e-04
1.895000e-02	1.979327e-04
1.896000e-02	1.980612e-04
1.897000e-02	1.981898e-04
1.898000e-02	1.983183e-04
1.899000e-02	1.984468e-04
1.900000e-02	1.985754e-04
1.901000e-02	1.987039e-04
1.902000e-02	1.988325e-04
1.903000e-02	1.989610e-04
1.904000e-02	1.990895e-04
1.905000e-02	1.992181e-04
1.906000e-02	1.993466e-04
1.907000e-02	1.994752e-04
1.908000e-02	1.996037e-04
1.909000e-02	1.997322e-04
1.910000e-02	1.998608e-04
1.911000e-02	1.999893e-04
1.912000e-02	2.001179e-04
1.913000e-02	2.002464e-04
1.914000e-02	2.003749e-04
1.915000e-02	2.005035e-04
1.916000e-02	2.006320e-04
1.917000e-02	2.007605e-04
1.918000e-02	2.008891e-04
1.919000e-02	2.010176e-04
1.920000e-02	2.011462e-04
1.921000e-02	2.012747e-04
1.922000e-02	2.014032e-04
1.923000e-02	2.015318e-04
1.924000e-02	2.016603e-04
1.925000e-02	2.017889e-04
1.926000e-02	2.019174e-04
1.927000e-02	2.020459e-04
1.928000e-02	2.021745e-04
1.929000e-02	2.023030e-04
1.930000e-02	2.024316e-04
1.931000e-02	2.025601e-04
1.932000e-02	2.026886e-04
1.933000e-02	2.028172e-04
1.934000e-02	2.029457e-04
1.935000e-02	2.030742e-04
1.936000e-02	2.032028e-04
1.937000e-02	2.033313e-04
1.938000e-02	2.034599e-04
1.939000e-02	2.035884e-04
1.940000e-02	2.037169e-04
1.941000e-02	2.038455e-04
1.942000e-02	2.039740e-04
1.943000e-02	2.041026e-04
1.944000e-02	2.042311e-04
1.945000e-02	2.043596e-04
1.946000e-02	2.044882e-04
1.947000e-02	2.046167e-04
1.948000e-02	2.047453e-04
1.949000e-02	2.048738e-04
1.950000e-02	2.050023e-04
1.951000e-02	2.051309e-04
1.952000e-02	2.052594e-04
1.953000e-02	2.053880e-04
1.954000e-02	2.055165e-04
1.955000e-02	2.056450e-04
1.956000e-02	2.057736e-04
1.957000e-02	2.059021e-04
1.958000e-02	2.060306e-04
1.959000e-02	2.061592e-04
1.960000e-02	2.062877e-04
1.961000e-02	2.064163e-04
1.962000e-02	2.065448e-04
1.963000e-02	2.066733e-04
1.964000e-02	2.068019e-04
1.965000e-02	2.069304e-04
1.966000e-02	2.070590e-04
1.967000e-02	2.071875e-04
1.968000e-02	2.073160e-04
1.969000e-02	2.074446e-04
1.970000e-02	2.075731e-04
1.971000e-02	2.077017e-04
1.972000e-02	2.078302e-04
1.973000e-02	2.079587e-04
1.974000e-02	2.080873e-04
1.975000e-02	2.082158e-04
1.976000e-02	2.083444e-04
1.977000e-02	2.084729e-04
1.978000e-02	2.086014e-04
1.979000e-02	2.087300e-04
1.980000e-02	2.088585e-04
1.981000e-02	2.089870e-04
1.982000e-02	2.091156e-04
1.983000e-02	2.092441e-04
1.984000e-02	2.093727e-04
1.985000e-02	2.095012e-04
1.986000e-02	2.096297e-04
1.987000e-02	2.097583e-04
1.988000e-02	2.098868e-04
1.989000e-02	2.100154e-04
1.990000e-02	2.101439e-04
1.991000e-02	2.102724e-04
1.992000e-02	2.104010e-04
1.993000e-02	2.105295e-04
1.994000e-02	2.106581e-04
1.995000e-02	2.107866e-04
1.996000e-02	2.109151e-04
1.997000e-02	2.110437e-04
1.998000e-02	2.111722e-04
1.999000e-02	2.113008e-04
2.000000e-02	2.114293e-04
2.001000e-02	2.115578e-04
2.002000e-02	2.116864e-04
2.003000e-02	2.118149e-04
2.004000e-02	2.119434e-04
2.005000e-02	2.120720e-04
2.006000e-02	2.122005e-04
2.007000e-02	2.123291e-04
2.008000e-02	2.124576e-04
2.009000e-02	2.125861e-04
2.010000e-02	2.127147e-04
2.011000e-02	2.128432e-04
2.012000e-02	2.129718e-04
2.013000e-02	2.131003e-04
2.014000e-02	2.132288e-04
2.015000e-02	2.133574e-04
2.016000e-02	2.134859e-04
2.017000e-02	2.136145e-04
2.018000e-02	2.137430e-04
2.019000e-02	2.138715e-04
2.020000e-02	2.140001e-04
2.021000e-02	2.141286e-04
2.022000e-02	2.142571e-04
2.023000e-02	2.143857e-04
2.024000e-02	2.145142e-04
2.025000e-02	2.146428e-04
2.026000e-02	2.147713e-04
2.027000e-02	2.148998e-04
2.028000e-02	2.150284e-04
2.029000e-02	2.151569e-04
2.030000e-02	2.152855e-04
2.031000e-02	2.154140e-04
2.032000e-02	2.155425e-04
2.033000e-02	2.156711e-04
2.034000e-02	2.157996e-04
2.035000e-02	2.159282e-04
2.036000e-02	2.160567e-04
2.037000e-02	2.161852e-04
2.038000e-02	2.163138e-04
2.039000e-02	2.164423e-04
2.040000e-02	2.165709e-04
2.041000e-02	2.166994e-04
2.042000e-02	2.168279e-04
2.043000e-02	2.169565e-04
2.044000e-02	2.170850e-04
2.045000e-02	2.172135e-04
2.046000e-02	2.173421e-04
2.047000e-02	2.174706e-04
2.048000e-02	2.175992e-04
2.049000e-02	2.177277e-04
2.050000e-02	2.178562e-04
2.051000e-02	2.179848e-04
2.052000e-02	2.181133e-04
2.053000e-02	2.182419e-04
2.054000e-02	2.183704e-04
2.055000e-02	2.184989e-04
2.056000e-02	2.186275e-04
2.057000e-02	2.187560e-04
2.058000e-02	2.188846e-04
2.059000e-02	2.190131e-04
2.060000e-02	2.191416e-04
2.061000e-02	2.192702e-04
2.062000e-02	2.193987e-04
2.063000e-02	2.195273e-04
2.064000e-02	2.196558e-04
2.065000e-02	2.197843e-04
2.066000e-02	2.199129e-04
2.067000e-02	2.200414e-04
2.068000e-02	2.201699e-04
2.069000e-02	2.202985e-04
2.070000e-02	2.204270e-04
2.071000e-02	2.205556e-04
2.072000e-02	2.206841e-04
2.073000e-02	2.208126e-04
2.074000e-02	2.209412e-04
2.075000e-02	2.210697e-04
2.076000e-02	2.211983e-04
2.077000e-02	2.213268e-04
2.078000e-02	2.214553e-04
2.079000e-02	2.215839e-04
2.080000e-02	2.217124e-04
2.081000e-02	2.218410e-04
2.082000e-02	2.219695e-04
2.083000e-02	2.220980e-04
2.084000e-02	2.222266e-04
2.085000e-02	2.223551e-04
2.086000e-02	2.224836e-04
2.087000e-02	2.226122e-04
2.088000e-02	2.227407e-04
2.089000e-02	2.228693e-04
2.090000e-02	2.229978e-04
2.091000e-02	2.231263e-04
2.092000e-02	2.232549e-04
2.093000e-02	2.233834e-04
2.094000e-02	2.235120e-04
2.095000e-02	2.236405e-04
2.096000e-02	2.237690e-04
2.097000e-02	2.238976e-04
2.098000e-02	2.240261e-04
2.099000e-02	2.241547e-04
2.100000e-02	2.242832e-04
2.101000e-02	2.244244e-04
2.102000e-02	2.245657e-04
2.103000e-02	2.247069e-04
2.104000e-02	2.248481e-04
2.105000e-02	2.249894e-04
2.106000e-02	2.251306e-04
2.107000e-02	2.252719e-04
2.108000e-02	2.254131e-04
2.109000e-02	2.255543e-04
2.110000e-02	2.256956e-04
2.111000e-02	2.258368e-04
2.112000e-02	2.259780e-04
2.113000e-02	2.261193e-04
2.114000e-02	2.262605e-04
2.115000e-02	2.264018e-04
2.116000e-02	2.265430e-04
2.117000e-02	2.266842e-04
2.118000e-02	2.268255e-04
2.119000e-02	2.269667e-04
2.120000e-02	2.271079e-04
2.121000e-02	2.272492e-04
2.122000e-02	2.273904e-04
2.123000e-02	2.275317e-04
2.124000e-02	2.276729e-04
2.125000e-02	2.278141e-04
2.126000e-02	2.279554e-04
2.127000e-02	2.280966e-04
2.128000e-02	2.282379e-04
2.129000e-02	2.283791e-04
2.130000e-02	2.285203e-04
2.131000e-02	2.286616e-04
2.132000e-02	2.288028e-04
2.133000e-02	2.289440e-04
2.134000e-02	2.290853e-04
2.135000e-02	2.292265e-04
2.136000e-02	2.293678e-04
2.137000e-02	2.295090e-04
2.138000e-02	2.296502e-04
2.139000e-02	2.297915e-04
2.140000e-02	2.299327e-04
2.141000e-02	2.300739e-04
2.142000e-02	2.302152e-04
2.143000e-02	2.303564e-04
2.144000e-02	2.304977e-04
2.145000e-02	2.306389e-04
2.146000e-02	2.307801e-04
2.147000e-02	2.309214e-04
2.148000e-02	2.310626e-04
2.149000e-02	2.312038e-04
2.150000e-02	2.313451e-04
2.151000e-02	2.314863e-04
2.152000e-02	2.316276e-04
2.153000e-02	2.317688e-04
2.154000e-02	2.319100e-04
2.155000e-02	2.320513e-04
2.156000e-02	2.321925e-04
2.157000e-02	2.323337e-04
2.158000e-02	2.324750e-04
2.159000e-02	2.326162e-04
2.160000e-02	2.327575e-04
2.161000e-02	2.328987e-04
2.162000e-02	2.330399e-04
2.163000e-02	2.331812e-04
2.164000e-02	2.333224e-04
2.165000e-02	2.334636e-04
2.166000e-02	2.336049e-04
2.167000e-02	2.337461e-04
2.168000e-02	2.338874e-04
2.169000e-02	2.340286e-04
2.170000e-02	2.341698e-04
2.171000e-02	2.343111e-04
2.172000e-02	2.344523e-04
2.173000e-02	2.345935e-04
2.174000e-02	2.347348e-04
2.175000e-02	2.348760e-04
2.176000e-02	2.350173e-04
2.177000e-02	2.351585e-04
2.178000e-02	2.352997e-04
2.179000e-02	2.354410e-04
2.180000e-02	2.355822e-04
2.181000e-02	2.357234e-04
2.182000e-02	2.358647e-04
2.183000e-02	2.360059e-04
2.184000e-02	2.361472e-04
2.185000e-02	2.362884e-04
2.186000e-02	2.364296e-04
2.187000e-02	2.365709e-04
2.188000e-02	2.367121e-04
2.189000e-02	2.368533e-04
2.190000e-02	2.369946e-04
2.191000e-02	2.371358e-04
2.192000e-02	2.372771e-04
2.193000e-02	2.374183e-04
2.194000e-02	2.375595e-04
2.195000e-02	2.377008e-04
2.196000e-02	2.378420e-04
2.197000e-02	2.379832e-04
2.198000e-02	2.381245e-04
2.199000e-02	2.382657e-04
2.200000e-02	2.384070e-04
2.201000e-02	2.385487e-04
2.202000e-02	2.386904e-04
2.203000e-02	2.388322e-04
2.204000e-02	2.389739e-04
2.205000e-02	2.391157e-04
2.206000e-02	2.392574e-04
2.207000e-02	2.393991e-04
2.208000e-02	2.395409e-04
2.209000e-02	2.396826e-04
2.210000e-02	2.398244e-04
2.211000e-02	2.399661e-04
2.212000e-02	2.401078e-04
2.213000e-02	2.402496e-04
2.214000e-02	2.403913e-04
2.215000e-02	2.405331e-04
2.216000e-02	2.406748e-04
2.217000e-02	2.408166e-04
2.218000e-02	2.409583e-04
2.219000e-02	2.411000e-04
2.220000e-02	2.412418e-04
2.221000e-02	2.413835e-04
2.222000e-02	2.415253e-04
2.223000e-02	2.416670e-04
2.224000e-02	2.418087e-04
2.225000e-02	2.419505e-04
2.226000e-02	2.420922e-04
2.227000e-02	2.422340e-04
2.228000e-02	2.423757e-04
2.229000e-02	2.425174e-04
2.230000e-02	2.426592e-04
2.231000e-02	2.428009e-04
2.232000e-02	2.429427e-04
2.233000e-02	2.430844e-04
2.234000e-02	2.432261e-04
2.235000e-02	2.433679e-04
2.236000e-02	2.435096e-04
2.237000e-02	2.436514e-04
2.238000e-02	2.437931e-04
2.239000e-02	2.439348e-04
2.240000e-02	2.440766e-04
2.241000e-02	2.442183e-04
2.242000e-02	2.443601e-04
2.243000e-02	2.445018e-04
2.244000e-02	2.446435e-04
2.245000e-02	2.447853e-04
2.246000e-02	2.449270e-04
2.247000e-02	2.450688e-04
2.248000e-02	2.452105e-04
2.249000e-02	2.453522e-04
2.250000e-02	2.454940e-04
2.251000e-02	2.456357e-04
2.252000e-02	2.457775e-04
2.253000e-02	2.459192e-04
2.254000e-02	2.460609e-04
2.255000e-02	2.462027e-04
2.256000e-02	2.463444e-04
2.257000e-02	2.464862e-04
2.258000e-02	2.466279e-04
2.259000e-02	2.467697e-04
2.260000e-02	2.469114e-04
2.261000e-02	2.470531e-04
2.262000e-02	2.471949e-04
2.263000e-02	2.473366e-04
2.264000e-02	2.474784e-04
2.265000e-02	2.476201e-04
2.266000e-02	2.477618e-04
2.267000e-02	2.479036e-04
2.268000e-02	2.480453e-04
2.269000e-02	2.481871e-04
2.270000e-02	2.483288e-04
2.271000e-02	2.484705e-04
2.272000e-02	2.486123e-04
2.273000e-02	2.487540e-04
2.274000e-02	2.488958e-04
2.275000e-02	2.490375e-04
2.276000e-02	2.491792e-04
2.277000e-02	2.493210e-04
2.278000e-02	2.494627e-04
2.279000e-02	2.496045e-04
2.280000e-02	2.497462e-04
2.281000e-02	2.498879e-04
2.282000e-02	2.500297e-04
2.283000e-02	2.501714e-04
2.284000e-02	2.503132e-04
2.285000e-02	2.504549e-04
2.286000e-02	2.505966e-04
2.287000e-02	2.507384e-04
2.288000e-02	2.508801e-04
2.289000e-02	2.510219e-04
2.290000e-02	2.511636e-04
2.291000e-02	2.513053e-04
2.292000e-02	2.514471e-04
2.293000e-02	2.515888e-04
2.294000e-02	2.517306e-04
2.295000e-02	2.518723e-04
2.296000e-02	2.520141e-04
2.297000e-02	2.521558e-04
2.298000e-02	2.522975e-04
2.299000e-02	2.524393e-04
2.300000e-02	2.525810e-04
2.301000e-02	2.527232e-04
2.302000e-02	2.528653e-04
2.303000e-02	2.530075e-04
2.304000e-02	2.531497e-04
2.305000e-02	2.532918e-04
2.306000e-02	2.534340e-04
2.307000e-02	2.535762e-04
2.308000e-02	2.537183e-04
2.309000e-02	2.538605e-04
2.310000e-02	2.540026e-04
2.311000e-02	2.541448e-04
2.312000e-02	2.542870e-04
2.313000e-02	2.544291e-04
2.314000e-02	2.545713e-04
2.315000e-02	2.547135e-04
2.316000e-02	2.548556e-04
2.317000e-02	2.549978e-04
2.318000e-02	2.551400e-04
2.319000e-02	2.552821e-04
2.320000e-02	2.554243e-04
2.321000e-02	2.555664e-04
2.322000e-02	2.557086e-04
2.323000e-02	2.558508e-04
2.324000e-02	2.559929e-04
2.325000e-02	2.561351e-04
2.326000e-02	2.562773e-04
2.327000e-02	2.564194e-04
2.328000e-02	2.565616e-04
2.329000e-02	2.567037e-04
2.330000e-02	2.568459e-04
2.331000e-02	2.569881e-04
2.332000e-02	2.571302e-04
2.333000e-02	2.572724e-04
2.334000e-02	2.574146e-04
2.335000e-02	2.575567e-04
2.336000e-02	2.576989e-04
2.337000e-02	2.578411e-04
2.338000e-02	2.579832e-04
2.339000e-02	2.581254e-04
2.340000e-02	2.582675e-04
2.341000e-02	2.584097e-04
2.342000e-02	2.585519e-04
2.343000e-02	2.586940e-04
2.344000e-02	2.588362e-04
2.345000e-02	2.589784e-04
2.346000e-02	2.591205e-04
2.347000e-02	2.592627e-04
2.348000e-02	2.594048e-04
2.349000e-02	2.595470e-04
2.350000e-02	2.596892e-04
2.351000e-02	2.598313e-04
2.352000e-02	2.599735e-04
2.353000e-02	2.601157e-04
2.354000e-02	2.602578e-04
2.355000e-02	2.604000e-04
2.356000e-02	2.605422e-04
2.357000e-02	2.606843e-04
2.358000e-02	2.608265e-04
2.359000e-02	2.609686e-04
2.360000e-02	2.611108e-04
2.361000e-02	2.612530e-04
2.362000e-02	2.613951e-04
2.363000e-02	2.615373e-04
2.364000e-02	2.616795e-04
2.365000e-02	2.618216e-04
2.366000e-02	2.619638e-04
2.367000e-02	2.621059e-04
2.368000e-02	2.622481e-04
2.369000e-02	2.623903e-04
2.370000e-02	2.625324e-04
2.371000e-02	2.626746e-04
2.372000e-02	2.628168e-04
2.373000e-02	2.629589e-04
2.374000e-02	2.631011e-04
2.375000e-02	2.632433e-04
2.376000e-02	2.633854e-04
2.377000e-02	2.635276e-04
2.378000e-02	2.636697e-04
2.379000e-02	2.638119e-04
2.380000e-02	2.639541e-04
2.381000e-02	2.640962e-04
2.382000e-02	2.642384e-04
2.383000e-02	2.643806e-04
2.384000e-02	2.645227e-04
2.385000e-02	2.646649e-04
2.386000e-02	2.648070e-04
2.387000e-02	2.649492e-04
2.388000e-02	2.650914e-04
2.389000e-02	2.652335e-04
2.390000e-02	2.653757e-04
2.391000e-02	2.655179e-04
2.392000e-02	2.656600e-04
2.393000e-02	2.658022e-04
2.394000e-02	2.659444e-04
2.395000e-02	2.660865e-04
2.396000e-02	2.662287e-04
2.397000e-02	2.663708e-04
2.398000e-02	2.665130e-04
2.399000e-02	2.666552e-04
2.400000e-02	2.667973e-04
2.401000e-02	2.669399e-04
2.402000e-02	2.670824e-04
2.403000e-02	2.672249e-04
2.404000e-02	2.673674e-04
2.405000e-02	2.675099e-04
2.406000e-02	2.676525e-04
2.407000e-02	2.677950e-04
2.408000e-02	2.679375e-04
2.409000e-02	2.680800e-04
2.410000e-02	2.682226e-04
2.411000e-02	2.683651e-04
2.412000e-02	2.685076e-04
2.413000e-02	2.686501e-04
2.414000e-02	2.687926e-04
2.415000e-02	2.689352e-04
2.416000e-02	2.690777e-04
2.417000e-02	2.692202e-04
2.418000e-02	2.693627e-04
2.419000e-02	2.695052e-04
2.420000e-02	2.696478e-04
2.421000e-02	2.697903e-04
2.422000e-02	2.699328e-04
2.423000e-02	2.700753e-04
2.424000e-02	2.702179e-04
2.425000e-02	2.703604e-04
2.426000e-02	2.705029e-04
2.427000e-02	2.706454e-04
2.428000e-02	2.707879e-04
2.429000e-02	2.709305e-04
2.430000e-02	2.710730e-04
2.431000e-02	2.712155e-04
2.432000e-02	2.713580e-04
2.433000e-02	2.715006e-04
2.434000e-02	2.716431e-04
2.435000e-02	2.717856e-04
2.436000e-02	2.719281e-04
2.437000e-02	2.720706e-04
2.438000e-02	2.722132e-04
2.439000e-02	2.723557e-04
2.440000e-02	2.724982e-04
2.441000e-02	2.726407e-04
2.442000e-02	2.727832e-04
2.443000e-02	2.729258e-04
2.444000e-02	2.730683e-04
2.445000e-02	2.732108e-04
2.446000e-02	2.733533e-04
2.447000e-02	2.734959e-04
2.448000e-02	2.736384e-04
2.449000e-02	2.737809e-04
2.450000e-02	2.739234e-04
2.451000e-02	2.740659e-04
2.452000e-02	2.742085e-04
2.453000e-02	2.743510e-04
2.454000e-02	2.744935e-04
2.455000e-02	2.746360e-04
2.456000e-02	2.747786e-04
2.457000e-02	2.749211e-04
2.458000e-02	2.750636e-04
2.459000e-02	2.752061e-04
2.460000e-02	2.753486e-04
2.461000e-02	2.754912e-04
2.462000e-02	2.756337e-04
2.463000e-02	2.757762e-04
2.464000e-02	2.759187e-04
2.465000e-02	2.760612e-04
2.466000e-02	2.762038e-04
2.467000e-02	2.763463e-04
2.468000e-02	2.764888e-04
2.469000e-02	2.766313e-04
2.470000e-02	2.767739e-04
2.471000e-02	2.769164e-04
2.472000e-02	2.770589e-04
2.473000e-02	2.772014e-04
2.474000e-02	2.773439e-04
2.475000e-02	2.774865e-04
2.476000e-02	2.776290e-04
2.477000e-02	2.777715e-04
2.478000e-02	2.779140e-04
2.479000e-02	2.780566e-04
2.480000e-02	2.781991e-04
2.481000e-02	2.783416e-04
2.482000e-02	2.784841e-04
2.483000e-02	2.786266e-04
2.484000e-02	2.787692e-04
2.485000e-02	2.789117e-04
2.486000e-02	2.790542e-04
2.487000e-02	2.791967e-04
2.488000e-02	2.793393e-04
2.489000e-02	2.794818e-04
2.490000e-02	2.796243e-04
2.491000e-02	2.797668e-04
2.492000e-02	2.799093e-04
2.493000e-02	2.800519e-04
2.494000e-02	2.801944e-04
2.495000e-02	2.803369e-04
2.496000e-02	2.804794e-04
2.497000e-02	2.806219e-04
2.498000e-02	2.807645e-04
2.499000e-02	2.809070e-04
