z1_new_m	d1_new_long_m
-9.000000e-03	2.262082e-04
-8.990000e-03	2.260764e-04
-8.980000e-03	2.259446e-04
-8.970000e-03	2.258128e-04
-8.960000e-03	2.256810e-04
-8.950000e-03	2.255491e-04
-8.940000e-03	2.254173e-04
-8.930000e-03	2.252855e-04
-8.920000e-03	2.251537e-04
-8.910000e-03	2.250219e-04
-8.900000e-03	2.248901e-04
-8.890000e-03	2.247583e-04
-8.880000e-03	2.246264e-04
-8.870000e-03	2.244946e-04
-8.860000e-03	2.243628e-04
-8.850000e-03	2.242310e-04
-8.840000e-03	2.240992e-04
-8.830000e-03	2.239674e-04
-8.820000e-03	2.238356e-04
-8.810000e-03	2.237037e-04
-8.800000e-03	2.235719e-04
-8.790000e-03	2.234401e-04
-8.780000e-03	2.233083e-04
-8.770000e-03	2.231765e-04
-8.760000e-03	2.230447e-04
-8.750000e-03	2.229129e-04
-8.740000e-03	2.227810e-04
-8.730000e-03	2.226492e-04
-8.720000e-03	2.225174e-04
-8.710000e-03	2.223856e-04
-8.700000e-03	2.222538e-04
-8.690000e-03	2.221220e-04
-8.680000e-03	2.219902e-04
-8.670000e-03	2.218583e-04
-8.660000e-03	2.217265e-04
-8.650000e-03	2.215947e-04
-8.640000e-03	2.214629e-04
-8.630000e-03	2.213311e-04
-8.620000e-03	2.211993e-04
-8.610000e-03	2.210674e-04
-8.600000e-03	2.209356e-04
-8.590000e-03	2.208038e-04
-8.580000e-03	2.206720e-04
-8.570000e-03	2.205402e-04
-8.560000e-03	2.204084e-04
-8.550000e-03	2.202766e-04
-8.540000e-03	2.201447e-04
-8.530000e-03	2.200129e-04
-8.520000e-03	2.198811e-04
-8.510000e-03	2.197493e-04
-8.500000e-03	2.196175e-04
-8.490000e-03	2.194857e-04
-8.480000e-03	2.193539e-04
-8.470000e-03	2.192220e-04
-8.460000e-03	2.190902e-04
-8.450000e-03	2.189584e-04
-8.440000e-03	2.188266e-04
-8.430000e-03	2.186948e-04
-8.420000e-03	2.185630e-04
-8.410000e-03	2.184312e-04
-8.400000e-03	2.182993e-04
-8.390000e-03	2.181675e-04
-8.380000e-03	2.180357e-04
-8.370000e-03	2.179039e-04
-8.360000e-03	2.177721e-04
-8.350000e-03	2.176403e-04
-8.340000e-03	2.175085e-04
-8.330000e-03	2.173766e-04
-8.320000e-03	2.172448e-04
-8.310000e-03	2.171130e-04
-8.300000e-03	2.169812e-04
-8.290000e-03	2.168494e-04
-8.280000e-03	2.167176e-04
-8.270000e-03	2.165858e-04
-8.260000e-03	2.164539e-04
-8.250000e-03	2.163221e-04
-8.240000e-03	2.161903e-04
-8.230000e-03	2.160585e-04
-8.220000e-03	2.159267e-04
-8.210000e-03	2.157949e-04
-8.200000e-03	2.156631e-04
-8.190000e-03	2.155312e-04
-8.180000e-03	2.153994e-04
-8.170000e-03	2.152676e-04
-8.160000e-03	2.151358e-04
-8.150000e-03	2.150040e-04
-8.140000e-03	2.148722e-04
-8.130000e-03	2.147404e-04
-8.120000e-03	2.146085e-04
-8.110000e-03	2.144767e-04
-8.100000e-03	2.143449e-04
-8.090000e-03	2.142131e-04
-8.080000e-03	2.140813e-04
-8.070000e-03	2.139495e-04
-8.060000e-03	2.138177e-04
-8.050000e-03	2.136858e-04
-8.040000e-03	2.135540e-04
-8.030000e-03	2.134222e-04
-8.020000e-03	2.132904e-04
-8.010000e-03	2.131586e-04
-8.000000e-03	2.130268e-04
-7.990000e-03	2.128956e-04
-7.980000e-03	2.127645e-04
-7.970000e-03	2.126334e-04
-7.960000e-03	2.125022e-04
-7.950000e-03	2.123711e-04
-7.940000e-03	2.122399e-04
-7.930000e-03	2.121088e-04
-7.920000e-03	2.119777e-04
-7.910000e-03	2.118465e-04
-7.900000e-03	2.117154e-04
-7.890000e-03	2.115843e-04
-7.880000e-03	2.114531e-04
-7.870000e-03	2.113220e-04
-7.860000e-03	2.111908e-04
-7.850000e-03	2.110597e-04
-7.840000e-03	2.109286e-04
-7.830000e-03	2.107974e-04
-7.820000e-03	2.106663e-04
-7.810000e-03	2.105351e-04
-7.800000e-03	2.104040e-04
-7.790000e-03	2.102729e-04
-7.780000e-03	2.101417e-04
-7.770000e-03	2.100106e-04
-7.760000e-03	2.098795e-04
-7.750000e-03	2.097483e-04
-7.740000e-03	2.096172e-04
-7.730000e-03	2.094860e-04
-7.720000e-03	2.093549e-04
-7.710000e-03	2.092238e-04
-7.700000e-03	2.090926e-04
-7.690000e-03	2.089615e-04
-7.680000e-03	2.088304e-04
-7.670000e-03	2.086992e-04
-7.660000e-03	2.085681e-04
-7.650000e-03	2.084369e-04
-7.640000e-03	2.083058e-04
-7.630000e-03	2.081747e-04
-7.620000e-03	2.080435e-04
-7.610000e-03	2.079124e-04
-7.600000e-03	2.077813e-04
-7.590000e-03	2.076501e-04
-7.580000e-03	2.075190e-04
-7.570000e-03	2.073878e-04
-7.560000e-03	2.072567e-04
-7.550000e-03	2.071256e-04
-7.540000e-03	2.069944e-04
-7.530000e-03	2.068633e-04
-7.520000e-03	2.067322e-04
-7.510000e-03	2.066010e-04
-7.500000e-03	2.064699e-04
-7.490000e-03	2.063387e-04
-7.480000e-03	2.062076e-04
-7.470000e-03	2.060765e-04
-7.460000e-03	2.059453e-04
-7.450000e-03	2.058142e-04
-7.440000e-03	2.056830e-04
-7.430000e-03	2.055519e-04
-7.420000e-03	2.054208e-04
-7.410000e-03	2.052896e-04
-7.400000e-03	2.051585e-04
-7.390000e-03	2.050274e-04
-7.380000e-03	2.048962e-04
-7.370000e-03	2.047651e-04
-7.360000e-03	2.046339e-04
-7.350000e-03	2.045028e-04
-7.340000e-03	2.043717e-04
-7.330000e-03	2.042405e-04
-7.320000e-03	2.041094e-04
-7.310000e-03	2.039783e-04
-7.300000e-03	2.038471e-04
-7.290000e-03	2.037160e-04
-7.280000e-03	2.035848e-04
-7.270000e-03	2.034537e-04
-7.260000e-03	2.033226e-04
-7.250000e-03	2.031914e-04
-7.240000e-03	2.030603e-04
-7.230000e-03	2.029292e-04
-7.220000e-03	2.027980e-04
-7.210000e-03	2.026669e-04
-7.200000e-03	2.025357e-04
-7.190000e-03	2.024046e-04
-7.180000e-03	2.022735e-04
-7.170000e-03	2.021423e-04
-7.160000e-03	2.020112e-04
-7.150000e-03	2.018801e-04
-7.140000e-03	2.017489e-04
-7.130000e-03	2.016178e-04
-7.120000e-03	2.014866e-04
-7.110000e-03	2.013555e-04
-7.100000e-03	2.012244e-04
-7.090000e-03	2.010932e-04
-7.080000e-03	2.009621e-04
-7.070000e-03	2.008310e-04
-7.060000e-03	2.006998e-04
-7.050000e-03	2.005687e-04
-7.040000e-03	2.004375e-04
-7.030000e-03	2.003064e-04
-7.020000e-03	2.001753e-04
-7.010000e-03	2.000441e-04
-7.000000e-03	1.999130e-04
-6.990000e-03	1.997827e-04
-6.980000e-03	1.996523e-04
-6.970000e-03	1.995220e-04
-6.960000e-03	1.993917e-04
-6.950000e-03	1.992614e-04
-6.940000e-03	1.991311e-04
-6.930000e-03	1.990008e-04
-6.920000e-03	1.988704e-04
-6.910000e-03	1.987401e-04
-6.900000e-03	1.986098e-04
-6.890000e-03	1.984795e-04
-6.880000e-03	1.983492e-04
-6.870000e-03	1.982188e-04
-6.860000e-03	1.980885e-04
-6.850000e-03	1.979582e-04
-6.840000e-03	1.978279e-04
-6.830000e-03	1.976976e-04
-6.820000e-03	1.975673e-04
-6.810000e-03	1.974369e-04
-6.800000e-03	1.973066e-04
-6.790000e-03	1.971763e-04
-6.780000e-03	1.970460e-04
-6.770000e-03	1.969157e-04
-6.760000e-03	1.967853e-04
-6.750000e-03	1.966550e-04
-6.740000e-03	1.965247e-04
-6.730000e-03	1.963944e-04
-6.720000e-03	1.962641e-04
-6.710000e-03	1.961337e-04
-6.700000e-03	1.960034e-04
-6.690000e-03	1.958731e-04
-6.680000e-03	1.957428e-04
-6.670000e-03	1.956125e-04
-6.660000e-03	1.954822e-04
-6.650000e-03	1.953518e-04
-6.640000e-03	1.952215e-04
-6.630000e-03	1.950912e-04
-6.620000e-03	1.949609e-04
-6.610000e-03	1.948306e-04
-6.600000e-03	1.947002e-04
-6.590000e-03	1.945699e-04
-6.580000e-03	1.944396e-04
-6.570000e-03	1.943093e-04
-6.560000e-03	1.941790e-04
-6.550000e-03	1.940486e-04
-6.540000e-03	1.939183e-04
-6.530000e-03	1.937880e-04
-6.520000e-03	1.936577e-04
-6.510000e-03	1.935274e-04
-6.500000e-03	1.933971e-04
-6.490000e-03	1.932667e-04
-6.480000e-03	1.931364e-04
-6.470000e-03	1.930061e-04
-6.460000e-03	1.928758e-04
-6.450000e-03	1.927455e-04
-6.440000e-03	1.926151e-04
-6.430000e-03	1.924848e-04
-6.420000e-03	1.923545e-04
-6.410000e-03	1.922242e-04
-6.400000e-03	1.920939e-04
-6.390000e-03	1.919635e-04
-6.380000e-03	1.918332e-04
-6.370000e-03	1.917029e-04
-6.360000e-03	1.915726e-04
-6.350000e-03	1.914423e-04
-6.340000e-03	1.913120e-04
-6.330000e-03	1.911816e-04
-6.320000e-03	1.910513e-04
-6.310000e-03	1.909210e-04
-6.300000e-03	1.907907e-04
-6.290000e-03	1.906604e-04
-6.280000e-03	1.905300e-04
-6.270000e-03	1.903997e-04
-6.260000e-03	1.902694e-04
-6.250000e-03	1.901391e-04
-6.240000e-03	1.900088e-04
-6.230000e-03	1.898784e-04
-6.220000e-03	1.897481e-04
-6.210000e-03	1.896178e-04
-6.200000e-03	1.894875e-04
-6.190000e-03	1.893572e-04
-6.180000e-03	1.892269e-04
-6.170000e-03	1.890965e-04
-6.160000e-03	1.889662e-04
-6.150000e-03	1.888359e-04
-6.140000e-03	1.887056e-04
-6.130000e-03	1.885753e-04
-6.120000e-03	1.884449e-04
-6.110000e-03	1.883146e-04
-6.100000e-03	1.881843e-04
-6.090000e-03	1.880540e-04
-6.080000e-03	1.879237e-04
-6.070000e-03	1.877934e-04
-6.060000e-03	1.876630e-04
-6.050000e-03	1.875327e-04
-6.040000e-03	1.874024e-04
-6.030000e-03	1.872721e-04
-6.020000e-03	1.871418e-04
-6.010000e-03	1.870114e-04
-6.000000e-03	1.868811e-04
-5.990000e-03	1.867518e-04
-5.980000e-03	1.866225e-04
-5.970000e-03	1.864932e-04
-5.960000e-03	1.863639e-04
-5.950000e-03	1.862345e-04
-5.940000e-03	1.861052e-04
-5.930000e-03	1.859759e-04
-5.920000e-03	1.858466e-04
-5.910000e-03	1.857173e-04
-5.900000e-03	1.855880e-04
-5.890000e-03	1.854587e-04
-5.880000e-03	1.853293e-04
-5.870000e-03	1.852000e-04
-5.860000e-03	1.850707e-04
-5.850000e-03	1.849414e-04
-5.840000e-03	1.848121e-04
-5.830000e-03	1.846828e-04
-5.820000e-03	1.845534e-04
-5.810000e-03	1.844241e-04
-5.800000e-03	1.842948e-04
-5.790000e-03	1.841655e-04
-5.780000e-03	1.840362e-04
-5.770000e-03	1.839069e-04
-5.760000e-03	1.837776e-04
-5.750000e-03	1.836482e-04
-5.740000e-03	1.835189e-04
-5.730000e-03	1.833896e-04
-5.720000e-03	1.832603e-04
-5.710000e-03	1.831310e-04
-5.700000e-03	1.830017e-04
-5.690000e-03	1.828723e-04
-5.680000e-03	1.827430e-04
-5.670000e-03	1.826137e-04
-5.660000e-03	1.824844e-04
-5.650000e-03	1.823551e-04
-5.640000e-03	1.822258e-04
-5.630000e-03	1.820965e-04
-5.620000e-03	1.819671e-04
-5.610000e-03	1.818378e-04
-5.600000e-03	1.817085e-04
-5.590000e-03	1.815792e-04
-5.580000e-03	1.814499e-04
-5.570000e-03	1.813206e-04
-5.560000e-03	1.811912e-04
-5.550000e-03	1.810619e-04
-5.540000e-03	1.809326e-04
-5.530000e-03	1.808033e-04
-5.520000e-03	1.806740e-04
-5.510000e-03	1.805447e-04
-5.500000e-03	1.804153e-04
-5.490000e-03	1.802860e-04
-5.480000e-03	1.801567e-04
-5.470000e-03	1.800274e-04
-5.460000e-03	1.798981e-04
-5.450000e-03	1.797688e-04
-5.440000e-03	1.796395e-04
-5.430000e-03	1.795101e-04
-5.420000e-03	1.793808e-04
-5.410000e-03	1.792515e-04
-5.400000e-03	1.791222e-04
-5.390000e-03	1.789929e-04
-5.380000e-03	1.788636e-04
-5.370000e-03	1.787342e-04
-5.360000e-03	1.786049e-04
-5.350000e-03	1.784756e-04
-5.340000e-03	1.783463e-04
-5.330000e-03	1.782170e-04
-5.320000e-03	1.780877e-04
-5.310000e-03	1.779584e-04
-5.300000e-03	1.778290e-04
-5.290000e-03	1.776997e-04
-5.280000e-03	1.775704e-04
-5.270000e-03	1.774411e-04
-5.260000e-03	1.773118e-04
-5.250000e-03	1.771825e-04
-5.240000e-03	1.770531e-04
-5.230000e-03	1.769238e-04
-5.220000e-03	1.767945e-04
-5.210000e-03	1.766652e-04
-5.200000e-03	1.765359e-04
-5.190000e-03	1.764066e-04
-5.180000e-03	1.762773e-04
-5.170000e-03	1.761479e-04
-5.160000e-03	1.760186e-04
-5.150000e-03	1.758893e-04
-5.140000e-03	1.757600e-04
-5.130000e-03	1.756307e-04
-5.120000e-03	1.755014e-04
-5.110000e-03	1.753720e-04
-5.100000e-03	1.752427e-04
-5.090000e-03	1.751134e-04
-5.080000e-03	1.749841e-04
-5.070000e-03	1.748548e-04
-5.060000e-03	1.747255e-04
-5.050000e-03	1.745962e-04
-5.040000e-03	1.744668e-04
-5.030000e-03	1.743375e-04
-5.020000e-03	1.742082e-04
-5.010000e-03	1.740789e-04
-5.000000e-03	1.739496e-04
-4.990000e-03	1.738315e-04
-4.980000e-03	1.737134e-04
-4.970000e-03	1.735953e-04
-4.960000e-03	1.734773e-04
-4.950000e-03	1.733592e-04
-4.940000e-03	1.732411e-04
-4.930000e-03	1.731230e-04
-4.920000e-03	1.730049e-04
-4.910000e-03	1.728869e-04
-4.900000e-03	1.727688e-04
-4.890000e-03	1.726507e-04
-4.880000e-03	1.725326e-04
-4.870000e-03	1.724145e-04
-4.860000e-03	1.722964e-04
-4.850000e-03	1.721784e-04
-4.840000e-03	1.720603e-04
-4.830000e-03	1.719422e-04
-4.820000e-03	1.718241e-04
-4.810000e-03	1.717060e-04
-4.800000e-03	1.715880e-04
-4.790000e-03	1.714699e-04
-4.780000e-03	1.713518e-04
-4.770000e-03	1.712337e-04
-4.760000e-03	1.711156e-04
-4.750000e-03	1.709976e-04
-4.740000e-03	1.708795e-04
-4.730000e-03	1.707614e-04
-4.720000e-03	1.706433e-04
-4.710000e-03	1.705252e-04
-4.700000e-03	1.704072e-04
-4.690000e-03	1.702891e-04
-4.680000e-03	1.701710e-04
-4.670000e-03	1.700529e-04
-4.660000e-03	1.699348e-04
-4.650000e-03	1.698168e-04
-4.640000e-03	1.696987e-04
-4.630000e-03	1.695806e-04
-4.620000e-03	1.694625e-04
-4.610000e-03	1.693444e-04
-4.600000e-03	1.692264e-04
-4.590000e-03	1.691083e-04
-4.580000e-03	1.689902e-04
-4.570000e-03	1.688721e-04
-4.560000e-03	1.687540e-04
-4.550000e-03	1.686359e-04
-4.540000e-03	1.685179e-04
-4.530000e-03	1.683998e-04
-4.520000e-03	1.682817e-04
-4.510000e-03	1.681636e-04
-4.500000e-03	1.680455e-04
-4.490000e-03	1.679275e-04
-4.480000e-03	1.678094e-04
-4.470000e-03	1.676913e-04
-4.460000e-03	1.675732e-04
-4.450000e-03	1.674551e-04
-4.440000e-03	1.673371e-04
-4.430000e-03	1.672190e-04
-4.420000e-03	1.671009e-04
-4.410000e-03	1.669828e-04
-4.400000e-03	1.668647e-04
-4.390000e-03	1.667467e-04
-4.380000e-03	1.666286e-04
-4.370000e-03	1.665105e-04
-4.360000e-03	1.663924e-04
-4.350000e-03	1.662743e-04
-4.340000e-03	1.661563e-04
-4.330000e-03	1.660382e-04
-4.320000e-03	1.659201e-04
-4.310000e-03	1.658020e-04
-4.300000e-03	1.656839e-04
-4.290000e-03	1.655658e-04
-4.280000e-03	1.654478e-04
-4.270000e-03	1.653297e-04
-4.260000e-03	1.652116e-04
-4.250000e-03	1.650935e-04
-4.240000e-03	1.649754e-04
-4.230000e-03	1.648574e-04
-4.220000e-03	1.647393e-04
-4.210000e-03	1.646212e-04
-4.200000e-03	1.645031e-04
-4.190000e-03	1.643850e-04
-4.180000e-03	1.642670e-04
-4.170000e-03	1.641489e-04
-4.160000e-03	1.640308e-04
-4.150000e-03	1.639127e-04
-4.140000e-03	1.637946e-04
-4.130000e-03	1.636766e-04
-4.120000e-03	1.635585e-04
-4.110000e-03	1.634404e-04
-4.100000e-03	1.633223e-04
-4.090000e-03	1.632042e-04
-4.080000e-03	1.630862e-04
-4.070000e-03	1.629681e-04
-4.060000e-03	1.628500e-04
-4.050000e-03	1.627319e-04
-4.040000e-03	1.626138e-04
-4.030000e-03	1.624958e-04
-4.020000e-03	1.623777e-04
-4.010000e-03	1.622596e-04
-4.000000e-03	1.621415e-04
-3.990000e-03	1.620234e-04
-3.980000e-03	1.619053e-04
-3.970000e-03	1.617873e-04
-3.960000e-03	1.616692e-04
-3.950000e-03	1.615511e-04
-3.940000e-03	1.614330e-04
-3.930000e-03	1.613149e-04
-3.920000e-03	1.611969e-04
-3.910000e-03	1.610788e-04
-3.900000e-03	1.609607e-04
-3.890000e-03	1.608426e-04
-3.880000e-03	1.607245e-04
-3.870000e-03	1.606065e-04
-3.860000e-03	1.604884e-04
-3.850000e-03	1.603703e-04
-3.840000e-03	1.602522e-04
-3.830000e-03	1.601341e-04
-3.820000e-03	1.600161e-04
-3.810000e-03	1.598980e-04
-3.800000e-03	1.597799e-04
-3.790000e-03	1.596618e-04
-3.780000e-03	1.595437e-04
-3.770000e-03	1.594257e-04
-3.760000e-03	1.593076e-04
-3.750000e-03	1.591895e-04
-3.740000e-03	1.590714e-04
-3.730000e-03	1.589533e-04
-3.720000e-03	1.588352e-04
-3.710000e-03	1.587172e-04
-3.700000e-03	1.585991e-04
-3.690000e-03	1.584810e-04
-3.680000e-03	1.583629e-04
-3.670000e-03	1.582448e-04
-3.660000e-03	1.581268e-04
-3.650000e-03	1.580087e-04
-3.640000e-03	1.578906e-04
-3.630000e-03	1.577725e-04
-3.620000e-03	1.576544e-04
-3.610000e-03	1.575364e-04
-3.600000e-03	1.574183e-04
-3.590000e-03	1.573002e-04
-3.580000e-03	1.571821e-04
-3.570000e-03	1.570640e-04
-3.560000e-03	1.569460e-04
-3.550000e-03	1.568279e-04
-3.540000e-03	1.567098e-04
-3.530000e-03	1.565917e-04
-3.520000e-03	1.564736e-04
-3.510000e-03	1.563556e-04
-3.500000e-03	1.562375e-04
-3.490000e-03	1.561194e-04
-3.480000e-03	1.560013e-04
-3.470000e-03	1.558832e-04
-3.460000e-03	1.557652e-04
-3.450000e-03	1.556471e-04
-3.440000e-03	1.555290e-04
-3.430000e-03	1.554109e-04
-3.420000e-03	1.552928e-04
-3.410000e-03	1.551747e-04
-3.400000e-03	1.550567e-04
-3.390000e-03	1.549386e-04
-3.380000e-03	1.548205e-04
-3.370000e-03	1.547024e-04
-3.360000e-03	1.545843e-04
-3.350000e-03	1.544663e-04
-3.340000e-03	1.543482e-04
-3.330000e-03	1.542301e-04
-3.320000e-03	1.541120e-04
-3.310000e-03	1.539939e-04
-3.300000e-03	1.538759e-04
-3.290000e-03	1.537578e-04
-3.280000e-03	1.536397e-04
-3.270000e-03	1.535216e-04
-3.260000e-03	1.534035e-04
-3.250000e-03	1.532855e-04
-3.240000e-03	1.531674e-04
-3.230000e-03	1.530493e-04
-3.220000e-03	1.529312e-04
-3.210000e-03	1.528131e-04
-3.200000e-03	1.526951e-04
-3.190000e-03	1.525770e-04
-3.180000e-03	1.524589e-04
-3.170000e-03	1.523408e-04
-3.160000e-03	1.522227e-04
-3.150000e-03	1.521046e-04
-3.140000e-03	1.519866e-04
-3.130000e-03	1.518685e-04
-3.120000e-03	1.517504e-04
-3.110000e-03	1.516323e-04
-3.100000e-03	1.515142e-04
-3.090000e-03	1.513962e-04
-3.080000e-03	1.512781e-04
-3.070000e-03	1.511600e-04
-3.060000e-03	1.510419e-04
-3.050000e-03	1.509238e-04
-3.040000e-03	1.508058e-04
-3.030000e-03	1.506877e-04
-3.020000e-03	1.505696e-04
-3.010000e-03	1.504515e-04
-3.000000e-03	1.503334e-04
-2.990000e-03	1.502154e-04
-2.980000e-03	1.500973e-04
-2.970000e-03	1.499792e-04
-2.960000e-03	1.498611e-04
-2.950000e-03	1.497430e-04
-2.940000e-03	1.496250e-04
-2.930000e-03	1.495069e-04
-2.920000e-03	1.493888e-04
-2.910000e-03	1.492707e-04
-2.900000e-03	1.491526e-04
-2.890000e-03	1.490346e-04
-2.880000e-03	1.489165e-04
-2.870000e-03	1.487984e-04
-2.860000e-03	1.486803e-04
-2.850000e-03	1.485622e-04
-2.840000e-03	1.484441e-04
-2.830000e-03	1.483261e-04
-2.820000e-03	1.482080e-04
-2.810000e-03	1.480899e-04
-2.800000e-03	1.479718e-04
-2.790000e-03	1.478537e-04
-2.780000e-03	1.477357e-04
-2.770000e-03	1.476176e-04
-2.760000e-03	1.474995e-04
-2.750000e-03	1.473814e-04
-2.740000e-03	1.472633e-04
-2.730000e-03	1.471453e-04
-2.720000e-03	1.470272e-04
-2.710000e-03	1.469091e-04
-2.700000e-03	1.467910e-04
-2.690000e-03	1.466729e-04
-2.680000e-03	1.465549e-04
-2.670000e-03	1.464368e-04
-2.660000e-03	1.463187e-04
-2.650000e-03	1.462006e-04
-2.640000e-03	1.460825e-04
-2.630000e-03	1.459645e-04
-2.620000e-03	1.458464e-04
-2.610000e-03	1.457283e-04
-2.600000e-03	1.456102e-04
-2.590000e-03	1.454921e-04
-2.580000e-03	1.453740e-04
-2.570000e-03	1.452560e-04
-2.560000e-03	1.451379e-04
-2.550000e-03	1.450198e-04
-2.540000e-03	1.449017e-04
-2.530000e-03	1.447836e-04
-2.520000e-03	1.446656e-04
-2.510000e-03	1.445475e-04
-2.500000e-03	1.444294e-04
-2.490000e-03	1.443113e-04
-2.480000e-03	1.441932e-04
-2.470000e-03	1.440752e-04
-2.460000e-03	1.439571e-04
-2.450000e-03	1.438390e-04
-2.440000e-03	1.437209e-04
-2.430000e-03	1.436028e-04
-2.420000e-03	1.434848e-04
-2.410000e-03	1.433667e-04
-2.400000e-03	1.432486e-04
-2.390000e-03	1.431305e-04
-2.380000e-03	1.430124e-04
-2.370000e-03	1.428944e-04
-2.360000e-03	1.427763e-04
-2.350000e-03	1.426582e-04
-2.340000e-03	1.425401e-04
-2.330000e-03	1.424220e-04
-2.320000e-03	1.423040e-04
-2.310000e-03	1.421859e-04
-2.300000e-03	1.420678e-04
-2.290000e-03	1.419497e-04
-2.280000e-03	1.418316e-04
-2.270000e-03	1.417135e-04
-2.260000e-03	1.415955e-04
-2.250000e-03	1.414774e-04
-2.240000e-03	1.413593e-04
-2.230000e-03	1.412412e-04
-2.220000e-03	1.411231e-04
-2.210000e-03	1.410051e-04
-2.200000e-03	1.408870e-04
-2.190000e-03	1.407689e-04
-2.180000e-03	1.406508e-04
-2.170000e-03	1.405327e-04
-2.160000e-03	1.404147e-04
-2.150000e-03	1.402966e-04
-2.140000e-03	1.401785e-04
-2.130000e-03	1.400604e-04
-2.120000e-03	1.399423e-04
-2.110000e-03	1.398243e-04
-2.100000e-03	1.397062e-04
-2.090000e-03	1.395881e-04
-2.080000e-03	1.394700e-04
-2.070000e-03	1.393519e-04
-2.060000e-03	1.392339e-04
-2.050000e-03	1.391158e-04
-2.040000e-03	1.389977e-04
-2.030000e-03	1.388796e-04
-2.020000e-03	1.387615e-04
-2.010000e-03	1.386434e-04
-2.000000e-03	1.385254e-04
-1.990000e-03	1.384073e-04
-1.980000e-03	1.382892e-04
-1.970000e-03	1.381711e-04
-1.960000e-03	1.380530e-04
-1.950000e-03	1.379350e-04
-1.940000e-03	1.378169e-04
-1.930000e-03	1.376988e-04
-1.920000e-03	1.375807e-04
-1.910000e-03	1.374626e-04
-1.900000e-03	1.373446e-04
-1.890000e-03	1.372265e-04
-1.880000e-03	1.371084e-04
-1.870000e-03	1.369903e-04
-1.860000e-03	1.368722e-04
-1.850000e-03	1.367542e-04
-1.840000e-03	1.366361e-04
-1.830000e-03	1.365180e-04
-1.820000e-03	1.363999e-04
-1.810000e-03	1.362818e-04
-1.800000e-03	1.361638e-04
-1.790000e-03	1.360457e-04
-1.780000e-03	1.359276e-04
-1.770000e-03	1.358095e-04
-1.760000e-03	1.356914e-04
-1.750000e-03	1.355734e-04
-1.740000e-03	1.354553e-04
-1.730000e-03	1.353372e-04
-1.720000e-03	1.352191e-04
-1.710000e-03	1.351010e-04
-1.700000e-03	1.349829e-04
-1.690000e-03	1.348649e-04
-1.680000e-03	1.347468e-04
-1.670000e-03	1.346287e-04
-1.660000e-03	1.345106e-04
-1.650000e-03	1.343925e-04
-1.640000e-03	1.342745e-04
-1.630000e-03	1.341564e-04
-1.620000e-03	1.340383e-04
-1.610000e-03	1.339202e-04
-1.600000e-03	1.338021e-04
-1.590000e-03	1.336841e-04
-1.580000e-03	1.335660e-04
-1.570000e-03	1.334479e-04
-1.560000e-03	1.333298e-04
-1.550000e-03	1.332117e-04
-1.540000e-03	1.330937e-04
-1.530000e-03	1.329756e-04
-1.520000e-03	1.328575e-04
-1.510000e-03	1.327394e-04
-1.500000e-03	1.326213e-04
-1.490000e-03	1.325033e-04
-1.480000e-03	1.323852e-04
-1.470000e-03	1.322671e-04
-1.460000e-03	1.321490e-04
-1.450000e-03	1.320309e-04
-1.440000e-03	1.319128e-04
-1.430000e-03	1.317948e-04
-1.420000e-03	1.316767e-04
-1.410000e-03	1.315586e-04
-1.400000e-03	1.314405e-04
-1.390000e-03	1.313224e-04
-1.380000e-03	1.312044e-04
-1.370000e-03	1.310863e-04
-1.360000e-03	1.309682e-04
-1.350000e-03	1.308501e-04
-1.340000e-03	1.307320e-04
-1.330000e-03	1.306140e-04
-1.320000e-03	1.304959e-04
-1.310000e-03	1.303778e-04
-1.300000e-03	1.302597e-04
-1.290000e-03	1.301416e-04
-1.280000e-03	1.300236e-04
-1.270000e-03	1.299055e-04
-1.260000e-03	1.297874e-04
-1.250000e-03	1.296693e-04
-1.240000e-03	1.295512e-04
-1.230000e-03	1.294332e-04
-1.220000e-03	1.293151e-04
-1.210000e-03	1.291970e-04
-1.200000e-03	1.290789e-04
-1.190000e-03	1.289608e-04
-1.180000e-03	1.288428e-04
-1.170000e-03	1.287247e-04
-1.160000e-03	1.286066e-04
-1.150000e-03	1.284885e-04
-1.140000e-03	1.283704e-04
-1.130000e-03	1.282523e-04
-1.120000e-03	1.281343e-04
-1.110000e-03	1.280162e-04
-1.100000e-03	1.278981e-04
-1.090000e-03	1.277800e-04
-1.080000e-03	1.276619e-04
-1.070000e-03	1.275439e-04
-1.060000e-03	1.274258e-04
-1.050000e-03	1.273077e-04
-1.040000e-03	1.271896e-04
-1.030000e-03	1.270715e-04
-1.020000e-03	1.269535e-04
-1.010000e-03	1.268354e-04
-1.000000e-03	1.267173e-04
-9.900000e-04	1.265992e-04
-9.800000e-04	1.264811e-04
-9.700000e-04	1.263631e-04
-9.600000e-04	1.262450e-04
-9.500000e-04	1.261269e-04
-9.400000e-04	1.260088e-04
-9.300000e-04	1.258907e-04
-9.200000e-04	1.257727e-04
-9.100000e-04	1.256546e-04
-9.000000e-04	1.255365e-04
-8.900000e-04	1.254184e-04
-8.800000e-04	1.253003e-04
-8.700000e-04	1.251822e-04
-8.600000e-04	1.250642e-04
-8.500000e-04	1.249461e-04
-8.400000e-04	1.248280e-04
-8.300000e-04	1.247099e-04
-8.200000e-04	1.245918e-04
-8.100000e-04	1.244738e-04
-8.000000e-04	1.243557e-04
-7.900000e-04	1.242376e-04
-7.800000e-04	1.241195e-04
-7.700000e-04	1.240014e-04
-7.600000e-04	1.238834e-04
-7.500000e-04	1.237653e-04
-7.400000e-04	1.236472e-04
-7.300000e-04	1.235291e-04
-7.200000e-04	1.234110e-04
-7.100000e-04	1.232930e-04
-7.000000e-04	1.231749e-04
-6.900000e-04	1.230568e-04
-6.800000e-04	1.229387e-04
-6.700000e-04	1.228206e-04
-6.600000e-04	1.227026e-04
-6.500000e-04	1.225845e-04
-6.400000e-04	1.224664e-04
-6.300000e-04	1.223483e-04
-6.200000e-04	1.222302e-04
-6.100000e-04	1.221122e-04
-6.000000e-04	1.219941e-04
-5.900000e-04	1.218760e-04
-5.800000e-04	1.217579e-04
-5.700000e-04	1.216398e-04
-5.600000e-04	1.215217e-04
-5.500000e-04	1.214037e-04
-5.400000e-04	1.212856e-04
-5.300000e-04	1.211675e-04
-5.200000e-04	1.210494e-04
-5.100000e-04	1.209313e-04
-5.000000e-04	1.208133e-04
-4.900000e-04	1.206952e-04
-4.800000e-04	1.205771e-04
-4.700000e-04	1.204590e-04
-4.600000e-04	1.203409e-04
-4.500000e-04	1.202229e-04
-4.400000e-04	1.201048e-04
-4.300000e-04	1.199867e-04
-4.200000e-04	1.198686e-04
-4.100000e-04	1.197505e-04
-4.000000e-04	1.196325e-04
-3.900000e-04	1.195144e-04
-3.800000e-04	1.193963e-04
-3.700000e-04	1.192782e-04
-3.600000e-04	1.191601e-04
-3.500000e-04	1.190421e-04
-3.400000e-04	1.189240e-04
-3.300000e-04	1.188059e-04
-3.200000e-04	1.186878e-04
-3.100000e-04	1.185697e-04
-3.000000e-04	1.184516e-04
-2.900000e-04	1.183336e-04
-2.800000e-04	1.182155e-04
-2.700000e-04	1.180974e-04
-2.600000e-04	1.179793e-04
-2.500000e-04	1.178612e-04
-2.400000e-04	1.177432e-04
-2.300000e-04	1.176251e-04
-2.200000e-04	1.175070e-04
-2.100000e-04	1.173889e-04
-2.000000e-04	1.172708e-04
-1.900000e-04	1.171528e-04
-1.800000e-04	1.170347e-04
-1.700000e-04	1.169166e-04
-1.600000e-04	1.167985e-04
-1.500000e-04	1.166804e-04
-1.400000e-04	1.165624e-04
-1.300000e-04	1.164443e-04
-1.200000e-04	1.163262e-04
-1.100000e-04	1.162081e-04
-1.000000e-04	1.160900e-04
-9.000000e-05	1.159720e-04
-8.000000e-05	1.158539e-04
-7.000000e-05	1.157358e-04
-6.000000e-05	1.156177e-04
-5.000000e-05	1.154996e-04
-4.000000e-05	1.153816e-04
-3.000000e-05	1.152635e-04
-2.000000e-05	1.151454e-04
-1.000000e-05	1.150273e-04
-3.677614e-16	1.149092e-04
1.000000e-05	1.147911e-04
2.000000e-05	1.146731e-04
3.000000e-05	1.145550e-04
4.000000e-05	1.144369e-04
5.000000e-05	1.143188e-04
6.000000e-05	1.142007e-04
7.000000e-05	1.140827e-04
8.000000e-05	1.139646e-04
9.000000e-05	1.138465e-04
1.000000e-04	1.137284e-04
1.100000e-04	1.136103e-04
1.200000e-04	1.134923e-04
1.300000e-04	1.133742e-04
1.400000e-04	1.132561e-04
1.500000e-04	1.131380e-04
1.600000e-04	1.130199e-04
1.700000e-04	1.129019e-04
1.800000e-04	1.127838e-04
1.900000e-04	1.126657e-04
2.000000e-04	1.125476e-04
2.100000e-04	1.124295e-04
2.200000e-04	1.123115e-04
2.300000e-04	1.121934e-04
2.400000e-04	1.120753e-04
2.500000e-04	1.119572e-04
2.600000e-04	1.118391e-04
2.700000e-04	1.117210e-04
2.800000e-04	1.116030e-04
2.900000e-04	1.114849e-04
3.000000e-04	1.113668e-04
3.100000e-04	1.112487e-04
3.200000e-04	1.111306e-04
3.300000e-04	1.110126e-04
3.400000e-04	1.108945e-04
3.500000e-04	1.107764e-04
3.600000e-04	1.106583e-04
3.700000e-04	1.105402e-04
3.800000e-04	1.104222e-04
3.900000e-04	1.103041e-04
4.000000e-04	1.101860e-04
4.100000e-04	1.100679e-04
4.200000e-04	1.099498e-04
4.300000e-04	1.098318e-04
4.400000e-04	1.097137e-04
4.500000e-04	1.095956e-04
4.600000e-04	1.094775e-04
4.700000e-04	1.093594e-04
4.800000e-04	1.092414e-04
4.900000e-04	1.091233e-04
5.000000e-04	1.090052e-04
5.100000e-04	1.088871e-04
5.200000e-04	1.087690e-04
5.300000e-04	1.086510e-04
5.400000e-04	1.085329e-04
5.500000e-04	1.084148e-04
5.600000e-04	1.082967e-04
5.700000e-04	1.081786e-04
5.800000e-04	1.080605e-04
5.900000e-04	1.079425e-04
6.000000e-04	1.078244e-04
6.100000e-04	1.077063e-04
6.200000e-04	1.075882e-04
6.300000e-04	1.074701e-04
6.400000e-04	1.073521e-04
6.500000e-04	1.072340e-04
6.600000e-04	1.071159e-04
6.700000e-04	1.069978e-04
6.800000e-04	1.068797e-04
6.900000e-04	1.067617e-04
7.000000e-04	1.066436e-04
7.100000e-04	1.065255e-04
7.200000e-04	1.064074e-04
7.300000e-04	1.062893e-04
7.400000e-04	1.061713e-04
7.500000e-04	1.060532e-04
7.600000e-04	1.059351e-04
7.700000e-04	1.058170e-04
7.800000e-04	1.056989e-04
7.900000e-04	1.055809e-04
8.000000e-04	1.054628e-04
8.100000e-04	1.053447e-04
8.200000e-04	1.052266e-04
8.300000e-04	1.051085e-04
8.400000e-04	1.049904e-04
8.500000e-04	1.048724e-04
8.600000e-04	1.047543e-04
8.700000e-04	1.046362e-04
8.800000e-04	1.045181e-04
8.900000e-04	1.044000e-04
9.000000e-04	1.042820e-04
9.100000e-04	1.041639e-04
9.200000e-04	1.040458e-04
9.300000e-04	1.039277e-04
9.400000e-04	1.038096e-04
9.500000e-04	1.036916e-04
9.600000e-04	1.035735e-04
9.700000e-04	1.034554e-04
9.800000e-04	1.033373e-04
9.900000e-04	1.032192e-04
1.000000e-03	1.031012e-04
1.010000e-03	1.029831e-04
1.020000e-03	1.028650e-04
1.030000e-03	1.027469e-04
1.040000e-03	1.026288e-04
1.050000e-03	1.025108e-04
1.060000e-03	1.023927e-04
1.070000e-03	1.022746e-04
1.080000e-03	1.021565e-04
1.090000e-03	1.020384e-04
1.100000e-03	1.019204e-04
1.110000e-03	1.018023e-04
1.120000e-03	1.016842e-04
1.130000e-03	1.015661e-04
1.140000e-03	1.014480e-04
1.150000e-03	1.013299e-04
1.160000e-03	1.012119e-04
1.170000e-03	1.010938e-04
1.180000e-03	1.009757e-04
1.190000e-03	1.008576e-04
1.200000e-03	1.007395e-04
1.210000e-03	1.006215e-04
1.220000e-03	1.005034e-04
1.230000e-03	1.003853e-04
1.240000e-03	1.002672e-04
1.250000e-03	1.001491e-04
1.260000e-03	1.000311e-04
1.270000e-03	9.991298e-05
1.280000e-03	9.979490e-05
1.290000e-03	9.967682e-05
1.300000e-03	9.955874e-05
1.310000e-03	9.944066e-05
1.320000e-03	9.932257e-05
1.330000e-03	9.920449e-05
1.340000e-03	9.908641e-05
1.350000e-03	9.896833e-05
1.360000e-03	9.885025e-05
1.370000e-03	9.873217e-05
1.380000e-03	9.861409e-05
1.390000e-03	9.849601e-05
1.400000e-03	9.837793e-05
1.410000e-03	9.825985e-05
1.420000e-03	9.814177e-05
1.430000e-03	9.802369e-05
1.440000e-03	9.790561e-05
1.450000e-03	9.778753e-05
1.460000e-03	9.766945e-05
1.470000e-03	9.755136e-05
1.480000e-03	9.743328e-05
1.490000e-03	9.731520e-05
1.500000e-03	9.719712e-05
1.510000e-03	9.707904e-05
1.520000e-03	9.696096e-05
1.530000e-03	9.684288e-05
1.540000e-03	9.672480e-05
1.550000e-03	9.660672e-05
1.560000e-03	9.648864e-05
1.570000e-03	9.637056e-05
1.580000e-03	9.625248e-05
1.590000e-03	9.613440e-05
1.600000e-03	9.601632e-05
1.610000e-03	9.589823e-05
1.620000e-03	9.578015e-05
1.630000e-03	9.566207e-05
1.640000e-03	9.554399e-05
1.650000e-03	9.542591e-05
1.660000e-03	9.530783e-05
1.670000e-03	9.518975e-05
1.680000e-03	9.507167e-05
1.690000e-03	9.495359e-05
1.700000e-03	9.483551e-05
1.710000e-03	9.471743e-05
1.720000e-03	9.459935e-05
1.730000e-03	9.448127e-05
1.740000e-03	9.436319e-05
1.750000e-03	9.424510e-05
1.760000e-03	9.412702e-05
1.770000e-03	9.400894e-05
1.780000e-03	9.389086e-05
1.790000e-03	9.377278e-05
1.800000e-03	9.365470e-05
1.810000e-03	9.353662e-05
1.820000e-03	9.341854e-05
1.830000e-03	9.330046e-05
1.840000e-03	9.318238e-05
1.850000e-03	9.306430e-05
1.860000e-03	9.294622e-05
1.870000e-03	9.282814e-05
1.880000e-03	9.271006e-05
1.890000e-03	9.259197e-05
1.900000e-03	9.247389e-05
1.910000e-03	9.235581e-05
1.920000e-03	9.223773e-05
1.930000e-03	9.211965e-05
1.940000e-03	9.200157e-05
1.950000e-03	9.188349e-05
1.960000e-03	9.176541e-05
1.970000e-03	9.164733e-05
1.980000e-03	9.152925e-05
1.990000e-03	9.141117e-05
2.000000e-03	9.129309e-05
2.010000e-03	9.117501e-05
2.020000e-03	9.105693e-05
2.030000e-03	9.093884e-05
2.040000e-03	9.082076e-05
2.050000e-03	9.070268e-05
2.060000e-03	9.058460e-05
2.070000e-03	9.046652e-05
2.080000e-03	9.034844e-05
2.090000e-03	9.023036e-05
2.100000e-03	9.011228e-05
2.110000e-03	8.999420e-05
2.120000e-03	8.987612e-05
2.130000e-03	8.975804e-05
2.140000e-03	8.963996e-05
2.150000e-03	8.952188e-05
2.160000e-03	8.940380e-05
2.170000e-03	8.928572e-05
2.180000e-03	8.916763e-05
2.190000e-03	8.904955e-05
2.200000e-03	8.893147e-05
2.210000e-03	8.881339e-05
2.220000e-03	8.869531e-05
2.230000e-03	8.857723e-05
2.240000e-03	8.845915e-05
2.250000e-03	8.834107e-05
2.260000e-03	8.822299e-05
2.270000e-03	8.810491e-05
2.280000e-03	8.798683e-05
2.290000e-03	8.786875e-05
2.300000e-03	8.775067e-05
2.310000e-03	8.763259e-05
2.320000e-03	8.751450e-05
2.330000e-03	8.739642e-05
2.340000e-03	8.727834e-05
2.350000e-03	8.716026e-05
2.360000e-03	8.704218e-05
2.370000e-03	8.692410e-05
2.380000e-03	8.680602e-05
2.390000e-03	8.668794e-05
2.400000e-03	8.656986e-05
2.410000e-03	8.645178e-05
2.420000e-03	8.633370e-05
2.430000e-03	8.621562e-05
2.440000e-03	8.609754e-05
2.450000e-03	8.597946e-05
2.460000e-03	8.586137e-05
2.470000e-03	8.574329e-05
2.480000e-03	8.562521e-05
2.490000e-03	8.550713e-05
2.500000e-03	8.538905e-05
2.510000e-03	8.527097e-05
2.520000e-03	8.515289e-05
2.530000e-03	8.503481e-05
2.540000e-03	8.491673e-05
2.550000e-03	8.479865e-05
2.560000e-03	8.468057e-05
2.570000e-03	8.456249e-05
2.580000e-03	8.444441e-05
2.590000e-03	8.432633e-05
2.600000e-03	8.420824e-05
2.610000e-03	8.409016e-05
2.620000e-03	8.397208e-05
2.630000e-03	8.385400e-05
2.640000e-03	8.373592e-05
2.650000e-03	8.361784e-05
2.660000e-03	8.349976e-05
2.670000e-03	8.338168e-05
2.680000e-03	8.326360e-05
2.690000e-03	8.314552e-05
2.700000e-03	8.302744e-05
2.710000e-03	8.290936e-05
2.720000e-03	8.279128e-05
2.730000e-03	8.267320e-05
2.740000e-03	8.255511e-05
2.750000e-03	8.243703e-05
2.760000e-03	8.234799e-05
2.770000e-03	8.225895e-05
2.780000e-03	8.216991e-05
2.790000e-03	8.208087e-05
2.800000e-03	8.199183e-05
2.810000e-03	8.190279e-05
2.820000e-03	8.181375e-05
2.830000e-03	8.172471e-05
2.840000e-03	8.163567e-05
2.850000e-03	8.154663e-05
2.860000e-03	8.145759e-05
2.870000e-03	8.136855e-05
2.880000e-03	8.127951e-05
2.890000e-03	8.119047e-05
2.900000e-03	8.110143e-05
2.910000e-03	8.101239e-05
2.920000e-03	8.092334e-05
2.930000e-03	8.083430e-05
2.940000e-03	8.074526e-05
2.950000e-03	8.065622e-05
2.960000e-03	8.056718e-05
2.970000e-03	8.047814e-05
2.980000e-03	8.038910e-05
2.990000e-03	8.030006e-05
3.000000e-03	8.021102e-05
3.010000e-03	8.012198e-05
3.020000e-03	8.003294e-05
3.030000e-03	7.994390e-05
3.040000e-03	7.985486e-05
3.050000e-03	7.976582e-05
3.060000e-03	7.967678e-05
3.070000e-03	7.958774e-05
3.080000e-03	7.949870e-05
3.090000e-03	7.940966e-05
3.100000e-03	7.932062e-05
3.110000e-03	7.923157e-05
3.120000e-03	7.914253e-05
3.130000e-03	7.905349e-05
3.140000e-03	7.896445e-05
3.150000e-03	7.887541e-05
3.160000e-03	7.878637e-05
3.170000e-03	7.869733e-05
3.180000e-03	7.860829e-05
3.190000e-03	7.851925e-05
3.200000e-03	7.843021e-05
3.210000e-03	7.834117e-05
3.220000e-03	7.825213e-05
3.230000e-03	7.816309e-05
3.240000e-03	7.807405e-05
3.250000e-03	7.798501e-05
3.260000e-03	7.789597e-05
3.270000e-03	7.780693e-05
3.280000e-03	7.771789e-05
3.290000e-03	7.762884e-05
3.300000e-03	7.753980e-05
3.310000e-03	7.745076e-05
3.320000e-03	7.736172e-05
3.330000e-03	7.727268e-05
3.340000e-03	7.718364e-05
3.350000e-03	7.709460e-05
3.360000e-03	7.700556e-05
3.370000e-03	7.691652e-05
3.380000e-03	7.682748e-05
3.390000e-03	7.673844e-05
3.400000e-03	7.664940e-05
3.410000e-03	7.656036e-05
3.420000e-03	7.647132e-05
3.430000e-03	7.638228e-05
3.440000e-03	7.629324e-05
3.450000e-03	7.620420e-05
3.460000e-03	7.611516e-05
3.470000e-03	7.602611e-05
3.480000e-03	7.593707e-05
3.490000e-03	7.584803e-05
3.500000e-03	7.575899e-05
3.510000e-03	7.566995e-05
3.520000e-03	7.558091e-05
3.530000e-03	7.549187e-05
3.540000e-03	7.540283e-05
3.550000e-03	7.531379e-05
3.560000e-03	7.522475e-05
3.570000e-03	7.513571e-05
3.580000e-03	7.504667e-05
3.590000e-03	7.495763e-05
3.600000e-03	7.486859e-05
3.610000e-03	7.477955e-05
3.620000e-03	7.469051e-05
3.630000e-03	7.460147e-05
3.640000e-03	7.451243e-05
3.650000e-03	7.442338e-05
3.660000e-03	7.433434e-05
3.670000e-03	7.424530e-05
3.680000e-03	7.415626e-05
3.690000e-03	7.406722e-05
3.700000e-03	7.397818e-05
3.710000e-03	7.388914e-05
3.720000e-03	7.380010e-05
3.730000e-03	7.371106e-05
3.740000e-03	7.362202e-05
3.750000e-03	7.353298e-05
3.760000e-03	7.346044e-05
3.770000e-03	7.338790e-05
3.780000e-03	7.331536e-05
3.790000e-03	7.324281e-05
3.800000e-03	7.317027e-05
3.810000e-03	7.309773e-05
3.820000e-03	7.302519e-05
3.830000e-03	7.295265e-05
3.840000e-03	7.288011e-05
3.850000e-03	7.280757e-05
3.860000e-03	7.273502e-05
3.870000e-03	7.266248e-05
3.880000e-03	7.258994e-05
3.890000e-03	7.251740e-05
3.900000e-03	7.244486e-05
3.910000e-03	7.237232e-05
3.920000e-03	7.229978e-05
3.930000e-03	7.222724e-05
3.940000e-03	7.215469e-05
3.950000e-03	7.208215e-05
3.960000e-03	7.200961e-05
3.970000e-03	7.193707e-05
3.980000e-03	7.186453e-05
3.990000e-03	7.179199e-05
4.000000e-03	7.171945e-05
4.010000e-03	7.164691e-05
4.020000e-03	7.157436e-05
4.030000e-03	7.150182e-05
4.040000e-03	7.142928e-05
4.050000e-03	7.135674e-05
4.060000e-03	7.128420e-05
4.070000e-03	7.121166e-05
4.080000e-03	7.113912e-05
4.090000e-03	7.106657e-05
4.100000e-03	7.099403e-05
4.110000e-03	7.092149e-05
4.120000e-03	7.084895e-05
4.130000e-03	7.077641e-05
4.140000e-03	7.070387e-05
4.150000e-03	7.063133e-05
4.160000e-03	7.055879e-05
4.170000e-03	7.048624e-05
4.180000e-03	7.041370e-05
4.190000e-03	7.034116e-05
4.200000e-03	7.026862e-05
4.210000e-03	7.019608e-05
4.220000e-03	7.012354e-05
4.230000e-03	7.005100e-05
4.240000e-03	6.997845e-05
4.250000e-03	6.990591e-05
4.260000e-03	6.983337e-05
4.270000e-03	6.976083e-05
4.280000e-03	6.968829e-05
4.290000e-03	6.961575e-05
4.300000e-03	6.954321e-05
4.310000e-03	6.947067e-05
4.320000e-03	6.939812e-05
4.330000e-03	6.932558e-05
4.340000e-03	6.925304e-05
4.350000e-03	6.918050e-05
4.360000e-03	6.910796e-05
4.370000e-03	6.903542e-05
4.380000e-03	6.896288e-05
4.390000e-03	6.889033e-05
4.400000e-03	6.881779e-05
4.410000e-03	6.874525e-05
4.420000e-03	6.867271e-05
4.430000e-03	6.860017e-05
4.440000e-03	6.852763e-05
4.450000e-03	6.845509e-05
4.460000e-03	6.838255e-05
4.470000e-03	6.831000e-05
4.480000e-03	6.823746e-05
4.490000e-03	6.816492e-05
4.500000e-03	6.809238e-05
4.510000e-03	6.801984e-05
4.520000e-03	6.794730e-05
4.530000e-03	6.787476e-05
4.540000e-03	6.780222e-05
4.550000e-03	6.772967e-05
4.560000e-03	6.765713e-05
4.570000e-03	6.758459e-05
4.580000e-03	6.751205e-05
4.590000e-03	6.743951e-05
4.600000e-03	6.736697e-05
4.610000e-03	6.729443e-05
4.620000e-03	6.722188e-05
4.630000e-03	6.714934e-05
4.640000e-03	6.707680e-05
4.650000e-03	6.700426e-05
4.660000e-03	6.693172e-05
4.670000e-03	6.685918e-05
4.680000e-03	6.678664e-05
4.690000e-03	6.671410e-05
4.700000e-03	6.664155e-05
4.710000e-03	6.656901e-05
4.720000e-03	6.649647e-05
4.730000e-03	6.642393e-05
4.740000e-03	6.635139e-05
4.750000e-03	6.627885e-05
4.760000e-03	6.622869e-05
4.770000e-03	6.617854e-05
4.780000e-03	6.612839e-05
4.790000e-03	6.607824e-05
4.800000e-03	6.602808e-05
4.810000e-03	6.597793e-05
4.820000e-03	6.592778e-05
4.830000e-03	6.587762e-05
4.840000e-03	6.582747e-05
4.850000e-03	6.577732e-05
4.860000e-03	6.572717e-05
4.870000e-03	6.567701e-05
4.880000e-03	6.562686e-05
4.890000e-03	6.557671e-05
4.900000e-03	6.552655e-05
4.910000e-03	6.547640e-05
4.920000e-03	6.542625e-05
4.930000e-03	6.537610e-05
4.940000e-03	6.532594e-05
4.950000e-03	6.527579e-05
4.960000e-03	6.522564e-05
4.970000e-03	6.517549e-05
4.980000e-03	6.512533e-05
4.990000e-03	6.507518e-05
5.000000e-03	6.502503e-05
5.010000e-03	6.497487e-05
5.020000e-03	6.492472e-05
5.030000e-03	6.487457e-05
5.040000e-03	6.482442e-05
5.050000e-03	6.477426e-05
5.060000e-03	6.472411e-05
5.070000e-03	6.467396e-05
5.080000e-03	6.462380e-05
5.090000e-03	6.457365e-05
5.100000e-03	6.452350e-05
5.110000e-03	6.447335e-05
5.120000e-03	6.442319e-05
5.130000e-03	6.437304e-05
5.140000e-03	6.432289e-05
5.150000e-03	6.427273e-05
5.160000e-03	6.422258e-05
5.170000e-03	6.417243e-05
5.180000e-03	6.412228e-05
5.190000e-03	6.407212e-05
5.200000e-03	6.402197e-05
5.210000e-03	6.397182e-05
5.220000e-03	6.392166e-05
5.230000e-03	6.387151e-05
5.240000e-03	6.382136e-05
5.250000e-03	6.377121e-05
5.260000e-03	6.372105e-05
5.270000e-03	6.367090e-05
5.280000e-03	6.362075e-05
5.290000e-03	6.357059e-05
5.300000e-03	6.352044e-05
5.310000e-03	6.347029e-05
5.320000e-03	6.342014e-05
5.330000e-03	6.336998e-05
5.340000e-03	6.331983e-05
5.350000e-03	6.326968e-05
5.360000e-03	6.321952e-05
5.370000e-03	6.316937e-05
5.380000e-03	6.311922e-05
5.390000e-03	6.306907e-05
5.400000e-03	6.301891e-05
5.410000e-03	6.296876e-05
5.420000e-03	6.291861e-05
5.430000e-03	6.286845e-05
5.440000e-03	6.281830e-05
5.450000e-03	6.276815e-05
5.460000e-03	6.271800e-05
5.470000e-03	6.266784e-05
5.480000e-03	6.261769e-05
5.490000e-03	6.256754e-05
5.500000e-03	6.251739e-05
5.510000e-03	6.246723e-05
5.520000e-03	6.241708e-05
5.530000e-03	6.236693e-05
5.540000e-03	6.231677e-05
5.550000e-03	6.226662e-05
5.560000e-03	6.221647e-05
5.570000e-03	6.216632e-05
5.580000e-03	6.211616e-05
5.590000e-03	6.206601e-05
5.600000e-03	6.201586e-05
5.610000e-03	6.196570e-05
5.620000e-03	6.191555e-05
5.630000e-03	6.186540e-05
5.640000e-03	6.181525e-05
5.650000e-03	6.176509e-05
5.660000e-03	6.171494e-05
5.670000e-03	6.166479e-05
5.680000e-03	6.161463e-05
5.690000e-03	6.156448e-05
5.700000e-03	6.151433e-05
5.710000e-03	6.146418e-05
5.720000e-03	6.141402e-05
5.730000e-03	6.136387e-05
5.740000e-03	6.131372e-05
5.750000e-03	6.126356e-05
5.760000e-03	6.124153e-05
5.770000e-03	6.121950e-05
5.780000e-03	6.119747e-05
5.790000e-03	6.117543e-05
5.800000e-03	6.115340e-05
5.810000e-03	6.113137e-05
5.820000e-03	6.110933e-05
5.830000e-03	6.108730e-05
5.840000e-03	6.106527e-05
5.850000e-03	6.104323e-05
5.860000e-03	6.102120e-05
5.870000e-03	6.099917e-05
5.880000e-03	6.097714e-05
5.890000e-03	6.095510e-05
5.900000e-03	6.093307e-05
5.910000e-03	6.091104e-05
5.920000e-03	6.088900e-05
5.930000e-03	6.086697e-05
5.940000e-03	6.084494e-05
5.950000e-03	6.082290e-05
5.960000e-03	6.080087e-05
5.970000e-03	6.077884e-05
5.980000e-03	6.075681e-05
5.990000e-03	6.073477e-05
6.000000e-03	6.071274e-05
6.010000e-03	6.069071e-05
6.020000e-03	6.066867e-05
6.030000e-03	6.064664e-05
6.040000e-03	6.062461e-05
6.050000e-03	6.060258e-05
6.060000e-03	6.058054e-05
6.070000e-03	6.055851e-05
6.080000e-03	6.053648e-05
6.090000e-03	6.051444e-05
6.100000e-03	6.049241e-05
6.110000e-03	6.047038e-05
6.120000e-03	6.044834e-05
6.130000e-03	6.042631e-05
6.140000e-03	6.040428e-05
6.150000e-03	6.038225e-05
6.160000e-03	6.036021e-05
6.170000e-03	6.033818e-05
6.180000e-03	6.031615e-05
6.190000e-03	6.029411e-05
6.200000e-03	6.027208e-05
6.210000e-03	6.025005e-05
6.220000e-03	6.022801e-05
6.230000e-03	6.020598e-05
6.240000e-03	6.018395e-05
6.250000e-03	6.016192e-05
6.260000e-03	6.013988e-05
6.270000e-03	6.011785e-05
6.280000e-03	6.009582e-05
6.290000e-03	6.007378e-05
6.300000e-03	6.005175e-05
6.310000e-03	6.002972e-05
6.320000e-03	6.000768e-05
6.330000e-03	5.998565e-05
6.340000e-03	5.996362e-05
6.350000e-03	5.994159e-05
6.360000e-03	5.991955e-05
6.370000e-03	5.989752e-05
6.380000e-03	5.987549e-05
6.390000e-03	5.985345e-05
6.400000e-03	5.983142e-05
6.410000e-03	5.980939e-05
6.420000e-03	5.978736e-05
6.430000e-03	5.976532e-05
6.440000e-03	5.974329e-05
6.450000e-03	5.972126e-05
6.460000e-03	5.969922e-05
6.470000e-03	5.967719e-05
6.480000e-03	5.965516e-05
6.490000e-03	5.963312e-05
6.500000e-03	5.961109e-05
6.510000e-03	5.958906e-05
6.520000e-03	5.956703e-05
6.530000e-03	5.954499e-05
6.540000e-03	5.952296e-05
6.550000e-03	5.950093e-05
6.560000e-03	5.947889e-05
6.570000e-03	5.945686e-05
6.580000e-03	5.943483e-05
6.590000e-03	5.941279e-05
6.600000e-03	5.939076e-05
6.610000e-03	5.936873e-05
6.620000e-03	5.934670e-05
6.630000e-03	5.932466e-05
6.640000e-03	5.930263e-05
6.650000e-03	5.928060e-05
6.660000e-03	5.925856e-05
6.670000e-03	5.923653e-05
6.680000e-03	5.921450e-05
6.690000e-03	5.919246e-05
6.700000e-03	5.917043e-05
6.710000e-03	5.914840e-05
6.720000e-03	5.912637e-05
6.730000e-03	5.910433e-05
6.740000e-03	5.908230e-05
6.750000e-03	5.906027e-05
6.760000e-03	5.915989e-05
6.770000e-03	5.925950e-05
6.780000e-03	5.935912e-05
6.790000e-03	5.945874e-05
6.800000e-03	5.955836e-05
6.810000e-03	5.965798e-05
6.820000e-03	5.975760e-05
6.830000e-03	5.985722e-05
6.840000e-03	5.995683e-05
6.850000e-03	6.005645e-05
6.860000e-03	6.015607e-05
6.870000e-03	6.025569e-05
6.880000e-03	6.035531e-05
6.890000e-03	6.045493e-05
6.900000e-03	6.055455e-05
6.910000e-03	6.065416e-05
6.920000e-03	6.075378e-05
6.930000e-03	6.085340e-05
6.940000e-03	6.095302e-05
6.950000e-03	6.105264e-05
6.960000e-03	6.115226e-05
6.970000e-03	6.125188e-05
6.980000e-03	6.135149e-05
6.990000e-03	6.145111e-05
7.000000e-03	6.155073e-05
7.010000e-03	6.165035e-05
7.020000e-03	6.174997e-05
7.030000e-03	6.184959e-05
7.040000e-03	6.194921e-05
7.050000e-03	6.204883e-05
7.060000e-03	6.214844e-05
7.070000e-03	6.224806e-05
7.080000e-03	6.234768e-05
7.090000e-03	6.244730e-05
7.100000e-03	6.254692e-05
7.110000e-03	6.264654e-05
7.120000e-03	6.274616e-05
7.130000e-03	6.284577e-05
7.140000e-03	6.294539e-05
7.150000e-03	6.304501e-05
7.160000e-03	6.314463e-05
7.170000e-03	6.324425e-05
7.180000e-03	6.334387e-05
7.190000e-03	6.344349e-05
7.200000e-03	6.354310e-05
7.210000e-03	6.364272e-05
7.220000e-03	6.374234e-05
7.230000e-03	6.384196e-05
7.240000e-03	6.394158e-05
7.250000e-03	6.404120e-05
7.260000e-03	6.414082e-05
7.270000e-03	6.424043e-05
7.280000e-03	6.434005e-05
7.290000e-03	6.443967e-05
7.300000e-03	6.453929e-05
7.310000e-03	6.463891e-05
7.320000e-03	6.473853e-05
7.330000e-03	6.483815e-05
7.340000e-03	6.493776e-05
7.350000e-03	6.503738e-05
7.360000e-03	6.513700e-05
7.370000e-03	6.523662e-05
7.380000e-03	6.533624e-05
7.390000e-03	6.543586e-05
7.400000e-03	6.553548e-05
7.410000e-03	6.563509e-05
7.420000e-03	6.573471e-05
7.430000e-03	6.583433e-05
7.440000e-03	6.593395e-05
7.450000e-03	6.603357e-05
7.460000e-03	6.613319e-05
7.470000e-03	6.623281e-05
7.480000e-03	6.633242e-05
7.490000e-03	6.643204e-05
7.500000e-03	6.653166e-05
7.510000e-03	6.663128e-05
7.520000e-03	6.673090e-05
7.530000e-03	6.683052e-05
7.540000e-03	6.693014e-05
7.550000e-03	6.702975e-05
7.560000e-03	6.712937e-05
7.570000e-03	6.722899e-05
7.580000e-03	6.732861e-05
7.590000e-03	6.742823e-05
7.600000e-03	6.752785e-05
7.610000e-03	6.762747e-05
7.620000e-03	6.772709e-05
7.630000e-03	6.782670e-05
7.640000e-03	6.792632e-05
7.650000e-03	6.802594e-05
7.660000e-03	6.812556e-05
7.670000e-03	6.822518e-05
7.680000e-03	6.832480e-05
7.690000e-03	6.842442e-05
7.700000e-03	6.852403e-05
7.710000e-03	6.862365e-05
7.720000e-03	6.872327e-05
7.730000e-03	6.882289e-05
7.740000e-03	6.892251e-05
7.750000e-03	6.902213e-05
7.760000e-03	6.912175e-05
7.770000e-03	6.922136e-05
7.780000e-03	6.932098e-05
7.790000e-03	6.942060e-05
7.800000e-03	6.952022e-05
7.810000e-03	6.961984e-05
7.820000e-03	6.971946e-05
7.830000e-03	6.981908e-05
7.840000e-03	6.991869e-05
7.850000e-03	7.001831e-05
7.860000e-03	7.011793e-05
7.870000e-03	7.021755e-05
7.880000e-03	7.031717e-05
7.890000e-03	7.041679e-05
7.900000e-03	7.051641e-05
7.910000e-03	7.061602e-05
7.920000e-03	7.071564e-05
7.930000e-03	7.081526e-05
7.940000e-03	7.091488e-05
7.950000e-03	7.101450e-05
7.960000e-03	7.111412e-05
7.970000e-03	7.121374e-05
7.980000e-03	7.131335e-05
7.990000e-03	7.141297e-05
8.000000e-03	7.151259e-05
8.010000e-03	7.161221e-05
8.020000e-03	7.171183e-05
8.030000e-03	7.181145e-05
8.040000e-03	7.191107e-05
8.050000e-03	7.201068e-05
8.060000e-03	7.211030e-05
8.070000e-03	7.220992e-05
8.080000e-03	7.230954e-05
8.090000e-03	7.240916e-05
8.100000e-03	7.250878e-05
8.110000e-03	7.260840e-05
8.120000e-03	7.270801e-05
8.130000e-03	7.280763e-05
8.140000e-03	7.290725e-05
8.150000e-03	7.300687e-05
8.160000e-03	7.310649e-05
8.170000e-03	7.320611e-05
8.180000e-03	7.330573e-05
8.190000e-03	7.340535e-05
8.200000e-03	7.350496e-05
8.210000e-03	7.360458e-05
8.220000e-03	7.370420e-05
8.230000e-03	7.380382e-05
8.240000e-03	7.390344e-05
8.250000e-03	7.400306e-05
8.260000e-03	7.410268e-05
8.270000e-03	7.420229e-05
8.280000e-03	7.430191e-05
8.290000e-03	7.440153e-05
8.300000e-03	7.450115e-05
8.310000e-03	7.460077e-05
8.320000e-03	7.470039e-05
8.330000e-03	7.480001e-05
8.340000e-03	7.489962e-05
8.350000e-03	7.499924e-05
8.360000e-03	7.509886e-05
8.370000e-03	7.519848e-05
8.380000e-03	7.529810e-05
8.390000e-03	7.539772e-05
8.400000e-03	7.549734e-05
8.410000e-03	7.559695e-05
8.420000e-03	7.569657e-05
8.430000e-03	7.579619e-05
8.440000e-03	7.589581e-05
8.450000e-03	7.599543e-05
8.460000e-03	7.609505e-05
8.470000e-03	7.619467e-05
8.480000e-03	7.629428e-05
8.490000e-03	7.639390e-05
8.500000e-03	7.649352e-05
8.510000e-03	7.659314e-05
8.520000e-03	7.669276e-05
8.530000e-03	7.679238e-05
8.540000e-03	7.689200e-05
8.550000e-03	7.699161e-05
8.560000e-03	7.709123e-05
8.570000e-03	7.719085e-05
8.580000e-03	7.729047e-05
8.590000e-03	7.739009e-05
8.600000e-03	7.748971e-05
8.610000e-03	7.758933e-05
8.620000e-03	7.768894e-05
8.630000e-03	7.778856e-05
8.640000e-03	7.788818e-05
8.650000e-03	7.798780e-05
8.660000e-03	7.808742e-05
8.670000e-03	7.818704e-05
8.680000e-03	7.828666e-05
8.690000e-03	7.838627e-05
8.700000e-03	7.848589e-05
8.710000e-03	7.858551e-05
8.720000e-03	7.868513e-05
8.730000e-03	7.878475e-05
8.740000e-03	7.888437e-05
8.750000e-03	7.898399e-05
8.760000e-03	7.908360e-05
8.770000e-03	7.918322e-05
8.780000e-03	7.928284e-05
8.790000e-03	7.938246e-05
8.800000e-03	7.948208e-05
8.810000e-03	7.958170e-05
8.820000e-03	7.968132e-05
8.830000e-03	7.978094e-05
8.840000e-03	7.988055e-05
8.850000e-03	7.998017e-05
8.860000e-03	8.007979e-05
8.870000e-03	8.017941e-05
8.880000e-03	8.027903e-05
8.890000e-03	8.037865e-05
8.900000e-03	8.047827e-05
8.910000e-03	8.057788e-05
8.920000e-03	8.067750e-05
8.930000e-03	8.077712e-05
8.940000e-03	8.087674e-05
8.950000e-03	8.097636e-05
8.960000e-03	8.107598e-05
8.970000e-03	8.117560e-05
8.980000e-03	8.127521e-05
8.990000e-03	8.137483e-05
9.000000e-03	8.147445e-05
9.010000e-03	8.157407e-05
9.020000e-03	8.167369e-05
9.030000e-03	8.177331e-05
9.040000e-03	8.187293e-05
9.050000e-03	8.197254e-05
9.060000e-03	8.207216e-05
9.070000e-03	8.217178e-05
9.080000e-03	8.227140e-05
9.090000e-03	8.237102e-05
9.100000e-03	8.247064e-05
9.110000e-03	8.257026e-05
9.120000e-03	8.266987e-05
9.130000e-03	8.276949e-05
9.140000e-03	8.286911e-05
9.150000e-03	8.296873e-05
9.160000e-03	8.306835e-05
9.170000e-03	8.316797e-05
9.180000e-03	8.326759e-05
9.190000e-03	8.336720e-05
9.200000e-03	8.346682e-05
9.210000e-03	8.356644e-05
9.220000e-03	8.366606e-05
9.230000e-03	8.376568e-05
9.240000e-03	8.386530e-05
9.250000e-03	8.396492e-05
9.260000e-03	8.406453e-05
9.270000e-03	8.416415e-05
9.280000e-03	8.426377e-05
9.290000e-03	8.436339e-05
9.300000e-03	8.446301e-05
9.310000e-03	8.456263e-05
9.320000e-03	8.466225e-05
9.330000e-03	8.476186e-05
9.340000e-03	8.486148e-05
9.350000e-03	8.496110e-05
9.360000e-03	8.506072e-05
9.370000e-03	8.516034e-05
9.380000e-03	8.525996e-05
9.390000e-03	8.535958e-05
9.400000e-03	8.545920e-05
9.410000e-03	8.555881e-05
9.420000e-03	8.565843e-05
9.430000e-03	8.575805e-05
9.440000e-03	8.585767e-05
9.450000e-03	8.595729e-05
9.460000e-03	8.605691e-05
9.470000e-03	8.615653e-05
9.480000e-03	8.625614e-05
9.490000e-03	8.635576e-05
9.500000e-03	8.645538e-05
9.510000e-03	8.655500e-05
9.520000e-03	8.665462e-05
9.530000e-03	8.675424e-05
9.540000e-03	8.685386e-05
9.550000e-03	8.695347e-05
9.560000e-03	8.705309e-05
9.570000e-03	8.715271e-05
9.580000e-03	8.725233e-05
9.590000e-03	8.735195e-05
9.600000e-03	8.745157e-05
9.610000e-03	8.755119e-05
9.620000e-03	8.765080e-05
9.630000e-03	8.775042e-05
9.640000e-03	8.785004e-05
9.650000e-03	8.794966e-05
9.660000e-03	8.804928e-05
9.670000e-03	8.814890e-05
9.680000e-03	8.824852e-05
9.690000e-03	8.834813e-05
9.700000e-03	8.844775e-05
9.710000e-03	8.854737e-05
9.720000e-03	8.864699e-05
9.730000e-03	8.874661e-05
9.740000e-03	8.884623e-05
9.750000e-03	8.894585e-05
9.760000e-03	8.904546e-05
9.770000e-03	8.914508e-05
9.780000e-03	8.924470e-05
9.790000e-03	8.934432e-05
9.800000e-03	8.944394e-05
9.810000e-03	8.954356e-05
9.820000e-03	8.964318e-05
9.830000e-03	8.974279e-05
9.840000e-03	8.984241e-05
9.850000e-03	8.994203e-05
9.860000e-03	9.004165e-05
9.870000e-03	9.014127e-05
9.880000e-03	9.024089e-05
9.890000e-03	9.034051e-05
9.900000e-03	9.044012e-05
9.910000e-03	9.053974e-05
9.920000e-03	9.063936e-05
9.930000e-03	9.073898e-05
9.940000e-03	9.083860e-05
9.950000e-03	9.093822e-05
9.960000e-03	9.103784e-05
9.970000e-03	9.113746e-05
9.980000e-03	9.123707e-05
9.990000e-03	9.133669e-05
1.000000e-02	9.143631e-05
1.001000e-02	9.153593e-05
1.002000e-02	9.163555e-05
1.003000e-02	9.173517e-05
1.004000e-02	9.183479e-05
1.005000e-02	9.193440e-05
1.006000e-02	9.203402e-05
1.007000e-02	9.213364e-05
1.008000e-02	9.223326e-05
1.009000e-02	9.233288e-05
1.010000e-02	9.243250e-05
1.011000e-02	9.253212e-05
1.012000e-02	9.263173e-05
1.013000e-02	9.273135e-05
1.014000e-02	9.283097e-05
1.015000e-02	9.293059e-05
1.016000e-02	9.303021e-05
1.017000e-02	9.312983e-05
1.018000e-02	9.322945e-05
1.019000e-02	9.332906e-05
1.020000e-02	9.342868e-05
1.021000e-02	9.352830e-05
1.022000e-02	9.362792e-05
1.023000e-02	9.372754e-05
1.024000e-02	9.382716e-05
1.025000e-02	9.392678e-05
1.026000e-02	9.402639e-05
1.027000e-02	9.412601e-05
1.028000e-02	9.422563e-05
1.029000e-02	9.432525e-05
1.030000e-02	9.442487e-05
1.031000e-02	9.452449e-05
1.032000e-02	9.462411e-05
1.033000e-02	9.472372e-05
1.034000e-02	9.482334e-05
1.035000e-02	9.492296e-05
1.036000e-02	9.502258e-05
1.037000e-02	9.512220e-05
1.038000e-02	9.522182e-05
1.039000e-02	9.532144e-05
1.040000e-02	9.542105e-05
1.041000e-02	9.552067e-05
1.042000e-02	9.562029e-05
1.043000e-02	9.571991e-05
1.044000e-02	9.581953e-05
1.045000e-02	9.591915e-05
1.046000e-02	9.601877e-05
1.047000e-02	9.611838e-05
1.048000e-02	9.621800e-05
1.049000e-02	9.631762e-05
1.050000e-02	9.641724e-05
1.051000e-02	9.651686e-05
1.052000e-02	9.661648e-05
1.053000e-02	9.671610e-05
1.054000e-02	9.681572e-05
1.055000e-02	9.691533e-05
1.056000e-02	9.701495e-05
1.057000e-02	9.711457e-05
1.058000e-02	9.721419e-05
1.059000e-02	9.731381e-05
1.060000e-02	9.741343e-05
1.061000e-02	9.751305e-05
1.062000e-02	9.761266e-05
1.063000e-02	9.771228e-05
1.064000e-02	9.781190e-05
1.065000e-02	9.791152e-05
1.066000e-02	9.801114e-05
1.067000e-02	9.811076e-05
1.068000e-02	9.821038e-05
1.069000e-02	9.830999e-05
1.070000e-02	9.840961e-05
1.071000e-02	9.850923e-05
1.072000e-02	9.860885e-05
1.073000e-02	9.870847e-05
1.074000e-02	9.880809e-05
1.075000e-02	9.890771e-05
1.076000e-02	9.900732e-05
1.077000e-02	9.910694e-05
1.078000e-02	9.920656e-05
1.079000e-02	9.930618e-05
1.080000e-02	9.940580e-05
1.081000e-02	9.950542e-05
1.082000e-02	9.960504e-05
1.083000e-02	9.970465e-05
1.084000e-02	9.980427e-05
1.085000e-02	9.990389e-05
1.086000e-02	1.000035e-04
1.087000e-02	1.001031e-04
1.088000e-02	1.002027e-04
1.089000e-02	1.003024e-04
1.090000e-02	1.004020e-04
1.091000e-02	1.005016e-04
1.092000e-02	1.006012e-04
1.093000e-02	1.007008e-04
1.094000e-02	1.008005e-04
1.095000e-02	1.009001e-04
1.096000e-02	1.009997e-04
1.097000e-02	1.010993e-04
1.098000e-02	1.011989e-04
1.099000e-02	1.012986e-04
1.100000e-02	1.013982e-04
1.101000e-02	1.014978e-04
1.102000e-02	1.015974e-04
1.103000e-02	1.016970e-04
1.104000e-02	1.017966e-04
1.105000e-02	1.018963e-04
1.106000e-02	1.019959e-04
1.107000e-02	1.020955e-04
1.108000e-02	1.021951e-04
1.109000e-02	1.022947e-04
1.110000e-02	1.023944e-04
1.111000e-02	1.024940e-04
1.112000e-02	1.025936e-04
1.113000e-02	1.026932e-04
1.114000e-02	1.027928e-04
1.115000e-02	1.028924e-04
1.116000e-02	1.029921e-04
1.117000e-02	1.030917e-04
1.118000e-02	1.031913e-04
1.119000e-02	1.032909e-04
1.120000e-02	1.033905e-04
1.121000e-02	1.034902e-04
1.122000e-02	1.035898e-04
1.123000e-02	1.036894e-04
1.124000e-02	1.037890e-04
1.125000e-02	1.038886e-04
1.126000e-02	1.039883e-04
1.127000e-02	1.040879e-04
1.128000e-02	1.041875e-04
1.129000e-02	1.042871e-04
1.130000e-02	1.043867e-04
1.131000e-02	1.044863e-04
1.132000e-02	1.045860e-04
1.133000e-02	1.046856e-04
1.134000e-02	1.047852e-04
1.135000e-02	1.048848e-04
1.136000e-02	1.049844e-04
1.137000e-02	1.050841e-04
1.138000e-02	1.051837e-04
1.139000e-02	1.052833e-04
1.140000e-02	1.053829e-04
1.141000e-02	1.054825e-04
1.142000e-02	1.055822e-04
1.143000e-02	1.056818e-04
1.144000e-02	1.057814e-04
1.145000e-02	1.058810e-04
1.146000e-02	1.059806e-04
1.147000e-02	1.060802e-04
1.148000e-02	1.061799e-04
1.149000e-02	1.062795e-04
1.150000e-02	1.063791e-04
1.151000e-02	1.064787e-04
1.152000e-02	1.065783e-04
1.153000e-02	1.066780e-04
1.154000e-02	1.067776e-04
1.155000e-02	1.068772e-04
1.156000e-02	1.069768e-04
1.157000e-02	1.070764e-04
1.158000e-02	1.071760e-04
1.159000e-02	1.072757e-04
1.160000e-02	1.073753e-04
1.161000e-02	1.074749e-04
1.162000e-02	1.075745e-04
1.163000e-02	1.076741e-04
1.164000e-02	1.077738e-04
1.165000e-02	1.078734e-04
1.166000e-02	1.079730e-04
1.167000e-02	1.080726e-04
1.168000e-02	1.081722e-04
1.169000e-02	1.082719e-04
1.170000e-02	1.083715e-04
1.171000e-02	1.084711e-04
1.172000e-02	1.085707e-04
1.173000e-02	1.086703e-04
1.174000e-02	1.087699e-04
1.175000e-02	1.088696e-04
1.176000e-02	1.089692e-04
1.177000e-02	1.090688e-04
1.178000e-02	1.091684e-04
1.179000e-02	1.092680e-04
1.180000e-02	1.093677e-04
1.181000e-02	1.094673e-04
1.182000e-02	1.095669e-04
1.183000e-02	1.096665e-04
1.184000e-02	1.097661e-04
1.185000e-02	1.098658e-04
1.186000e-02	1.099654e-04
1.187000e-02	1.100650e-04
1.188000e-02	1.101646e-04
1.189000e-02	1.102642e-04
1.190000e-02	1.103638e-04
1.191000e-02	1.104635e-04
1.192000e-02	1.105631e-04
1.193000e-02	1.106627e-04
1.194000e-02	1.107623e-04
1.195000e-02	1.108619e-04
1.196000e-02	1.109616e-04
1.197000e-02	1.110612e-04
1.198000e-02	1.111608e-04
1.199000e-02	1.112604e-04
1.200000e-02	1.113600e-04
1.201000e-02	1.114596e-04
1.202000e-02	1.115593e-04
1.203000e-02	1.116589e-04
1.204000e-02	1.117585e-04
1.205000e-02	1.118581e-04
1.206000e-02	1.119577e-04
1.207000e-02	1.120574e-04
1.208000e-02	1.121570e-04
1.209000e-02	1.122566e-04
1.210000e-02	1.123562e-04
1.211000e-02	1.124558e-04
1.212000e-02	1.125555e-04
1.213000e-02	1.126551e-04
1.214000e-02	1.127547e-04
1.215000e-02	1.128543e-04
1.216000e-02	1.129539e-04
1.217000e-02	1.130535e-04
1.218000e-02	1.131532e-04
1.219000e-02	1.132528e-04
1.220000e-02	1.133524e-04
1.221000e-02	1.134520e-04
1.222000e-02	1.135516e-04
1.223000e-02	1.136513e-04
1.224000e-02	1.137509e-04
1.225000e-02	1.138505e-04
1.226000e-02	1.139501e-04
1.227000e-02	1.140497e-04
1.228000e-02	1.141494e-04
1.229000e-02	1.142490e-04
1.230000e-02	1.143486e-04
1.231000e-02	1.144482e-04
1.232000e-02	1.145478e-04
1.233000e-02	1.146474e-04
1.234000e-02	1.147471e-04
1.235000e-02	1.148467e-04
1.236000e-02	1.149463e-04
1.237000e-02	1.150459e-04
1.238000e-02	1.151455e-04
1.239000e-02	1.152452e-04
1.240000e-02	1.153448e-04
1.241000e-02	1.154444e-04
1.242000e-02	1.155440e-04
1.243000e-02	1.156436e-04
1.244000e-02	1.157432e-04
1.245000e-02	1.158429e-04
1.246000e-02	1.159425e-04
1.247000e-02	1.160421e-04
1.248000e-02	1.161417e-04
1.249000e-02	1.162413e-04
1.250000e-02	1.163410e-04
1.251000e-02	1.164406e-04
1.252000e-02	1.165402e-04
1.253000e-02	1.166398e-04
1.254000e-02	1.167394e-04
1.255000e-02	1.168391e-04
1.256000e-02	1.169387e-04
1.257000e-02	1.170383e-04
1.258000e-02	1.171379e-04
1.259000e-02	1.172375e-04
1.260000e-02	1.173371e-04
1.261000e-02	1.174368e-04
1.262000e-02	1.175364e-04
1.263000e-02	1.176360e-04
1.264000e-02	1.177356e-04
1.265000e-02	1.178352e-04
1.266000e-02	1.179349e-04
1.267000e-02	1.180345e-04
1.268000e-02	1.181341e-04
1.269000e-02	1.182337e-04
1.270000e-02	1.183333e-04
1.271000e-02	1.184330e-04
1.272000e-02	1.185326e-04
1.273000e-02	1.186322e-04
1.274000e-02	1.187318e-04
1.275000e-02	1.188314e-04
1.276000e-02	1.189310e-04
1.277000e-02	1.190307e-04
1.278000e-02	1.191303e-04
1.279000e-02	1.192299e-04
1.280000e-02	1.193295e-04
1.281000e-02	1.194291e-04
1.282000e-02	1.195288e-04
1.283000e-02	1.196284e-04
1.284000e-02	1.197280e-04
1.285000e-02	1.198276e-04
1.286000e-02	1.199272e-04
1.287000e-02	1.200268e-04
1.288000e-02	1.201265e-04
1.289000e-02	1.202261e-04
1.290000e-02	1.203257e-04
1.291000e-02	1.204253e-04
1.292000e-02	1.205249e-04
1.293000e-02	1.206246e-04
1.294000e-02	1.207242e-04
1.295000e-02	1.208238e-04
1.296000e-02	1.209234e-04
1.297000e-02	1.210230e-04
1.298000e-02	1.211227e-04
1.299000e-02	1.212223e-04
1.300000e-02	1.213219e-04
1.301000e-02	1.214215e-04
1.302000e-02	1.215211e-04
1.303000e-02	1.216207e-04
1.304000e-02	1.217204e-04
1.305000e-02	1.218200e-04
1.306000e-02	1.219196e-04
1.307000e-02	1.220192e-04
1.308000e-02	1.221188e-04
1.309000e-02	1.222185e-04
1.310000e-02	1.223181e-04
1.311000e-02	1.224177e-04
1.312000e-02	1.225173e-04
1.313000e-02	1.226169e-04
1.314000e-02	1.227166e-04
1.315000e-02	1.228162e-04
1.316000e-02	1.229158e-04
1.317000e-02	1.230154e-04
1.318000e-02	1.231150e-04
1.319000e-02	1.232146e-04
1.320000e-02	1.233143e-04
1.321000e-02	1.234139e-04
1.322000e-02	1.235135e-04
1.323000e-02	1.236131e-04
1.324000e-02	1.237127e-04
1.325000e-02	1.238124e-04
1.326000e-02	1.239120e-04
1.327000e-02	1.240116e-04
1.328000e-02	1.241112e-04
1.329000e-02	1.242108e-04
1.330000e-02	1.243104e-04
1.331000e-02	1.244101e-04
1.332000e-02	1.245097e-04
1.333000e-02	1.246093e-04
1.334000e-02	1.247089e-04
1.335000e-02	1.248085e-04
1.336000e-02	1.249082e-04
1.337000e-02	1.250078e-04
1.338000e-02	1.251074e-04
1.339000e-02	1.252070e-04
1.340000e-02	1.253066e-04
1.341000e-02	1.254063e-04
1.342000e-02	1.255059e-04
1.343000e-02	1.256055e-04
1.344000e-02	1.257051e-04
1.345000e-02	1.258047e-04
1.346000e-02	1.259043e-04
1.347000e-02	1.260040e-04
1.348000e-02	1.261036e-04
1.349000e-02	1.262032e-04
1.350000e-02	1.263028e-04
1.351000e-02	1.264024e-04
1.352000e-02	1.265021e-04
1.353000e-02	1.266017e-04
1.354000e-02	1.267013e-04
1.355000e-02	1.268009e-04
1.356000e-02	1.269005e-04
1.357000e-02	1.270001e-04
1.358000e-02	1.270998e-04
1.359000e-02	1.271994e-04
1.360000e-02	1.272990e-04
1.361000e-02	1.273986e-04
1.362000e-02	1.274982e-04
1.363000e-02	1.275979e-04
1.364000e-02	1.276975e-04
1.365000e-02	1.277971e-04
1.366000e-02	1.278967e-04
1.367000e-02	1.279963e-04
1.368000e-02	1.280960e-04
1.369000e-02	1.281956e-04
1.370000e-02	1.282952e-04
1.371000e-02	1.283948e-04
1.372000e-02	1.284944e-04
1.373000e-02	1.285940e-04
1.374000e-02	1.286937e-04
1.375000e-02	1.287933e-04
1.376000e-02	1.288929e-04
1.377000e-02	1.289925e-04
1.378000e-02	1.290921e-04
1.379000e-02	1.291918e-04
1.380000e-02	1.292914e-04
1.381000e-02	1.293910e-04
1.382000e-02	1.294906e-04
1.383000e-02	1.295902e-04
1.384000e-02	1.296899e-04
1.385000e-02	1.297895e-04
1.386000e-02	1.298891e-04
1.387000e-02	1.299887e-04
1.388000e-02	1.300883e-04
1.389000e-02	1.301879e-04
1.390000e-02	1.302876e-04
1.391000e-02	1.303872e-04
1.392000e-02	1.304868e-04
1.393000e-02	1.305864e-04
1.394000e-02	1.306860e-04
1.395000e-02	1.307857e-04
1.396000e-02	1.308853e-04
1.397000e-02	1.309849e-04
1.398000e-02	1.310845e-04
1.399000e-02	1.311841e-04
1.400000e-02	1.312837e-04
1.401000e-02	1.313834e-04
1.402000e-02	1.314830e-04
1.403000e-02	1.315826e-04
1.404000e-02	1.316822e-04
1.405000e-02	1.317818e-04
1.406000e-02	1.318815e-04
1.407000e-02	1.319811e-04
1.408000e-02	1.320807e-04
1.409000e-02	1.321803e-04
1.410000e-02	1.322799e-04
1.411000e-02	1.323796e-04
1.412000e-02	1.324792e-04
1.413000e-02	1.325788e-04
1.414000e-02	1.326784e-04
1.415000e-02	1.327780e-04
1.416000e-02	1.328776e-04
1.417000e-02	1.329773e-04
1.418000e-02	1.330769e-04
1.419000e-02	1.331765e-04
1.420000e-02	1.332761e-04
1.421000e-02	1.333757e-04
1.422000e-02	1.334754e-04
1.423000e-02	1.335750e-04
1.424000e-02	1.336746e-04
1.425000e-02	1.337742e-04
1.426000e-02	1.338738e-04
1.427000e-02	1.339735e-04
1.428000e-02	1.340731e-04
1.429000e-02	1.341727e-04
1.430000e-02	1.342723e-04
1.431000e-02	1.343719e-04
1.432000e-02	1.344715e-04
1.433000e-02	1.345712e-04
1.434000e-02	1.346708e-04
1.435000e-02	1.347704e-04
1.436000e-02	1.348700e-04
1.437000e-02	1.349696e-04
1.438000e-02	1.350693e-04
1.439000e-02	1.351689e-04
1.440000e-02	1.352685e-04
1.441000e-02	1.353681e-04
1.442000e-02	1.354677e-04
1.443000e-02	1.355673e-04
1.444000e-02	1.356670e-04
1.445000e-02	1.357666e-04
1.446000e-02	1.358662e-04
1.447000e-02	1.359658e-04
1.448000e-02	1.360654e-04
1.449000e-02	1.361651e-04
1.450000e-02	1.362647e-04
1.451000e-02	1.363643e-04
1.452000e-02	1.364639e-04
1.453000e-02	1.365635e-04
1.454000e-02	1.366632e-04
1.455000e-02	1.367628e-04
1.456000e-02	1.368624e-04
1.457000e-02	1.369620e-04
1.458000e-02	1.370616e-04
1.459000e-02	1.371612e-04
1.460000e-02	1.372609e-04
1.461000e-02	1.373605e-04
1.462000e-02	1.374601e-04
1.463000e-02	1.375597e-04
1.464000e-02	1.376593e-04
1.465000e-02	1.377590e-04
1.466000e-02	1.378586e-04
1.467000e-02	1.379582e-04
1.468000e-02	1.380578e-04
1.469000e-02	1.381574e-04
1.470000e-02	1.382571e-04
1.471000e-02	1.383567e-04
1.472000e-02	1.384563e-04
1.473000e-02	1.385559e-04
1.474000e-02	1.386555e-04
1.475000e-02	1.387551e-04
1.476000e-02	1.388548e-04
1.477000e-02	1.389544e-04
1.478000e-02	1.390540e-04
1.479000e-02	1.391536e-04
1.480000e-02	1.392532e-04
1.481000e-02	1.393529e-04
1.482000e-02	1.394525e-04
1.483000e-02	1.395521e-04
1.484000e-02	1.396517e-04
1.485000e-02	1.397513e-04
1.486000e-02	1.398509e-04
1.487000e-02	1.399506e-04
1.488000e-02	1.400502e-04
1.489000e-02	1.401498e-04
1.490000e-02	1.402494e-04
1.491000e-02	1.403490e-04
1.492000e-02	1.404487e-04
1.493000e-02	1.405483e-04
1.494000e-02	1.406479e-04
1.495000e-02	1.407475e-04
1.496000e-02	1.408471e-04
1.497000e-02	1.409468e-04
1.498000e-02	1.410464e-04
1.499000e-02	1.411460e-04
1.500000e-02	1.412456e-04
1.501000e-02	1.413452e-04
1.502000e-02	1.414448e-04
1.503000e-02	1.415445e-04
1.504000e-02	1.416441e-04
1.505000e-02	1.417437e-04
1.506000e-02	1.418433e-04
1.507000e-02	1.419429e-04
1.508000e-02	1.420426e-04
1.509000e-02	1.421422e-04
1.510000e-02	1.422418e-04
1.511000e-02	1.423414e-04
1.512000e-02	1.424410e-04
1.513000e-02	1.425407e-04
1.514000e-02	1.426403e-04
1.515000e-02	1.427399e-04
1.516000e-02	1.428395e-04
1.517000e-02	1.429391e-04
1.518000e-02	1.430387e-04
1.519000e-02	1.431384e-04
1.520000e-02	1.432380e-04
1.521000e-02	1.433376e-04
1.522000e-02	1.434372e-04
1.523000e-02	1.435368e-04
1.524000e-02	1.436365e-04
1.525000e-02	1.437361e-04
1.526000e-02	1.438357e-04
1.527000e-02	1.439353e-04
1.528000e-02	1.440349e-04
1.529000e-02	1.441345e-04
1.530000e-02	1.442342e-04
1.531000e-02	1.443338e-04
1.532000e-02	1.444334e-04
1.533000e-02	1.445330e-04
1.534000e-02	1.446326e-04
1.535000e-02	1.447323e-04
1.536000e-02	1.448319e-04
1.537000e-02	1.449315e-04
1.538000e-02	1.450311e-04
1.539000e-02	1.451307e-04
1.540000e-02	1.452304e-04
1.541000e-02	1.453300e-04
1.542000e-02	1.454296e-04
1.543000e-02	1.455292e-04
1.544000e-02	1.456288e-04
1.545000e-02	1.457284e-04
1.546000e-02	1.458281e-04
1.547000e-02	1.459277e-04
1.548000e-02	1.460273e-04
1.549000e-02	1.461269e-04
1.550000e-02	1.462265e-04
1.551000e-02	1.463262e-04
1.552000e-02	1.464258e-04
1.553000e-02	1.465254e-04
1.554000e-02	1.466250e-04
1.555000e-02	1.467246e-04
1.556000e-02	1.468243e-04
1.557000e-02	1.469239e-04
1.558000e-02	1.470235e-04
1.559000e-02	1.471231e-04
1.560000e-02	1.472227e-04
1.561000e-02	1.473223e-04
1.562000e-02	1.474220e-04
1.563000e-02	1.475216e-04
1.564000e-02	1.476212e-04
1.565000e-02	1.477208e-04
1.566000e-02	1.478204e-04
1.567000e-02	1.479201e-04
1.568000e-02	1.480197e-04
1.569000e-02	1.481193e-04
1.570000e-02	1.482189e-04
1.571000e-02	1.483185e-04
1.572000e-02	1.484181e-04
1.573000e-02	1.485178e-04
1.574000e-02	1.486174e-04
1.575000e-02	1.487170e-04
1.576000e-02	1.488166e-04
1.577000e-02	1.489162e-04
1.578000e-02	1.490159e-04
1.579000e-02	1.491155e-04
1.580000e-02	1.492151e-04
1.581000e-02	1.493147e-04
1.582000e-02	1.494143e-04
1.583000e-02	1.495140e-04
1.584000e-02	1.496136e-04
1.585000e-02	1.497132e-04
1.586000e-02	1.498128e-04
1.587000e-02	1.499124e-04
1.588000e-02	1.500120e-04
1.589000e-02	1.501117e-04
1.590000e-02	1.502113e-04
1.591000e-02	1.503109e-04
1.592000e-02	1.504105e-04
1.593000e-02	1.505101e-04
1.594000e-02	1.506098e-04
1.595000e-02	1.507094e-04
1.596000e-02	1.508090e-04
1.597000e-02	1.509086e-04
1.598000e-02	1.510082e-04
1.599000e-02	1.511079e-04
1.600000e-02	1.512075e-04
1.601000e-02	1.513071e-04
1.602000e-02	1.514067e-04
1.603000e-02	1.515063e-04
1.604000e-02	1.516059e-04
1.605000e-02	1.517056e-04
1.606000e-02	1.518052e-04
1.607000e-02	1.519048e-04
1.608000e-02	1.520044e-04
1.609000e-02	1.521040e-04
1.610000e-02	1.522037e-04
1.611000e-02	1.523033e-04
1.612000e-02	1.524029e-04
1.613000e-02	1.525025e-04
1.614000e-02	1.526021e-04
1.615000e-02	1.527017e-04
1.616000e-02	1.528014e-04
1.617000e-02	1.529010e-04
1.618000e-02	1.530006e-04
1.619000e-02	1.531002e-04
1.620000e-02	1.531998e-04
1.621000e-02	1.532995e-04
1.622000e-02	1.533991e-04
1.623000e-02	1.534987e-04
1.624000e-02	1.535983e-04
1.625000e-02	1.536979e-04
1.626000e-02	1.537976e-04
1.627000e-02	1.538972e-04
1.628000e-02	1.539968e-04
1.629000e-02	1.540964e-04
1.630000e-02	1.541960e-04
1.631000e-02	1.542956e-04
1.632000e-02	1.543953e-04
1.633000e-02	1.544949e-04
1.634000e-02	1.545945e-04
1.635000e-02	1.546941e-04
1.636000e-02	1.547937e-04
1.637000e-02	1.548934e-04
1.638000e-02	1.549930e-04
1.639000e-02	1.550926e-04
1.640000e-02	1.551922e-04
1.641000e-02	1.552918e-04
1.642000e-02	1.553914e-04
1.643000e-02	1.554911e-04
1.644000e-02	1.555907e-04
1.645000e-02	1.556903e-04
1.646000e-02	1.557899e-04
1.647000e-02	1.558895e-04
1.648000e-02	1.559892e-04
1.649000e-02	1.560888e-04
1.650000e-02	1.561884e-04
1.651000e-02	1.562880e-04
1.652000e-02	1.563876e-04
1.653000e-02	1.564873e-04
1.654000e-02	1.565869e-04
1.655000e-02	1.566865e-04
1.656000e-02	1.567861e-04
1.657000e-02	1.568857e-04
1.658000e-02	1.569853e-04
1.659000e-02	1.570850e-04
1.660000e-02	1.571846e-04
1.661000e-02	1.572842e-04
1.662000e-02	1.573838e-04
1.663000e-02	1.574834e-04
1.664000e-02	1.575831e-04
1.665000e-02	1.576827e-04
1.666000e-02	1.577823e-04
1.667000e-02	1.578819e-04
1.668000e-02	1.579815e-04
1.669000e-02	1.580812e-04
1.670000e-02	1.581808e-04
1.671000e-02	1.582804e-04
1.672000e-02	1.583800e-04
1.673000e-02	1.584796e-04
1.674000e-02	1.585792e-04
1.675000e-02	1.586789e-04
1.676000e-02	1.587785e-04
1.677000e-02	1.588781e-04
1.678000e-02	1.589777e-04
1.679000e-02	1.590773e-04
1.680000e-02	1.591770e-04
1.681000e-02	1.592766e-04
1.682000e-02	1.593762e-04
1.683000e-02	1.594758e-04
1.684000e-02	1.595754e-04
1.685000e-02	1.596750e-04
1.686000e-02	1.597747e-04
1.687000e-02	1.598743e-04
1.688000e-02	1.599739e-04
1.689000e-02	1.600735e-04
1.690000e-02	1.601731e-04
1.691000e-02	1.602728e-04
1.692000e-02	1.603724e-04
1.693000e-02	1.604720e-04
1.694000e-02	1.605716e-04
1.695000e-02	1.606712e-04
1.696000e-02	1.607709e-04
1.697000e-02	1.608705e-04
1.698000e-02	1.609701e-04
1.699000e-02	1.610697e-04
1.700000e-02	1.611693e-04
1.701000e-02	1.612689e-04
1.702000e-02	1.613686e-04
1.703000e-02	1.614682e-04
1.704000e-02	1.615678e-04
1.705000e-02	1.616674e-04
1.706000e-02	1.617670e-04
1.707000e-02	1.618667e-04
1.708000e-02	1.619663e-04
1.709000e-02	1.620659e-04
1.710000e-02	1.621655e-04
1.711000e-02	1.622651e-04
1.712000e-02	1.623648e-04
1.713000e-02	1.624644e-04
1.714000e-02	1.625640e-04
1.715000e-02	1.626636e-04
1.716000e-02	1.627632e-04
1.717000e-02	1.628628e-04
1.718000e-02	1.629625e-04
1.719000e-02	1.630621e-04
1.720000e-02	1.631617e-04
1.721000e-02	1.632613e-04
1.722000e-02	1.633609e-04
1.723000e-02	1.634606e-04
1.724000e-02	1.635602e-04
1.725000e-02	1.636598e-04
1.726000e-02	1.637594e-04
1.727000e-02	1.638590e-04
1.728000e-02	1.639586e-04
1.729000e-02	1.640583e-04
1.730000e-02	1.641579e-04
1.731000e-02	1.642575e-04
1.732000e-02	1.643571e-04
1.733000e-02	1.644567e-04
1.734000e-02	1.645564e-04
1.735000e-02	1.646560e-04
1.736000e-02	1.647556e-04
1.737000e-02	1.648552e-04
1.738000e-02	1.649548e-04
1.739000e-02	1.650545e-04
1.740000e-02	1.651541e-04
1.741000e-02	1.652537e-04
1.742000e-02	1.653533e-04
1.743000e-02	1.654529e-04
1.744000e-02	1.655525e-04
1.745000e-02	1.656522e-04
1.746000e-02	1.657518e-04
1.747000e-02	1.658514e-04
1.748000e-02	1.659510e-04
1.749000e-02	1.660506e-04
1.750000e-02	1.661503e-04
1.751000e-02	1.662499e-04
1.752000e-02	1.663495e-04
1.753000e-02	1.664491e-04
1.754000e-02	1.665487e-04
1.755000e-02	1.666484e-04
1.756000e-02	1.667480e-04
1.757000e-02	1.668476e-04
1.758000e-02	1.669472e-04
1.759000e-02	1.670468e-04
1.760000e-02	1.671464e-04
1.761000e-02	1.672461e-04
1.762000e-02	1.673457e-04
1.763000e-02	1.674453e-04
1.764000e-02	1.675449e-04
1.765000e-02	1.676445e-04
1.766000e-02	1.677442e-04
1.767000e-02	1.678438e-04
1.768000e-02	1.679434e-04
1.769000e-02	1.680430e-04
1.770000e-02	1.681426e-04
1.771000e-02	1.682422e-04
1.772000e-02	1.683419e-04
1.773000e-02	1.684415e-04
1.774000e-02	1.685411e-04
1.775000e-02	1.686407e-04
1.776000e-02	1.687403e-04
1.777000e-02	1.688400e-04
1.778000e-02	1.689396e-04
1.779000e-02	1.690392e-04
1.780000e-02	1.691388e-04
1.781000e-02	1.692384e-04
1.782000e-02	1.693381e-04
1.783000e-02	1.694377e-04
1.784000e-02	1.695373e-04
1.785000e-02	1.696369e-04
1.786000e-02	1.697365e-04
1.787000e-02	1.698361e-04
1.788000e-02	1.699358e-04
1.789000e-02	1.700354e-04
1.790000e-02	1.701350e-04
1.791000e-02	1.702346e-04
1.792000e-02	1.703342e-04
1.793000e-02	1.704339e-04
1.794000e-02	1.705335e-04
1.795000e-02	1.706331e-04
1.796000e-02	1.707327e-04
1.797000e-02	1.708323e-04
1.798000e-02	1.709320e-04
1.799000e-02	1.710316e-04
1.800000e-02	1.711312e-04
1.801000e-02	1.712308e-04
1.802000e-02	1.713304e-04
1.803000e-02	1.714300e-04
1.804000e-02	1.715297e-04
1.805000e-02	1.716293e-04
1.806000e-02	1.717289e-04
1.807000e-02	1.718285e-04
1.808000e-02	1.719281e-04
1.809000e-02	1.720278e-04
1.810000e-02	1.721274e-04
1.811000e-02	1.722270e-04
1.812000e-02	1.723266e-04
1.813000e-02	1.724262e-04
1.814000e-02	1.725258e-04
1.815000e-02	1.726255e-04
1.816000e-02	1.727251e-04
1.817000e-02	1.728247e-04
1.818000e-02	1.729243e-04
1.819000e-02	1.730239e-04
1.820000e-02	1.731236e-04
1.821000e-02	1.732232e-04
1.822000e-02	1.733228e-04
1.823000e-02	1.734224e-04
1.824000e-02	1.735220e-04
1.825000e-02	1.736217e-04
1.826000e-02	1.737213e-04
1.827000e-02	1.738209e-04
1.828000e-02	1.739205e-04
1.829000e-02	1.740201e-04
1.830000e-02	1.741197e-04
1.831000e-02	1.742194e-04
1.832000e-02	1.743190e-04
1.833000e-02	1.744186e-04
1.834000e-02	1.745182e-04
1.835000e-02	1.746178e-04
1.836000e-02	1.747175e-04
1.837000e-02	1.748171e-04
1.838000e-02	1.749167e-04
1.839000e-02	1.750163e-04
1.840000e-02	1.751159e-04
1.841000e-02	1.752156e-04
1.842000e-02	1.753152e-04
1.843000e-02	1.754148e-04
1.844000e-02	1.755144e-04
1.845000e-02	1.756140e-04
1.846000e-02	1.757136e-04
1.847000e-02	1.758133e-04
1.848000e-02	1.759129e-04
1.849000e-02	1.760125e-04
1.850000e-02	1.761121e-04
1.851000e-02	1.762117e-04
1.852000e-02	1.763114e-04
1.853000e-02	1.764110e-04
1.854000e-02	1.765106e-04
1.855000e-02	1.766102e-04
1.856000e-02	1.767098e-04
1.857000e-02	1.768094e-04
1.858000e-02	1.769091e-04
1.859000e-02	1.770087e-04
1.860000e-02	1.771083e-04
1.861000e-02	1.772079e-04
1.862000e-02	1.773075e-04
1.863000e-02	1.774072e-04
1.864000e-02	1.775068e-04
1.865000e-02	1.776064e-04
1.866000e-02	1.777060e-04
1.867000e-02	1.778056e-04
1.868000e-02	1.779053e-04
1.869000e-02	1.780049e-04
1.870000e-02	1.781045e-04
1.871000e-02	1.782041e-04
1.872000e-02	1.783037e-04
1.873000e-02	1.784033e-04
1.874000e-02	1.785030e-04
1.875000e-02	1.786026e-04
1.876000e-02	1.787022e-04
1.877000e-02	1.788018e-04
1.878000e-02	1.789014e-04
1.879000e-02	1.790011e-04
1.880000e-02	1.791007e-04
1.881000e-02	1.792003e-04
1.882000e-02	1.792999e-04
1.883000e-02	1.793995e-04
1.884000e-02	1.794991e-04
1.885000e-02	1.795988e-04
1.886000e-02	1.796984e-04
1.887000e-02	1.797980e-04
1.888000e-02	1.798976e-04
1.889000e-02	1.799972e-04
1.890000e-02	1.800969e-04
1.891000e-02	1.801965e-04
1.892000e-02	1.802961e-04
1.893000e-02	1.803957e-04
1.894000e-02	1.804953e-04
1.895000e-02	1.805950e-04
1.896000e-02	1.806946e-04
1.897000e-02	1.807942e-04
1.898000e-02	1.808938e-04
1.899000e-02	1.809934e-04
1.900000e-02	1.810930e-04
1.901000e-02	1.811927e-04
1.902000e-02	1.812923e-04
1.903000e-02	1.813919e-04
1.904000e-02	1.814915e-04
1.905000e-02	1.815911e-04
1.906000e-02	1.816908e-04
1.907000e-02	1.817904e-04
1.908000e-02	1.818900e-04
1.909000e-02	1.819896e-04
1.910000e-02	1.820892e-04
1.911000e-02	1.821889e-04
1.912000e-02	1.822885e-04
1.913000e-02	1.823881e-04
1.914000e-02	1.824877e-04
1.915000e-02	1.825873e-04
1.916000e-02	1.826869e-04
1.917000e-02	1.827866e-04
1.918000e-02	1.828862e-04
1.919000e-02	1.829858e-04
1.920000e-02	1.830854e-04
1.921000e-02	1.831850e-04
1.922000e-02	1.832847e-04
1.923000e-02	1.833843e-04
1.924000e-02	1.834839e-04
1.925000e-02	1.835835e-04
1.926000e-02	1.836831e-04
1.927000e-02	1.837827e-04
1.928000e-02	1.838824e-04
1.929000e-02	1.839820e-04
1.930000e-02	1.840816e-04
1.931000e-02	1.841812e-04
1.932000e-02	1.842808e-04
1.933000e-02	1.843805e-04
1.934000e-02	1.844801e-04
1.935000e-02	1.845797e-04
1.936000e-02	1.846793e-04
1.937000e-02	1.847789e-04
1.938000e-02	1.848786e-04
1.939000e-02	1.849782e-04
1.940000e-02	1.850778e-04
1.941000e-02	1.851774e-04
1.942000e-02	1.852770e-04
1.943000e-02	1.853766e-04
1.944000e-02	1.854763e-04
1.945000e-02	1.855759e-04
1.946000e-02	1.856755e-04
1.947000e-02	1.857751e-04
1.948000e-02	1.858747e-04
1.949000e-02	1.859744e-04
1.950000e-02	1.860740e-04
1.951000e-02	1.861736e-04
1.952000e-02	1.862732e-04
1.953000e-02	1.863728e-04
1.954000e-02	1.864725e-04
1.955000e-02	1.865721e-04
1.956000e-02	1.866717e-04
1.957000e-02	1.867713e-04
1.958000e-02	1.868709e-04
1.959000e-02	1.869705e-04
1.960000e-02	1.870702e-04
1.961000e-02	1.871698e-04
1.962000e-02	1.872694e-04
1.963000e-02	1.873690e-04
1.964000e-02	1.874686e-04
1.965000e-02	1.875683e-04
1.966000e-02	1.876679e-04
1.967000e-02	1.877675e-04
1.968000e-02	1.878671e-04
1.969000e-02	1.879667e-04
1.970000e-02	1.880663e-04
1.971000e-02	1.881660e-04
1.972000e-02	1.882656e-04
1.973000e-02	1.883652e-04
1.974000e-02	1.884648e-04
1.975000e-02	1.885644e-04
1.976000e-02	1.886641e-04
1.977000e-02	1.887637e-04
1.978000e-02	1.888633e-04
1.979000e-02	1.889629e-04
1.980000e-02	1.890625e-04
1.981000e-02	1.891622e-04
1.982000e-02	1.892618e-04
1.983000e-02	1.893614e-04
1.984000e-02	1.894610e-04
1.985000e-02	1.895606e-04
1.986000e-02	1.896602e-04
1.987000e-02	1.897599e-04
1.988000e-02	1.898595e-04
1.989000e-02	1.899591e-04
1.990000e-02	1.900587e-04
1.991000e-02	1.901583e-04
1.992000e-02	1.902580e-04
1.993000e-02	1.903576e-04
1.994000e-02	1.904572e-04
1.995000e-02	1.905568e-04
1.996000e-02	1.906564e-04
1.997000e-02	1.907561e-04
1.998000e-02	1.908557e-04
1.999000e-02	1.909553e-04
2.000000e-02	1.910549e-04
2.001000e-02	1.911545e-04
2.002000e-02	1.912541e-04
2.003000e-02	1.913538e-04
2.004000e-02	1.914534e-04
2.005000e-02	1.915530e-04
2.006000e-02	1.916526e-04
2.007000e-02	1.917522e-04
2.008000e-02	1.918519e-04
2.009000e-02	1.919515e-04
2.010000e-02	1.920511e-04
2.011000e-02	1.921507e-04
2.012000e-02	1.922503e-04
2.013000e-02	1.923499e-04
2.014000e-02	1.924496e-04
2.015000e-02	1.925492e-04
2.016000e-02	1.926488e-04
2.017000e-02	1.927484e-04
2.018000e-02	1.928480e-04
2.019000e-02	1.929477e-04
2.020000e-02	1.930473e-04
2.021000e-02	1.931469e-04
2.022000e-02	1.932465e-04
2.023000e-02	1.933461e-04
2.024000e-02	1.934458e-04
2.025000e-02	1.935454e-04
2.026000e-02	1.936450e-04
2.027000e-02	1.937446e-04
2.028000e-02	1.938442e-04
2.029000e-02	1.939438e-04
2.030000e-02	1.940435e-04
2.031000e-02	1.941431e-04
2.032000e-02	1.942427e-04
2.033000e-02	1.943423e-04
2.034000e-02	1.944419e-04
2.035000e-02	1.945416e-04
2.036000e-02	1.946412e-04
2.037000e-02	1.947408e-04
2.038000e-02	1.948404e-04
2.039000e-02	1.949400e-04
2.040000e-02	1.950397e-04
2.041000e-02	1.951393e-04
2.042000e-02	1.952389e-04
2.043000e-02	1.953385e-04
2.044000e-02	1.954381e-04
2.045000e-02	1.955377e-04
2.046000e-02	1.956374e-04
2.047000e-02	1.957370e-04
2.048000e-02	1.958366e-04
2.049000e-02	1.959362e-04
2.050000e-02	1.960358e-04
2.051000e-02	1.961355e-04
2.052000e-02	1.962351e-04
2.053000e-02	1.963347e-04
2.054000e-02	1.964343e-04
2.055000e-02	1.965339e-04
2.056000e-02	1.966335e-04
2.057000e-02	1.967332e-04
2.058000e-02	1.968328e-04
2.059000e-02	1.969324e-04
2.060000e-02	1.970320e-04
2.061000e-02	1.971316e-04
2.062000e-02	1.972313e-04
2.063000e-02	1.973309e-04
2.064000e-02	1.974305e-04
2.065000e-02	1.975301e-04
2.066000e-02	1.976297e-04
2.067000e-02	1.977294e-04
2.068000e-02	1.978290e-04
2.069000e-02	1.979286e-04
2.070000e-02	1.980282e-04
2.071000e-02	1.981278e-04
2.072000e-02	1.982274e-04
2.073000e-02	1.983271e-04
2.074000e-02	1.984267e-04
2.075000e-02	1.985263e-04
2.076000e-02	1.986259e-04
2.077000e-02	1.987255e-04
2.078000e-02	1.988252e-04
2.079000e-02	1.989248e-04
2.080000e-02	1.990244e-04
2.081000e-02	1.991240e-04
2.082000e-02	1.992236e-04
2.083000e-02	1.993233e-04
2.084000e-02	1.994229e-04
2.085000e-02	1.995225e-04
2.086000e-02	1.996221e-04
2.087000e-02	1.997217e-04
2.088000e-02	1.998213e-04
2.089000e-02	1.999210e-04
2.090000e-02	2.000206e-04
2.091000e-02	2.001202e-04
2.092000e-02	2.002198e-04
2.093000e-02	2.003194e-04
2.094000e-02	2.004191e-04
2.095000e-02	2.005187e-04
2.096000e-02	2.006183e-04
2.097000e-02	2.007179e-04
2.098000e-02	2.008175e-04
2.099000e-02	2.009171e-04
2.100000e-02	2.010168e-04
2.101000e-02	2.011480e-04
2.102000e-02	2.012792e-04
2.103000e-02	2.014104e-04
2.104000e-02	2.015416e-04
2.105000e-02	2.016728e-04
2.106000e-02	2.018040e-04
2.107000e-02	2.019352e-04
2.108000e-02	2.020664e-04
2.109000e-02	2.021976e-04
2.110000e-02	2.023288e-04
2.111000e-02	2.024600e-04
2.112000e-02	2.025912e-04
2.113000e-02	2.027224e-04
2.114000e-02	2.028536e-04
2.115000e-02	2.029848e-04
2.116000e-02	2.031160e-04
2.117000e-02	2.032472e-04
2.118000e-02	2.033784e-04
2.119000e-02	2.035096e-04
2.120000e-02	2.036408e-04
2.121000e-02	2.037720e-04
2.122000e-02	2.039032e-04
2.123000e-02	2.040344e-04
2.124000e-02	2.041656e-04
2.125000e-02	2.042968e-04
2.126000e-02	2.044280e-04
2.127000e-02	2.045592e-04
2.128000e-02	2.046904e-04
2.129000e-02	2.048216e-04
2.130000e-02	2.049528e-04
2.131000e-02	2.050840e-04
2.132000e-02	2.052152e-04
2.133000e-02	2.053464e-04
2.134000e-02	2.054776e-04
2.135000e-02	2.056088e-04
2.136000e-02	2.057400e-04
2.137000e-02	2.058712e-04
2.138000e-02	2.060024e-04
2.139000e-02	2.061336e-04
2.140000e-02	2.062648e-04
2.141000e-02	2.063960e-04
2.142000e-02	2.065272e-04
2.143000e-02	2.066584e-04
2.144000e-02	2.067896e-04
2.145000e-02	2.069208e-04
2.146000e-02	2.070520e-04
2.147000e-02	2.071832e-04
2.148000e-02	2.073144e-04
2.149000e-02	2.074456e-04
2.150000e-02	2.075768e-04
2.151000e-02	2.077080e-04
2.152000e-02	2.078392e-04
2.153000e-02	2.079704e-04
2.154000e-02	2.081016e-04
2.155000e-02	2.082328e-04
2.156000e-02	2.083640e-04
2.157000e-02	2.084952e-04
2.158000e-02	2.086264e-04
2.159000e-02	2.087576e-04
2.160000e-02	2.088888e-04
2.161000e-02	2.090200e-04
2.162000e-02	2.091512e-04
2.163000e-02	2.092824e-04
2.164000e-02	2.094136e-04
2.165000e-02	2.095448e-04
2.166000e-02	2.096760e-04
2.167000e-02	2.098072e-04
2.168000e-02	2.099384e-04
2.169000e-02	2.100696e-04
2.170000e-02	2.102008e-04
2.171000e-02	2.103320e-04
2.172000e-02	2.104632e-04
2.173000e-02	2.105944e-04
2.174000e-02	2.107256e-04
2.175000e-02	2.108568e-04
2.176000e-02	2.109880e-04
2.177000e-02	2.111192e-04
2.178000e-02	2.112504e-04
2.179000e-02	2.113816e-04
2.180000e-02	2.115128e-04
2.181000e-02	2.116440e-04
2.182000e-02	2.117752e-04
2.183000e-02	2.119064e-04
2.184000e-02	2.120376e-04
2.185000e-02	2.121688e-04
2.186000e-02	2.123000e-04
2.187000e-02	2.124312e-04
2.188000e-02	2.125624e-04
2.189000e-02	2.126936e-04
2.190000e-02	2.128248e-04
2.191000e-02	2.129560e-04
2.192000e-02	2.130872e-04
2.193000e-02	2.132184e-04
2.194000e-02	2.133496e-04
2.195000e-02	2.134808e-04
2.196000e-02	2.136120e-04
2.197000e-02	2.137432e-04
2.198000e-02	2.138744e-04
2.199000e-02	2.140056e-04
2.200000e-02	2.141368e-04
2.201000e-02	2.142686e-04
2.202000e-02	2.144005e-04
2.203000e-02	2.145324e-04
2.204000e-02	2.146642e-04
2.205000e-02	2.147961e-04
2.206000e-02	2.149280e-04
2.207000e-02	2.150598e-04
2.208000e-02	2.151917e-04
2.209000e-02	2.153236e-04
2.210000e-02	2.154554e-04
2.211000e-02	2.155873e-04
2.212000e-02	2.157192e-04
2.213000e-02	2.158510e-04
2.214000e-02	2.159829e-04
2.215000e-02	2.161148e-04
2.216000e-02	2.162466e-04
2.217000e-02	2.163785e-04
2.218000e-02	2.165103e-04
2.219000e-02	2.166422e-04
2.220000e-02	2.167741e-04
2.221000e-02	2.169059e-04
2.222000e-02	2.170378e-04
2.223000e-02	2.171697e-04
2.224000e-02	2.173015e-04
2.225000e-02	2.174334e-04
2.226000e-02	2.175653e-04
2.227000e-02	2.176971e-04
2.228000e-02	2.178290e-04
2.229000e-02	2.179609e-04
2.230000e-02	2.180927e-04
2.231000e-02	2.182246e-04
2.232000e-02	2.183565e-04
2.233000e-02	2.184883e-04
2.234000e-02	2.186202e-04
2.235000e-02	2.187521e-04
2.236000e-02	2.188839e-04
2.237000e-02	2.190158e-04
2.238000e-02	2.191477e-04
2.239000e-02	2.192795e-04
2.240000e-02	2.194114e-04
2.241000e-02	2.195433e-04
2.242000e-02	2.196751e-04
2.243000e-02	2.198070e-04
2.244000e-02	2.199389e-04
2.245000e-02	2.200707e-04
2.246000e-02	2.202026e-04
2.247000e-02	2.203345e-04
2.248000e-02	2.204663e-04
2.249000e-02	2.205982e-04
2.250000e-02	2.207301e-04
2.251000e-02	2.208619e-04
2.252000e-02	2.209938e-04
2.253000e-02	2.211257e-04
2.254000e-02	2.212575e-04
2.255000e-02	2.213894e-04
2.256000e-02	2.215213e-04
2.257000e-02	2.216531e-04
2.258000e-02	2.217850e-04
2.259000e-02	2.219169e-04
2.260000e-02	2.220487e-04
2.261000e-02	2.221806e-04
2.262000e-02	2.223125e-04
2.263000e-02	2.224443e-04
2.264000e-02	2.225762e-04
2.265000e-02	2.227081e-04
2.266000e-02	2.228399e-04
2.267000e-02	2.229718e-04
2.268000e-02	2.231037e-04
2.269000e-02	2.232355e-04
2.270000e-02	2.233674e-04
2.271000e-02	2.234993e-04
2.272000e-02	2.236311e-04
2.273000e-02	2.237630e-04
2.274000e-02	2.238949e-04
2.275000e-02	2.240267e-04
2.276000e-02	2.241586e-04
2.277000e-02	2.242904e-04
2.278000e-02	2.244223e-04
2.279000e-02	2.245542e-04
2.280000e-02	2.246860e-04
2.281000e-02	2.248179e-04
2.282000e-02	2.249498e-04
2.283000e-02	2.250816e-04
2.284000e-02	2.252135e-04
2.285000e-02	2.253454e-04
2.286000e-02	2.254772e-04
2.287000e-02	2.256091e-04
2.288000e-02	2.257410e-04
2.289000e-02	2.258728e-04
2.290000e-02	2.260047e-04
2.291000e-02	2.261366e-04
2.292000e-02	2.262684e-04
2.293000e-02	2.264003e-04
2.294000e-02	2.265322e-04
2.295000e-02	2.266640e-04
2.296000e-02	2.267959e-04
2.297000e-02	2.269278e-04
2.298000e-02	2.270596e-04
2.299000e-02	2.271915e-04
2.300000e-02	2.273234e-04
2.301000e-02	2.274558e-04
2.302000e-02	2.275882e-04
2.303000e-02	2.277206e-04
2.304000e-02	2.278531e-04
2.305000e-02	2.279855e-04
2.306000e-02	2.281179e-04
2.307000e-02	2.282503e-04
2.308000e-02	2.283828e-04
2.309000e-02	2.285152e-04
2.310000e-02	2.286476e-04
2.311000e-02	2.287800e-04
2.312000e-02	2.289124e-04
2.313000e-02	2.290449e-04
2.314000e-02	2.291773e-04
2.315000e-02	2.293097e-04
2.316000e-02	2.294421e-04
2.317000e-02	2.295746e-04
2.318000e-02	2.297070e-04
2.319000e-02	2.298394e-04
2.320000e-02	2.299718e-04
2.321000e-02	2.301042e-04
2.322000e-02	2.302367e-04
2.323000e-02	2.303691e-04
2.324000e-02	2.305015e-04
2.325000e-02	2.306339e-04
2.326000e-02	2.307664e-04
2.327000e-02	2.308988e-04
2.328000e-02	2.310312e-04
2.329000e-02	2.311636e-04
2.330000e-02	2.312961e-04
2.331000e-02	2.314285e-04
2.332000e-02	2.315609e-04
2.333000e-02	2.316933e-04
2.334000e-02	2.318257e-04
2.335000e-02	2.319582e-04
2.336000e-02	2.320906e-04
2.337000e-02	2.322230e-04
2.338000e-02	2.323554e-04
2.339000e-02	2.324879e-04
2.340000e-02	2.326203e-04
2.341000e-02	2.327527e-04
2.342000e-02	2.328851e-04
2.343000e-02	2.330175e-04
2.344000e-02	2.331500e-04
2.345000e-02	2.332824e-04
2.346000e-02	2.334148e-04
2.347000e-02	2.335472e-04
2.348000e-02	2.336797e-04
2.349000e-02	2.338121e-04
2.350000e-02	2.339445e-04
2.351000e-02	2.340769e-04
2.352000e-02	2.342094e-04
2.353000e-02	2.343418e-04
2.354000e-02	2.344742e-04
2.355000e-02	2.346066e-04
2.356000e-02	2.347390e-04
2.357000e-02	2.348715e-04
2.358000e-02	2.350039e-04
2.359000e-02	2.351363e-04
2.360000e-02	2.352687e-04
2.361000e-02	2.354012e-04
2.362000e-02	2.355336e-04
2.363000e-02	2.356660e-04
2.364000e-02	2.357984e-04
2.365000e-02	2.359308e-04
2.366000e-02	2.360633e-04
2.367000e-02	2.361957e-04
2.368000e-02	2.363281e-04
2.369000e-02	2.364605e-04
2.370000e-02	2.365930e-04
2.371000e-02	2.367254e-04
2.372000e-02	2.368578e-04
2.373000e-02	2.369902e-04
2.374000e-02	2.371227e-04
2.375000e-02	2.372551e-04
2.376000e-02	2.373875e-04
2.377000e-02	2.375199e-04
2.378000e-02	2.376523e-04
2.379000e-02	2.377848e-04
2.380000e-02	2.379172e-04
2.381000e-02	2.380496e-04
2.382000e-02	2.381820e-04
2.383000e-02	2.383145e-04
2.384000e-02	2.384469e-04
2.385000e-02	2.385793e-04
2.386000e-02	2.387117e-04
2.387000e-02	2.388441e-04
2.388000e-02	2.389766e-04
2.389000e-02	2.391090e-04
2.390000e-02	2.392414e-04
2.391000e-02	2.393738e-04
2.392000e-02	2.395063e-04
2.393000e-02	2.396387e-04
2.394000e-02	2.397711e-04
2.395000e-02	2.399035e-04
2.396000e-02	2.400360e-04
2.397000e-02	2.401684e-04
2.398000e-02	2.403008e-04
2.399000e-02	2.404332e-04
2.400000e-02	2.405656e-04
2.401000e-02	2.406985e-04
2.402000e-02	2.408314e-04
2.403000e-02	2.409643e-04
2.404000e-02	2.410972e-04
2.405000e-02	2.412301e-04
2.406000e-02	2.413630e-04
2.407000e-02	2.414959e-04
2.408000e-02	2.416288e-04
2.409000e-02	2.417617e-04
2.410000e-02	2.418946e-04
2.411000e-02	2.420275e-04
2.412000e-02	2.421604e-04
2.413000e-02	2.422932e-04
2.414000e-02	2.424261e-04
2.415000e-02	2.425590e-04
2.416000e-02	2.426919e-04
2.417000e-02	2.428248e-04
2.418000e-02	2.429577e-04
2.419000e-02	2.430906e-04
2.420000e-02	2.432235e-04
2.421000e-02	2.433564e-04
2.422000e-02	2.434893e-04
2.423000e-02	2.436222e-04
2.424000e-02	2.437551e-04
2.425000e-02	2.438880e-04
2.426000e-02	2.440208e-04
2.427000e-02	2.441537e-04
2.428000e-02	2.442866e-04
2.429000e-02	2.444195e-04
2.430000e-02	2.445524e-04
2.431000e-02	2.446853e-04
2.432000e-02	2.448182e-04
2.433000e-02	2.449511e-04
2.434000e-02	2.450840e-04
2.435000e-02	2.452169e-04
2.436000e-02	2.453498e-04
2.437000e-02	2.454827e-04
2.438000e-02	2.456156e-04
2.439000e-02	2.457484e-04
2.440000e-02	2.458813e-04
2.441000e-02	2.460142e-04
2.442000e-02	2.461471e-04
2.443000e-02	2.462800e-04
2.444000e-02	2.464129e-04
2.445000e-02	2.465458e-04
2.446000e-02	2.466787e-04
2.447000e-02	2.468116e-04
2.448000e-02	2.469445e-04
2.449000e-02	2.470774e-04
2.450000e-02	2.472103e-04
2.451000e-02	2.473432e-04
2.452000e-02	2.474760e-04
2.453000e-02	2.476089e-04
2.454000e-02	2.477418e-04
2.455000e-02	2.478747e-04
2.456000e-02	2.480076e-04
2.457000e-02	2.481405e-04
2.458000e-02	2.482734e-04
2.459000e-02	2.484063e-04
2.460000e-02	2.485392e-04
2.461000e-02	2.486721e-04
2.462000e-02	2.488050e-04
2.463000e-02	2.489379e-04
2.464000e-02	2.490708e-04
2.465000e-02	2.492036e-04
2.466000e-02	2.493365e-04
2.467000e-02	2.494694e-04
2.468000e-02	2.496023e-04
2.469000e-02	2.497352e-04
2.470000e-02	2.498681e-04
2.471000e-02	2.500010e-04
2.472000e-02	2.501339e-04
2.473000e-02	2.502668e-04
2.474000e-02	2.503997e-04
2.475000e-02	2.505326e-04
2.476000e-02	2.506655e-04
2.477000e-02	2.507984e-04
2.478000e-02	2.509312e-04
2.479000e-02	2.510641e-04
2.480000e-02	2.511970e-04
2.481000e-02	2.513299e-04
2.482000e-02	2.514628e-04
2.483000e-02	2.515957e-04
2.484000e-02	2.517286e-04
2.485000e-02	2.518615e-04
2.486000e-02	2.519944e-04
2.487000e-02	2.521273e-04
2.488000e-02	2.522602e-04
2.489000e-02	2.523931e-04
2.490000e-02	2.525260e-04
2.491000e-02	2.526588e-04
2.492000e-02	2.527917e-04
2.493000e-02	2.529246e-04
2.494000e-02	2.530575e-04
2.495000e-02	2.531904e-04
2.496000e-02	2.533233e-04
2.497000e-02	2.534562e-04
2.498000e-02	2.535891e-04
2.499000e-02	2.537220e-04
