z1_new_m	d2_new_long_m
-1.100000e-02	3.405091e-04
-1.099000e-02	3.403321e-04
-1.098000e-02	3.401550e-04
-1.097000e-02	3.399780e-04
-1.096000e-02	3.398010e-04
-1.095000e-02	3.396240e-04
-1.094000e-02	3.394470e-04
-1.093000e-02	3.392700e-04
-1.092000e-02	3.390930e-04
-1.091000e-02	3.389160e-04
-1.090000e-02	3.387390e-04
-1.089000e-02	3.385620e-04
-1.088000e-02	3.383850e-04
-1.087000e-02	3.382079e-04
-1.086000e-02	3.380309e-04
-1.085000e-02	3.378539e-04
-1.084000e-02	3.376769e-04
-1.083000e-02	3.374999e-04
-1.082000e-02	3.373229e-04
-1.081000e-02	3.371459e-04
-1.080000e-02	3.369689e-04
-1.079000e-02	3.367919e-04
-1.078000e-02	3.366149e-04
-1.077000e-02	3.364379e-04
-1.076000e-02	3.362608e-04
-1.075000e-02	3.360838e-04
-1.074000e-02	3.359068e-04
-1.073000e-02	3.357298e-04
-1.072000e-02	3.355528e-04
-1.071000e-02	3.353758e-04
-1.070000e-02	3.351988e-04
-1.069000e-02	3.350218e-04
-1.068000e-02	3.348448e-04
-1.067000e-02	3.346678e-04
-1.066000e-02	3.344908e-04
-1.065000e-02	3.343137e-04
-1.064000e-02	3.341367e-04
-1.063000e-02	3.339597e-04
-1.062000e-02	3.337827e-04
-1.061000e-02	3.336057e-04
-1.060000e-02	3.334287e-04
-1.059000e-02	3.332517e-04
-1.058000e-02	3.330747e-04
-1.057000e-02	3.328977e-04
-1.056000e-02	3.327207e-04
-1.055000e-02	3.325437e-04
-1.054000e-02	3.323667e-04
-1.053000e-02	3.321896e-04
-1.052000e-02	3.320126e-04
-1.051000e-02	3.318356e-04
-1.050000e-02	3.316586e-04
-1.049000e-02	3.314816e-04
-1.048000e-02	3.313046e-04
-1.047000e-02	3.311276e-04
-1.046000e-02	3.309506e-04
-1.045000e-02	3.307736e-04
-1.044000e-02	3.305966e-04
-1.043000e-02	3.304196e-04
-1.042000e-02	3.302425e-04
-1.041000e-02	3.300655e-04
-1.040000e-02	3.298885e-04
-1.039000e-02	3.297115e-04
-1.038000e-02	3.295345e-04
-1.037000e-02	3.293575e-04
-1.036000e-02	3.291805e-04
-1.035000e-02	3.290035e-04
-1.034000e-02	3.288265e-04
-1.033000e-02	3.286495e-04
-1.032000e-02	3.284725e-04
-1.031000e-02	3.282954e-04
-1.030000e-02	3.281184e-04
-1.029000e-02	3.279414e-04
-1.028000e-02	3.277644e-04
-1.027000e-02	3.275874e-04
-1.026000e-02	3.274104e-04
-1.025000e-02	3.272334e-04
-1.024000e-02	3.270564e-04
-1.023000e-02	3.268794e-04
-1.022000e-02	3.267024e-04
-1.021000e-02	3.265254e-04
-1.020000e-02	3.263483e-04
-1.019000e-02	3.261713e-04
-1.018000e-02	3.259943e-04
-1.017000e-02	3.258173e-04
-1.016000e-02	3.256403e-04
-1.015000e-02	3.254633e-04
-1.014000e-02	3.252863e-04
-1.013000e-02	3.251093e-04
-1.012000e-02	3.249323e-04
-1.011000e-02	3.247553e-04
-1.010000e-02	3.245783e-04
-1.009000e-02	3.244012e-04
-1.008000e-02	3.242242e-04
-1.007000e-02	3.240472e-04
-1.006000e-02	3.238702e-04
-1.005000e-02	3.236932e-04
-1.004000e-02	3.235162e-04
-1.003000e-02	3.233392e-04
-1.002000e-02	3.231622e-04
-1.001000e-02	3.229852e-04
-1.000000e-02	3.228082e-04
-9.990000e-03	3.226329e-04
-9.980000e-03	3.224577e-04
-9.970000e-03	3.222824e-04
-9.960000e-03	3.221071e-04
-9.950000e-03	3.219319e-04
-9.940000e-03	3.217566e-04
-9.930000e-03	3.215814e-04
-9.920000e-03	3.214061e-04
-9.910000e-03	3.212308e-04
-9.900000e-03	3.210556e-04
-9.890000e-03	3.208803e-04
-9.880000e-03	3.207051e-04
-9.870000e-03	3.205298e-04
-9.860000e-03	3.203546e-04
-9.850000e-03	3.201793e-04
-9.840000e-03	3.200040e-04
-9.830000e-03	3.198288e-04
-9.820000e-03	3.196535e-04
-9.810000e-03	3.194783e-04
-9.800000e-03	3.193030e-04
-9.790000e-03	3.191277e-04
-9.780000e-03	3.189525e-04
-9.770000e-03	3.187772e-04
-9.760000e-03	3.186020e-04
-9.750000e-03	3.184267e-04
-9.740000e-03	3.182515e-04
-9.730000e-03	3.180762e-04
-9.720000e-03	3.179009e-04
-9.710000e-03	3.177257e-04
-9.700000e-03	3.175504e-04
-9.690000e-03	3.173752e-04
-9.680000e-03	3.171999e-04
-9.670000e-03	3.170246e-04
-9.660000e-03	3.168494e-04
-9.650000e-03	3.166741e-04
-9.640000e-03	3.164989e-04
-9.630000e-03	3.163236e-04
-9.620000e-03	3.161484e-04
-9.610000e-03	3.159731e-04
-9.600000e-03	3.157978e-04
-9.590000e-03	3.156226e-04
-9.580000e-03	3.154473e-04
-9.570000e-03	3.152721e-04
-9.560000e-03	3.150968e-04
-9.550000e-03	3.149215e-04
-9.540000e-03	3.147463e-04
-9.530000e-03	3.145710e-04
-9.520000e-03	3.143958e-04
-9.510000e-03	3.142205e-04
-9.500000e-03	3.140453e-04
-9.490000e-03	3.138700e-04
-9.480000e-03	3.136947e-04
-9.470000e-03	3.135195e-04
-9.460000e-03	3.133442e-04
-9.450000e-03	3.131690e-04
-9.440000e-03	3.129937e-04
-9.430000e-03	3.128184e-04
-9.420000e-03	3.126432e-04
-9.410000e-03	3.124679e-04
-9.400000e-03	3.122927e-04
-9.390000e-03	3.121174e-04
-9.380000e-03	3.119422e-04
-9.370000e-03	3.117669e-04
-9.360000e-03	3.115916e-04
-9.350000e-03	3.114164e-04
-9.340000e-03	3.112411e-04
-9.330000e-03	3.110659e-04
-9.320000e-03	3.108906e-04
-9.310000e-03	3.107154e-04
-9.300000e-03	3.105401e-04
-9.290000e-03	3.103648e-04
-9.280000e-03	3.101896e-04
-9.270000e-03	3.100143e-04
-9.260000e-03	3.098391e-04
-9.250000e-03	3.096638e-04
-9.240000e-03	3.094885e-04
-9.230000e-03	3.093133e-04
-9.220000e-03	3.091380e-04
-9.210000e-03	3.089628e-04
-9.200000e-03	3.087875e-04
-9.190000e-03	3.086123e-04
-9.180000e-03	3.084370e-04
-9.170000e-03	3.082617e-04
-9.160000e-03	3.080865e-04
-9.150000e-03	3.079112e-04
-9.140000e-03	3.077360e-04
-9.130000e-03	3.075607e-04
-9.120000e-03	3.073854e-04
-9.110000e-03	3.072102e-04
-9.100000e-03	3.070349e-04
-9.090000e-03	3.068597e-04
-9.080000e-03	3.066844e-04
-9.070000e-03	3.065092e-04
-9.060000e-03	3.063339e-04
-9.050000e-03	3.061586e-04
-9.040000e-03	3.059834e-04
-9.030000e-03	3.058081e-04
-9.020000e-03	3.056329e-04
-9.010000e-03	3.054576e-04
-9.000000e-03	3.052823e-04
-8.990000e-03	3.051092e-04
-8.980000e-03	3.049360e-04
-8.970000e-03	3.047628e-04
-8.960000e-03	3.045896e-04
-8.950000e-03	3.044164e-04
-8.940000e-03	3.042432e-04
-8.930000e-03	3.040700e-04
-8.920000e-03	3.038968e-04
-8.910000e-03	3.037237e-04
-8.900000e-03	3.035505e-04
-8.890000e-03	3.033773e-04
-8.880000e-03	3.032041e-04
-8.870000e-03	3.030309e-04
-8.860000e-03	3.028577e-04
-8.850000e-03	3.026845e-04
-8.840000e-03	3.025113e-04
-8.830000e-03	3.023382e-04
-8.820000e-03	3.021650e-04
-8.810000e-03	3.019918e-04
-8.800000e-03	3.018186e-04
-8.790000e-03	3.016454e-04
-8.780000e-03	3.014722e-04
-8.770000e-03	3.012990e-04
-8.760000e-03	3.011258e-04
-8.750000e-03	3.009526e-04
-8.740000e-03	3.007795e-04
-8.730000e-03	3.006063e-04
-8.720000e-03	3.004331e-04
-8.710000e-03	3.002599e-04
-8.700000e-03	3.000867e-04
-8.690000e-03	2.999135e-04
-8.680000e-03	2.997403e-04
-8.670000e-03	2.995671e-04
-8.660000e-03	2.993940e-04
-8.650000e-03	2.992208e-04
-8.640000e-03	2.990476e-04
-8.630000e-03	2.988744e-04
-8.620000e-03	2.987012e-04
-8.610000e-03	2.985280e-04
-8.600000e-03	2.983548e-04
-8.590000e-03	2.981816e-04
-8.580000e-03	2.980085e-04
-8.570000e-03	2.978353e-04
-8.560000e-03	2.976621e-04
-8.550000e-03	2.974889e-04
-8.540000e-03	2.973157e-04
-8.530000e-03	2.971425e-04
-8.520000e-03	2.969693e-04
-8.510000e-03	2.967961e-04
-8.500000e-03	2.966229e-04
-8.490000e-03	2.964498e-04
-8.480000e-03	2.962766e-04
-8.470000e-03	2.961034e-04
-8.460000e-03	2.959302e-04
-8.450000e-03	2.957570e-04
-8.440000e-03	2.955838e-04
-8.430000e-03	2.954106e-04
-8.420000e-03	2.952374e-04
-8.410000e-03	2.950643e-04
-8.400000e-03	2.948911e-04
-8.390000e-03	2.947179e-04
-8.380000e-03	2.945447e-04
-8.370000e-03	2.943715e-04
-8.360000e-03	2.941983e-04
-8.350000e-03	2.940251e-04
-8.340000e-03	2.938519e-04
-8.330000e-03	2.936788e-04
-8.320000e-03	2.935056e-04
-8.310000e-03	2.933324e-04
-8.300000e-03	2.931592e-04
-8.290000e-03	2.929860e-04
-8.280000e-03	2.928128e-04
-8.270000e-03	2.926396e-04
-8.260000e-03	2.924664e-04
-8.250000e-03	2.922933e-04
-8.240000e-03	2.921201e-04
-8.230000e-03	2.919469e-04
-8.220000e-03	2.917737e-04
-8.210000e-03	2.916005e-04
-8.200000e-03	2.914273e-04
-8.190000e-03	2.912541e-04
-8.180000e-03	2.910809e-04
-8.170000e-03	2.909077e-04
-8.160000e-03	2.907346e-04
-8.150000e-03	2.905614e-04
-8.140000e-03	2.903882e-04
-8.130000e-03	2.902150e-04
-8.120000e-03	2.900418e-04
-8.110000e-03	2.898686e-04
-8.100000e-03	2.896954e-04
-8.090000e-03	2.895222e-04
-8.080000e-03	2.893491e-04
-8.070000e-03	2.891759e-04
-8.060000e-03	2.890027e-04
-8.050000e-03	2.888295e-04
-8.040000e-03	2.886563e-04
-8.030000e-03	2.884831e-04
-8.020000e-03	2.883099e-04
-8.010000e-03	2.881367e-04
-8.000000e-03	2.879636e-04
-7.990000e-03	2.877928e-04
-7.980000e-03	2.876221e-04
-7.970000e-03	2.874514e-04
-7.960000e-03	2.872807e-04
-7.950000e-03	2.871100e-04
-7.940000e-03	2.869392e-04
-7.930000e-03	2.867685e-04
-7.920000e-03	2.865978e-04
-7.910000e-03	2.864271e-04
-7.900000e-03	2.862564e-04
-7.890000e-03	2.860856e-04
-7.880000e-03	2.859149e-04
-7.870000e-03	2.857442e-04
-7.860000e-03	2.855735e-04
-7.850000e-03	2.854027e-04
-7.840000e-03	2.852320e-04
-7.830000e-03	2.850613e-04
-7.820000e-03	2.848906e-04
-7.810000e-03	2.847199e-04
-7.800000e-03	2.845491e-04
-7.790000e-03	2.843784e-04
-7.780000e-03	2.842077e-04
-7.770000e-03	2.840370e-04
-7.760000e-03	2.838663e-04
-7.750000e-03	2.836955e-04
-7.740000e-03	2.835248e-04
-7.730000e-03	2.833541e-04
-7.720000e-03	2.831834e-04
-7.710000e-03	2.830127e-04
-7.700000e-03	2.828419e-04
-7.690000e-03	2.826712e-04
-7.680000e-03	2.825005e-04
-7.670000e-03	2.823298e-04
-7.660000e-03	2.821591e-04
-7.650000e-03	2.819883e-04
-7.640000e-03	2.818176e-04
-7.630000e-03	2.816469e-04
-7.620000e-03	2.814762e-04
-7.610000e-03	2.813055e-04
-7.600000e-03	2.811347e-04
-7.590000e-03	2.809640e-04
-7.580000e-03	2.807933e-04
-7.570000e-03	2.806226e-04
-7.560000e-03	2.804519e-04
-7.550000e-03	2.802811e-04
-7.540000e-03	2.801104e-04
-7.530000e-03	2.799397e-04
-7.520000e-03	2.797690e-04
-7.510000e-03	2.795983e-04
-7.500000e-03	2.794275e-04
-7.490000e-03	2.792568e-04
-7.480000e-03	2.790861e-04
-7.470000e-03	2.789154e-04
-7.460000e-03	2.787447e-04
-7.450000e-03	2.785739e-04
-7.440000e-03	2.784032e-04
-7.430000e-03	2.782325e-04
-7.420000e-03	2.780618e-04
-7.410000e-03	2.778910e-04
-7.400000e-03	2.777203e-04
-7.390000e-03	2.775496e-04
-7.380000e-03	2.773789e-04
-7.370000e-03	2.772082e-04
-7.360000e-03	2.770374e-04
-7.350000e-03	2.768667e-04
-7.340000e-03	2.766960e-04
-7.330000e-03	2.765253e-04
-7.320000e-03	2.763546e-04
-7.310000e-03	2.761838e-04
-7.300000e-03	2.760131e-04
-7.290000e-03	2.758424e-04
-7.280000e-03	2.756717e-04
-7.270000e-03	2.755010e-04
-7.260000e-03	2.753302e-04
-7.250000e-03	2.751595e-04
-7.240000e-03	2.749888e-04
-7.230000e-03	2.748181e-04
-7.220000e-03	2.746474e-04
-7.210000e-03	2.744766e-04
-7.200000e-03	2.743059e-04
-7.190000e-03	2.741352e-04
-7.180000e-03	2.739645e-04
-7.170000e-03	2.737938e-04
-7.160000e-03	2.736230e-04
-7.150000e-03	2.734523e-04
-7.140000e-03	2.732816e-04
-7.130000e-03	2.731109e-04
-7.120000e-03	2.729402e-04
-7.110000e-03	2.727694e-04
-7.100000e-03	2.725987e-04
-7.090000e-03	2.724280e-04
-7.080000e-03	2.722573e-04
-7.070000e-03	2.720866e-04
-7.060000e-03	2.719158e-04
-7.050000e-03	2.717451e-04
-7.040000e-03	2.715744e-04
-7.030000e-03	2.714037e-04
-7.020000e-03	2.712330e-04
-7.010000e-03	2.710622e-04
-7.000000e-03	2.708915e-04
-6.990000e-03	2.707360e-04
-6.980000e-03	2.705805e-04
-6.970000e-03	2.704250e-04
-6.960000e-03	2.702696e-04
-6.950000e-03	2.701141e-04
-6.940000e-03	2.699586e-04
-6.930000e-03	2.698031e-04
-6.920000e-03	2.696476e-04
-6.910000e-03	2.694921e-04
-6.900000e-03	2.693366e-04
-6.890000e-03	2.691811e-04
-6.880000e-03	2.690256e-04
-6.870000e-03	2.688701e-04
-6.860000e-03	2.687147e-04
-6.850000e-03	2.685592e-04
-6.840000e-03	2.684037e-04
-6.830000e-03	2.682482e-04
-6.820000e-03	2.680927e-04
-6.810000e-03	2.679372e-04
-6.800000e-03	2.677817e-04
-6.790000e-03	2.676262e-04
-6.780000e-03	2.674707e-04
-6.770000e-03	2.673153e-04
-6.760000e-03	2.671598e-04
-6.750000e-03	2.670043e-04
-6.740000e-03	2.668488e-04
-6.730000e-03	2.666933e-04
-6.720000e-03	2.665378e-04
-6.710000e-03	2.663823e-04
-6.700000e-03	2.662268e-04
-6.690000e-03	2.660713e-04
-6.680000e-03	2.659158e-04
-6.670000e-03	2.657604e-04
-6.660000e-03	2.656049e-04
-6.650000e-03	2.654494e-04
-6.640000e-03	2.652939e-04
-6.630000e-03	2.651384e-04
-6.620000e-03	2.649829e-04
-6.610000e-03	2.648274e-04
-6.600000e-03	2.646719e-04
-6.590000e-03	2.645164e-04
-6.580000e-03	2.643610e-04
-6.570000e-03	2.642055e-04
-6.560000e-03	2.640500e-04
-6.550000e-03	2.638945e-04
-6.540000e-03	2.637390e-04
-6.530000e-03	2.635835e-04
-6.520000e-03	2.634280e-04
-6.510000e-03	2.632725e-04
-6.500000e-03	2.631170e-04
-6.490000e-03	2.629615e-04
-6.480000e-03	2.628061e-04
-6.470000e-03	2.626506e-04
-6.460000e-03	2.624951e-04
-6.450000e-03	2.623396e-04
-6.440000e-03	2.621841e-04
-6.430000e-03	2.620286e-04
-6.420000e-03	2.618731e-04
-6.410000e-03	2.617176e-04
-6.400000e-03	2.615621e-04
-6.390000e-03	2.614067e-04
-6.380000e-03	2.612512e-04
-6.370000e-03	2.610957e-04
-6.360000e-03	2.609402e-04
-6.350000e-03	2.607847e-04
-6.340000e-03	2.606292e-04
-6.330000e-03	2.604737e-04
-6.320000e-03	2.603182e-04
-6.310000e-03	2.601627e-04
-6.300000e-03	2.600072e-04
-6.290000e-03	2.598518e-04
-6.280000e-03	2.596963e-04
-6.270000e-03	2.595408e-04
-6.260000e-03	2.593853e-04
-6.250000e-03	2.592298e-04
-6.240000e-03	2.590743e-04
-6.230000e-03	2.589188e-04
-6.220000e-03	2.587633e-04
-6.210000e-03	2.586078e-04
-6.200000e-03	2.584524e-04
-6.190000e-03	2.582969e-04
-6.180000e-03	2.581414e-04
-6.170000e-03	2.579859e-04
-6.160000e-03	2.578304e-04
-6.150000e-03	2.576749e-04
-6.140000e-03	2.575194e-04
-6.130000e-03	2.573639e-04
-6.120000e-03	2.572084e-04
-6.110000e-03	2.570529e-04
-6.100000e-03	2.568975e-04
-6.090000e-03	2.567420e-04
-6.080000e-03	2.565865e-04
-6.070000e-03	2.564310e-04
-6.060000e-03	2.562755e-04
-6.050000e-03	2.561200e-04
-6.040000e-03	2.559645e-04
-6.030000e-03	2.558090e-04
-6.020000e-03	2.556535e-04
-6.010000e-03	2.554981e-04
-6.000000e-03	2.553426e-04
-5.990000e-03	2.551871e-04
-5.980000e-03	2.550316e-04
-5.970000e-03	2.548761e-04
-5.960000e-03	2.547206e-04
-5.950000e-03	2.545651e-04
-5.940000e-03	2.544096e-04
-5.930000e-03	2.542541e-04
-5.920000e-03	2.540986e-04
-5.910000e-03	2.539432e-04
-5.900000e-03	2.537877e-04
-5.890000e-03	2.536322e-04
-5.880000e-03	2.534767e-04
-5.870000e-03	2.533212e-04
-5.860000e-03	2.531657e-04
-5.850000e-03	2.530102e-04
-5.840000e-03	2.528547e-04
-5.830000e-03	2.526992e-04
-5.820000e-03	2.525438e-04
-5.810000e-03	2.523883e-04
-5.800000e-03	2.522328e-04
-5.790000e-03	2.520773e-04
-5.780000e-03	2.519218e-04
-5.770000e-03	2.517663e-04
-5.760000e-03	2.516108e-04
-5.750000e-03	2.514553e-04
-5.740000e-03	2.512998e-04
-5.730000e-03	2.511443e-04
-5.720000e-03	2.509889e-04
-5.710000e-03	2.508334e-04
-5.700000e-03	2.506779e-04
-5.690000e-03	2.505224e-04
-5.680000e-03	2.503669e-04
-5.670000e-03	2.502114e-04
-5.660000e-03	2.500559e-04
-5.650000e-03	2.499004e-04
-5.640000e-03	2.497449e-04
-5.630000e-03	2.495894e-04
-5.620000e-03	2.494340e-04
-5.610000e-03	2.492785e-04
-5.600000e-03	2.491230e-04
-5.590000e-03	2.489675e-04
-5.580000e-03	2.488120e-04
-5.570000e-03	2.486565e-04
-5.560000e-03	2.485010e-04
-5.550000e-03	2.483455e-04
-5.540000e-03	2.481900e-04
-5.530000e-03	2.480346e-04
-5.520000e-03	2.478791e-04
-5.510000e-03	2.477236e-04
-5.500000e-03	2.475681e-04
-5.490000e-03	2.474126e-04
-5.480000e-03	2.472571e-04
-5.470000e-03	2.471016e-04
-5.460000e-03	2.469461e-04
-5.450000e-03	2.467906e-04
-5.440000e-03	2.466351e-04
-5.430000e-03	2.464797e-04
-5.420000e-03	2.463242e-04
-5.410000e-03	2.461687e-04
-5.400000e-03	2.460132e-04
-5.390000e-03	2.458577e-04
-5.380000e-03	2.457022e-04
-5.370000e-03	2.455467e-04
-5.360000e-03	2.453912e-04
-5.350000e-03	2.452357e-04
-5.340000e-03	2.450803e-04
-5.330000e-03	2.449248e-04
-5.320000e-03	2.447693e-04
-5.310000e-03	2.446138e-04
-5.300000e-03	2.444583e-04
-5.290000e-03	2.443028e-04
-5.280000e-03	2.441473e-04
-5.270000e-03	2.439918e-04
-5.260000e-03	2.438363e-04
-5.250000e-03	2.436808e-04
-5.240000e-03	2.435254e-04
-5.230000e-03	2.433699e-04
-5.220000e-03	2.432144e-04
-5.210000e-03	2.430589e-04
-5.200000e-03	2.429034e-04
-5.190000e-03	2.427479e-04
-5.180000e-03	2.425924e-04
-5.170000e-03	2.424369e-04
-5.160000e-03	2.422814e-04
-5.150000e-03	2.421260e-04
-5.140000e-03	2.419705e-04
-5.130000e-03	2.418150e-04
-5.120000e-03	2.416595e-04
-5.110000e-03	2.415040e-04
-5.100000e-03	2.413485e-04
-5.090000e-03	2.411930e-04
-5.080000e-03	2.410375e-04
-5.070000e-03	2.408820e-04
-5.060000e-03	2.407265e-04
-5.050000e-03	2.405711e-04
-5.040000e-03	2.404156e-04
-5.030000e-03	2.402601e-04
-5.020000e-03	2.401046e-04
-5.010000e-03	2.399491e-04
-5.000000e-03	2.397936e-04
-4.990000e-03	2.396381e-04
-4.980000e-03	2.394826e-04
-4.970000e-03	2.393271e-04
-4.960000e-03	2.391717e-04
-4.950000e-03	2.390162e-04
-4.940000e-03	2.388607e-04
-4.930000e-03	2.387052e-04
-4.920000e-03	2.385497e-04
-4.910000e-03	2.383942e-04
-4.900000e-03	2.382387e-04
-4.890000e-03	2.380832e-04
-4.880000e-03	2.379277e-04
-4.870000e-03	2.377722e-04
-4.860000e-03	2.376168e-04
-4.850000e-03	2.374613e-04
-4.840000e-03	2.373058e-04
-4.830000e-03	2.371503e-04
-4.820000e-03	2.369948e-04
-4.810000e-03	2.368393e-04
-4.800000e-03	2.366838e-04
-4.790000e-03	2.365283e-04
-4.780000e-03	2.363728e-04
-4.770000e-03	2.362174e-04
-4.760000e-03	2.360619e-04
-4.750000e-03	2.359064e-04
-4.740000e-03	2.357509e-04
-4.730000e-03	2.355954e-04
-4.720000e-03	2.354399e-04
-4.710000e-03	2.352844e-04
-4.700000e-03	2.351289e-04
-4.690000e-03	2.349734e-04
-4.680000e-03	2.348179e-04
-4.670000e-03	2.346625e-04
-4.660000e-03	2.345070e-04
-4.650000e-03	2.343515e-04
-4.640000e-03	2.341960e-04
-4.630000e-03	2.340405e-04
-4.620000e-03	2.338850e-04
-4.610000e-03	2.337295e-04
-4.600000e-03	2.335740e-04
-4.590000e-03	2.334185e-04
-4.580000e-03	2.332631e-04
-4.570000e-03	2.331076e-04
-4.560000e-03	2.329521e-04
-4.550000e-03	2.327966e-04
-4.540000e-03	2.326411e-04
-4.530000e-03	2.324856e-04
-4.520000e-03	2.323301e-04
-4.510000e-03	2.321746e-04
-4.500000e-03	2.320191e-04
-4.490000e-03	2.318636e-04
-4.480000e-03	2.317082e-04
-4.470000e-03	2.315527e-04
-4.460000e-03	2.313972e-04
-4.450000e-03	2.312417e-04
-4.440000e-03	2.310862e-04
-4.430000e-03	2.309307e-04
-4.420000e-03	2.307752e-04
-4.410000e-03	2.306197e-04
-4.400000e-03	2.304642e-04
-4.390000e-03	2.303088e-04
-4.380000e-03	2.301533e-04
-4.370000e-03	2.299978e-04
-4.360000e-03	2.298423e-04
-4.350000e-03	2.296868e-04
-4.340000e-03	2.295313e-04
-4.330000e-03	2.293758e-04
-4.320000e-03	2.292203e-04
-4.310000e-03	2.290648e-04
-4.300000e-03	2.289093e-04
-4.290000e-03	2.287539e-04
-4.280000e-03	2.285984e-04
-4.270000e-03	2.284429e-04
-4.260000e-03	2.282874e-04
-4.250000e-03	2.281319e-04
-4.240000e-03	2.279764e-04
-4.230000e-03	2.278209e-04
-4.220000e-03	2.276654e-04
-4.210000e-03	2.275099e-04
-4.200000e-03	2.273545e-04
-4.190000e-03	2.271990e-04
-4.180000e-03	2.270435e-04
-4.170000e-03	2.268880e-04
-4.160000e-03	2.267325e-04
-4.150000e-03	2.265770e-04
-4.140000e-03	2.264215e-04
-4.130000e-03	2.262660e-04
-4.120000e-03	2.261105e-04
-4.110000e-03	2.259550e-04
-4.100000e-03	2.257996e-04
-4.090000e-03	2.256441e-04
-4.080000e-03	2.254886e-04
-4.070000e-03	2.253331e-04
-4.060000e-03	2.251776e-04
-4.050000e-03	2.250221e-04
-4.040000e-03	2.248666e-04
-4.030000e-03	2.247111e-04
-4.020000e-03	2.245556e-04
-4.010000e-03	2.244002e-04
-4.000000e-03	2.242447e-04
-3.990000e-03	2.240892e-04
-3.980000e-03	2.239337e-04
-3.970000e-03	2.237782e-04
-3.960000e-03	2.236227e-04
-3.950000e-03	2.234672e-04
-3.940000e-03	2.233117e-04
-3.930000e-03	2.231562e-04
-3.920000e-03	2.230007e-04
-3.910000e-03	2.228453e-04
-3.900000e-03	2.226898e-04
-3.890000e-03	2.225343e-04
-3.880000e-03	2.223788e-04
-3.870000e-03	2.222233e-04
-3.860000e-03	2.220678e-04
-3.850000e-03	2.219123e-04
-3.840000e-03	2.217568e-04
-3.830000e-03	2.216013e-04
-3.820000e-03	2.214458e-04
-3.810000e-03	2.212904e-04
-3.800000e-03	2.211349e-04
-3.790000e-03	2.209794e-04
-3.780000e-03	2.208239e-04
-3.770000e-03	2.206684e-04
-3.760000e-03	2.205129e-04
-3.750000e-03	2.203574e-04
-3.740000e-03	2.202019e-04
-3.730000e-03	2.200464e-04
-3.720000e-03	2.198910e-04
-3.710000e-03	2.197355e-04
-3.700000e-03	2.195800e-04
-3.690000e-03	2.194245e-04
-3.680000e-03	2.192690e-04
-3.670000e-03	2.191135e-04
-3.660000e-03	2.189580e-04
-3.650000e-03	2.188025e-04
-3.640000e-03	2.186470e-04
-3.630000e-03	2.184915e-04
-3.620000e-03	2.183361e-04
-3.610000e-03	2.181806e-04
-3.600000e-03	2.180251e-04
-3.590000e-03	2.178696e-04
-3.580000e-03	2.177141e-04
-3.570000e-03	2.175586e-04
-3.560000e-03	2.174031e-04
-3.550000e-03	2.172476e-04
-3.540000e-03	2.170921e-04
-3.530000e-03	2.169367e-04
-3.520000e-03	2.167812e-04
-3.510000e-03	2.166257e-04
-3.500000e-03	2.164702e-04
-3.490000e-03	2.163147e-04
-3.480000e-03	2.161592e-04
-3.470000e-03	2.160037e-04
-3.460000e-03	2.158482e-04
-3.450000e-03	2.156927e-04
-3.440000e-03	2.155372e-04
-3.430000e-03	2.153818e-04
-3.420000e-03	2.152263e-04
-3.410000e-03	2.150708e-04
-3.400000e-03	2.149153e-04
-3.390000e-03	2.147598e-04
-3.380000e-03	2.146043e-04
-3.370000e-03	2.144488e-04
-3.360000e-03	2.142933e-04
-3.350000e-03	2.141378e-04
-3.340000e-03	2.139824e-04
-3.330000e-03	2.138269e-04
-3.320000e-03	2.136714e-04
-3.310000e-03	2.135159e-04
-3.300000e-03	2.133604e-04
-3.290000e-03	2.132049e-04
-3.280000e-03	2.130494e-04
-3.270000e-03	2.128939e-04
-3.260000e-03	2.127384e-04
-3.250000e-03	2.125829e-04
-3.240000e-03	2.124275e-04
-3.230000e-03	2.122720e-04
-3.220000e-03	2.121165e-04
-3.210000e-03	2.119610e-04
-3.200000e-03	2.118055e-04
-3.190000e-03	2.116500e-04
-3.180000e-03	2.114945e-04
-3.170000e-03	2.113390e-04
-3.160000e-03	2.111835e-04
-3.150000e-03	2.110281e-04
-3.140000e-03	2.108726e-04
-3.130000e-03	2.107171e-04
-3.120000e-03	2.105616e-04
-3.110000e-03	2.104061e-04
-3.100000e-03	2.102506e-04
-3.090000e-03	2.100951e-04
-3.080000e-03	2.099396e-04
-3.070000e-03	2.097841e-04
-3.060000e-03	2.096286e-04
-3.050000e-03	2.094732e-04
-3.040000e-03	2.093177e-04
-3.030000e-03	2.091622e-04
-3.020000e-03	2.090067e-04
-3.010000e-03	2.088512e-04
-3.000000e-03	2.086957e-04
-2.990000e-03	2.085402e-04
-2.980000e-03	2.083847e-04
-2.970000e-03	2.082292e-04
-2.960000e-03	2.080738e-04
-2.950000e-03	2.079183e-04
-2.940000e-03	2.077628e-04
-2.930000e-03	2.076073e-04
-2.920000e-03	2.074518e-04
-2.910000e-03	2.072963e-04
-2.900000e-03	2.071408e-04
-2.890000e-03	2.069853e-04
-2.880000e-03	2.068298e-04
-2.870000e-03	2.066743e-04
-2.860000e-03	2.065189e-04
-2.850000e-03	2.063634e-04
-2.840000e-03	2.062079e-04
-2.830000e-03	2.060524e-04
-2.820000e-03	2.058969e-04
-2.810000e-03	2.057414e-04
-2.800000e-03	2.055859e-04
-2.790000e-03	2.054304e-04
-2.780000e-03	2.052749e-04
-2.770000e-03	2.051195e-04
-2.760000e-03	2.049640e-04
-2.750000e-03	2.048085e-04
-2.740000e-03	2.046530e-04
-2.730000e-03	2.044975e-04
-2.720000e-03	2.043420e-04
-2.710000e-03	2.041865e-04
-2.700000e-03	2.040310e-04
-2.690000e-03	2.038755e-04
-2.680000e-03	2.037200e-04
-2.670000e-03	2.035646e-04
-2.660000e-03	2.034091e-04
-2.650000e-03	2.032536e-04
-2.640000e-03	2.030981e-04
-2.630000e-03	2.029426e-04
-2.620000e-03	2.027871e-04
-2.610000e-03	2.026316e-04
-2.600000e-03	2.024761e-04
-2.590000e-03	2.023206e-04
-2.580000e-03	2.021652e-04
-2.570000e-03	2.020097e-04
-2.560000e-03	2.018542e-04
-2.550000e-03	2.016987e-04
-2.540000e-03	2.015432e-04
-2.530000e-03	2.013877e-04
-2.520000e-03	2.012322e-04
-2.510000e-03	2.010767e-04
-2.500000e-03	2.009212e-04
-2.490000e-03	2.007657e-04
-2.480000e-03	2.006103e-04
-2.470000e-03	2.004548e-04
-2.460000e-03	2.002993e-04
-2.450000e-03	2.001438e-04
-2.440000e-03	1.999883e-04
-2.430000e-03	1.998328e-04
-2.420000e-03	1.996773e-04
-2.410000e-03	1.995218e-04
-2.400000e-03	1.993663e-04
-2.390000e-03	1.992109e-04
-2.380000e-03	1.990554e-04
-2.370000e-03	1.988999e-04
-2.360000e-03	1.987444e-04
-2.350000e-03	1.985889e-04
-2.340000e-03	1.984334e-04
-2.330000e-03	1.982779e-04
-2.320000e-03	1.981224e-04
-2.310000e-03	1.979669e-04
-2.300000e-03	1.978114e-04
-2.290000e-03	1.976560e-04
-2.280000e-03	1.975005e-04
-2.270000e-03	1.973450e-04
-2.260000e-03	1.971895e-04
-2.250000e-03	1.970340e-04
-2.240000e-03	1.968785e-04
-2.230000e-03	1.967230e-04
-2.220000e-03	1.965675e-04
-2.210000e-03	1.964120e-04
-2.200000e-03	1.962566e-04
-2.190000e-03	1.961011e-04
-2.180000e-03	1.959456e-04
-2.170000e-03	1.957901e-04
-2.160000e-03	1.956346e-04
-2.150000e-03	1.954791e-04
-2.140000e-03	1.953236e-04
-2.130000e-03	1.951681e-04
-2.120000e-03	1.950126e-04
-2.110000e-03	1.948571e-04
-2.100000e-03	1.947017e-04
-2.090000e-03	1.945462e-04
-2.080000e-03	1.943907e-04
-2.070000e-03	1.942352e-04
-2.060000e-03	1.940797e-04
-2.050000e-03	1.939242e-04
-2.040000e-03	1.937687e-04
-2.030000e-03	1.936132e-04
-2.020000e-03	1.934577e-04
-2.010000e-03	1.933023e-04
-2.000000e-03	1.931468e-04
-1.990000e-03	1.929913e-04
-1.980000e-03	1.928358e-04
-1.970000e-03	1.926803e-04
-1.960000e-03	1.925248e-04
-1.950000e-03	1.923693e-04
-1.940000e-03	1.922138e-04
-1.930000e-03	1.920583e-04
-1.920000e-03	1.919028e-04
-1.910000e-03	1.917474e-04
-1.900000e-03	1.915919e-04
-1.890000e-03	1.914364e-04
-1.880000e-03	1.912809e-04
-1.870000e-03	1.911254e-04
-1.860000e-03	1.909699e-04
-1.850000e-03	1.908144e-04
-1.840000e-03	1.906589e-04
-1.830000e-03	1.905034e-04
-1.820000e-03	1.903479e-04
-1.810000e-03	1.901925e-04
-1.800000e-03	1.900370e-04
-1.790000e-03	1.898815e-04
-1.780000e-03	1.897260e-04
-1.770000e-03	1.895705e-04
-1.760000e-03	1.894150e-04
-1.750000e-03	1.892595e-04
-1.740000e-03	1.891040e-04
-1.730000e-03	1.889485e-04
-1.720000e-03	1.887931e-04
-1.710000e-03	1.886376e-04
-1.700000e-03	1.884821e-04
-1.690000e-03	1.883266e-04
-1.680000e-03	1.881711e-04
-1.670000e-03	1.880156e-04
-1.660000e-03	1.878601e-04
-1.650000e-03	1.877046e-04
-1.640000e-03	1.875491e-04
-1.630000e-03	1.873936e-04
-1.620000e-03	1.872382e-04
-1.610000e-03	1.870827e-04
-1.600000e-03	1.869272e-04
-1.590000e-03	1.867717e-04
-1.580000e-03	1.866162e-04
-1.570000e-03	1.864607e-04
-1.560000e-03	1.863052e-04
-1.550000e-03	1.861497e-04
-1.540000e-03	1.859942e-04
-1.530000e-03	1.858388e-04
-1.520000e-03	1.856833e-04
-1.510000e-03	1.855278e-04
-1.500000e-03	1.853723e-04
-1.490000e-03	1.852168e-04
-1.480000e-03	1.850613e-04
-1.470000e-03	1.849058e-04
-1.460000e-03	1.847503e-04
-1.450000e-03	1.845948e-04
-1.440000e-03	1.844393e-04
-1.430000e-03	1.842839e-04
-1.420000e-03	1.841284e-04
-1.410000e-03	1.839729e-04
-1.400000e-03	1.838174e-04
-1.390000e-03	1.836619e-04
-1.380000e-03	1.835064e-04
-1.370000e-03	1.833509e-04
-1.360000e-03	1.831954e-04
-1.350000e-03	1.830399e-04
-1.340000e-03	1.828845e-04
-1.330000e-03	1.827290e-04
-1.320000e-03	1.825735e-04
-1.310000e-03	1.824180e-04
-1.300000e-03	1.822625e-04
-1.290000e-03	1.821070e-04
-1.280000e-03	1.819515e-04
-1.270000e-03	1.817960e-04
-1.260000e-03	1.816405e-04
-1.250000e-03	1.814850e-04
-1.240000e-03	1.813296e-04
-1.230000e-03	1.811741e-04
-1.220000e-03	1.810186e-04
-1.210000e-03	1.808631e-04
-1.200000e-03	1.807076e-04
-1.190000e-03	1.805521e-04
-1.180000e-03	1.803966e-04
-1.170000e-03	1.802411e-04
-1.160000e-03	1.800856e-04
-1.150000e-03	1.799302e-04
-1.140000e-03	1.797747e-04
-1.130000e-03	1.796192e-04
-1.120000e-03	1.794637e-04
-1.110000e-03	1.793082e-04
-1.100000e-03	1.791527e-04
-1.090000e-03	1.789972e-04
-1.080000e-03	1.788417e-04
-1.070000e-03	1.786862e-04
-1.060000e-03	1.785307e-04
-1.050000e-03	1.783753e-04
-1.040000e-03	1.782198e-04
-1.030000e-03	1.780643e-04
-1.020000e-03	1.779088e-04
-1.010000e-03	1.777533e-04
-1.000000e-03	1.775978e-04
-9.900000e-04	1.774757e-04
-9.800000e-04	1.773536e-04
-9.700000e-04	1.772314e-04
-9.600000e-04	1.771093e-04
-9.500000e-04	1.769872e-04
-9.400000e-04	1.768651e-04
-9.300000e-04	1.767429e-04
-9.200000e-04	1.766208e-04
-9.100000e-04	1.764987e-04
-9.000000e-04	1.763766e-04
-8.900000e-04	1.762544e-04
-8.800000e-04	1.761323e-04
-8.700000e-04	1.760102e-04
-8.600000e-04	1.758881e-04
-8.500000e-04	1.757659e-04
-8.400000e-04	1.756438e-04
-8.300000e-04	1.755217e-04
-8.200000e-04	1.753996e-04
-8.100000e-04	1.752774e-04
-8.000000e-04	1.751553e-04
-7.900000e-04	1.750332e-04
-7.800000e-04	1.749111e-04
-7.700000e-04	1.747889e-04
-7.600000e-04	1.746668e-04
-7.500000e-04	1.745447e-04
-7.400000e-04	1.744226e-04
-7.300000e-04	1.743004e-04
-7.200000e-04	1.741783e-04
-7.100000e-04	1.740562e-04
-7.000000e-04	1.739341e-04
-6.900000e-04	1.738119e-04
-6.800000e-04	1.736898e-04
-6.700000e-04	1.735677e-04
-6.600000e-04	1.734456e-04
-6.500000e-04	1.733234e-04
-6.400000e-04	1.732013e-04
-6.300000e-04	1.730792e-04
-6.200000e-04	1.729571e-04
-6.100000e-04	1.728349e-04
-6.000000e-04	1.727128e-04
-5.900000e-04	1.725907e-04
-5.800000e-04	1.724686e-04
-5.700000e-04	1.723464e-04
-5.600000e-04	1.722243e-04
-5.500000e-04	1.721022e-04
-5.400000e-04	1.719801e-04
-5.300000e-04	1.718579e-04
-5.200000e-04	1.717358e-04
-5.100000e-04	1.716137e-04
-5.000000e-04	1.714916e-04
-4.900000e-04	1.713695e-04
-4.800000e-04	1.712473e-04
-4.700000e-04	1.711252e-04
-4.600000e-04	1.710031e-04
-4.500000e-04	1.708810e-04
-4.400000e-04	1.707588e-04
-4.300000e-04	1.706367e-04
-4.200000e-04	1.705146e-04
-4.100000e-04	1.703925e-04
-4.000000e-04	1.702703e-04
-3.900000e-04	1.701482e-04
-3.800000e-04	1.700261e-04
-3.700000e-04	1.699040e-04
-3.600000e-04	1.697818e-04
-3.500000e-04	1.696597e-04
-3.400000e-04	1.695376e-04
-3.300000e-04	1.694155e-04
-3.200000e-04	1.692933e-04
-3.100000e-04	1.691712e-04
-3.000000e-04	1.690491e-04
-2.900000e-04	1.689270e-04
-2.800000e-04	1.688048e-04
-2.700000e-04	1.686827e-04
-2.600000e-04	1.685606e-04
-2.500000e-04	1.684385e-04
-2.400000e-04	1.683163e-04
-2.300000e-04	1.681942e-04
-2.200000e-04	1.680721e-04
-2.100000e-04	1.679500e-04
-2.000000e-04	1.678278e-04
-1.900000e-04	1.677057e-04
-1.800000e-04	1.675836e-04
-1.700000e-04	1.674615e-04
-1.600000e-04	1.673393e-04
-1.500000e-04	1.672172e-04
-1.400000e-04	1.670951e-04
-1.300000e-04	1.669730e-04
-1.200000e-04	1.668508e-04
-1.100000e-04	1.667287e-04
-1.000000e-04	1.666066e-04
-9.000000e-05	1.664845e-04
-8.000000e-05	1.663623e-04
-7.000000e-05	1.662402e-04
-6.000000e-05	1.661181e-04
-5.000000e-05	1.659960e-04
-4.000000e-05	1.658738e-04
-3.000000e-05	1.657517e-04
-2.000000e-05	1.656296e-04
-1.000000e-05	1.655075e-04
-4.475587e-16	1.653853e-04
1.000000e-05	1.652632e-04
2.000000e-05	1.651411e-04
3.000000e-05	1.650190e-04
4.000000e-05	1.648968e-04
5.000000e-05	1.647747e-04
6.000000e-05	1.646526e-04
7.000000e-05	1.645305e-04
8.000000e-05	1.644083e-04
9.000000e-05	1.642862e-04
1.000000e-04	1.641641e-04
1.100000e-04	1.640420e-04
1.200000e-04	1.639198e-04
1.300000e-04	1.637977e-04
1.400000e-04	1.636756e-04
1.500000e-04	1.635535e-04
1.600000e-04	1.634313e-04
1.700000e-04	1.633092e-04
1.800000e-04	1.631871e-04
1.900000e-04	1.630650e-04
2.000000e-04	1.629428e-04
2.100000e-04	1.628207e-04
2.200000e-04	1.626986e-04
2.300000e-04	1.625765e-04
2.400000e-04	1.624543e-04
2.500000e-04	1.623322e-04
2.600000e-04	1.622101e-04
2.700000e-04	1.620880e-04
2.800000e-04	1.619658e-04
2.900000e-04	1.618437e-04
3.000000e-04	1.617216e-04
3.100000e-04	1.615995e-04
3.200000e-04	1.614774e-04
3.300000e-04	1.613552e-04
3.400000e-04	1.612331e-04
3.500000e-04	1.611110e-04
3.600000e-04	1.609889e-04
3.700000e-04	1.608667e-04
3.800000e-04	1.607446e-04
3.900000e-04	1.606225e-04
4.000000e-04	1.605004e-04
4.100000e-04	1.603782e-04
4.200000e-04	1.602561e-04
4.300000e-04	1.601340e-04
4.400000e-04	1.600119e-04
4.500000e-04	1.598897e-04
4.600000e-04	1.597676e-04
4.700000e-04	1.596455e-04
4.800000e-04	1.595234e-04
4.900000e-04	1.594012e-04
5.000000e-04	1.592791e-04
5.100000e-04	1.591570e-04
5.200000e-04	1.590349e-04
5.300000e-04	1.589127e-04
5.400000e-04	1.587906e-04
5.500000e-04	1.586685e-04
5.600000e-04	1.585464e-04
5.700000e-04	1.584242e-04
5.800000e-04	1.583021e-04
5.900000e-04	1.581800e-04
6.000000e-04	1.580579e-04
6.100000e-04	1.579357e-04
6.200000e-04	1.578136e-04
6.300000e-04	1.576915e-04
6.400000e-04	1.575694e-04
6.500000e-04	1.574472e-04
6.600000e-04	1.573251e-04
6.700000e-04	1.572030e-04
6.800000e-04	1.570809e-04
6.900000e-04	1.569587e-04
7.000000e-04	1.568366e-04
7.100000e-04	1.567145e-04
7.200000e-04	1.565924e-04
7.300000e-04	1.564702e-04
7.400000e-04	1.563481e-04
7.500000e-04	1.562260e-04
7.600000e-04	1.561039e-04
7.700000e-04	1.559817e-04
7.800000e-04	1.558596e-04
7.900000e-04	1.557375e-04
8.000000e-04	1.556154e-04
8.100000e-04	1.554932e-04
8.200000e-04	1.553711e-04
8.300000e-04	1.552490e-04
8.400000e-04	1.551269e-04
8.500000e-04	1.550047e-04
8.600000e-04	1.548826e-04
8.700000e-04	1.547605e-04
8.800000e-04	1.546384e-04
8.900000e-04	1.545162e-04
9.000000e-04	1.543941e-04
9.100000e-04	1.542720e-04
9.200000e-04	1.541499e-04
9.300000e-04	1.540277e-04
9.400000e-04	1.539056e-04
9.500000e-04	1.537835e-04
9.600000e-04	1.536614e-04
9.700000e-04	1.535392e-04
9.800000e-04	1.534171e-04
9.900000e-04	1.532950e-04
1.000000e-03	1.531729e-04
1.010000e-03	1.530737e-04
1.020000e-03	1.529746e-04
1.030000e-03	1.528754e-04
1.040000e-03	1.527762e-04
1.050000e-03	1.526771e-04
1.060000e-03	1.525779e-04
1.070000e-03	1.524788e-04
1.080000e-03	1.523796e-04
1.090000e-03	1.522805e-04
1.100000e-03	1.521813e-04
1.110000e-03	1.520822e-04
1.120000e-03	1.519830e-04
1.130000e-03	1.518838e-04
1.140000e-03	1.517847e-04
1.150000e-03	1.516855e-04
1.160000e-03	1.515864e-04
1.170000e-03	1.514872e-04
1.180000e-03	1.513881e-04
1.190000e-03	1.512889e-04
1.200000e-03	1.511898e-04
1.210000e-03	1.510906e-04
1.220000e-03	1.509914e-04
1.230000e-03	1.508923e-04
1.240000e-03	1.507931e-04
1.250000e-03	1.506940e-04
1.260000e-03	1.505948e-04
1.270000e-03	1.504957e-04
1.280000e-03	1.503965e-04
1.290000e-03	1.502974e-04
1.300000e-03	1.501982e-04
1.310000e-03	1.500990e-04
1.320000e-03	1.499999e-04
1.330000e-03	1.499007e-04
1.340000e-03	1.498016e-04
1.350000e-03	1.497024e-04
1.360000e-03	1.496033e-04
1.370000e-03	1.495041e-04
1.380000e-03	1.494050e-04
1.390000e-03	1.493058e-04
1.400000e-03	1.492066e-04
1.410000e-03	1.491075e-04
1.420000e-03	1.490083e-04
1.430000e-03	1.489092e-04
1.440000e-03	1.488100e-04
1.450000e-03	1.487109e-04
1.460000e-03	1.486117e-04
1.470000e-03	1.485126e-04
1.480000e-03	1.484134e-04
1.490000e-03	1.483142e-04
1.500000e-03	1.482151e-04
1.510000e-03	1.481159e-04
1.520000e-03	1.480168e-04
1.530000e-03	1.479176e-04
1.540000e-03	1.478185e-04
1.550000e-03	1.477193e-04
1.560000e-03	1.476202e-04
1.570000e-03	1.475210e-04
1.580000e-03	1.474218e-04
1.590000e-03	1.473227e-04
1.600000e-03	1.472235e-04
1.610000e-03	1.471244e-04
1.620000e-03	1.470252e-04
1.630000e-03	1.469261e-04
1.640000e-03	1.468269e-04
1.650000e-03	1.467278e-04
1.660000e-03	1.466286e-04
1.670000e-03	1.465294e-04
1.680000e-03	1.464303e-04
1.690000e-03	1.463311e-04
1.700000e-03	1.462320e-04
1.710000e-03	1.461328e-04
1.720000e-03	1.460337e-04
1.730000e-03	1.459345e-04
1.740000e-03	1.458354e-04
1.750000e-03	1.457362e-04
1.760000e-03	1.456370e-04
1.770000e-03	1.455379e-04
1.780000e-03	1.454387e-04
1.790000e-03	1.453396e-04
1.800000e-03	1.452404e-04
1.810000e-03	1.451413e-04
1.820000e-03	1.450421e-04
1.830000e-03	1.449430e-04
1.840000e-03	1.448438e-04
1.850000e-03	1.447446e-04
1.860000e-03	1.446455e-04
1.870000e-03	1.445463e-04
1.880000e-03	1.444472e-04
1.890000e-03	1.443480e-04
1.900000e-03	1.442489e-04
1.910000e-03	1.441497e-04
1.920000e-03	1.440506e-04
1.930000e-03	1.439514e-04
1.940000e-03	1.438522e-04
1.950000e-03	1.437531e-04
1.960000e-03	1.436539e-04
1.970000e-03	1.435548e-04
1.980000e-03	1.434556e-04
1.990000e-03	1.433565e-04
2.000000e-03	1.432573e-04
2.010000e-03	1.431781e-04
2.020000e-03	1.430990e-04
2.030000e-03	1.430198e-04
2.040000e-03	1.429406e-04
2.050000e-03	1.428614e-04
2.060000e-03	1.427823e-04
2.070000e-03	1.427031e-04
2.080000e-03	1.426239e-04
2.090000e-03	1.425447e-04
2.100000e-03	1.424656e-04
2.110000e-03	1.423864e-04
2.120000e-03	1.423072e-04
2.130000e-03	1.422280e-04
2.140000e-03	1.421489e-04
2.150000e-03	1.420697e-04
2.160000e-03	1.419905e-04
2.170000e-03	1.419113e-04
2.180000e-03	1.418322e-04
2.190000e-03	1.417530e-04
2.200000e-03	1.416738e-04
2.210000e-03	1.415947e-04
2.220000e-03	1.415155e-04
2.230000e-03	1.414363e-04
2.240000e-03	1.413571e-04
2.250000e-03	1.412780e-04
2.260000e-03	1.411988e-04
2.270000e-03	1.411196e-04
2.280000e-03	1.410404e-04
2.290000e-03	1.409613e-04
2.300000e-03	1.408821e-04
2.310000e-03	1.408029e-04
2.320000e-03	1.407237e-04
2.330000e-03	1.406446e-04
2.340000e-03	1.405654e-04
2.350000e-03	1.404862e-04
2.360000e-03	1.404070e-04
2.370000e-03	1.403279e-04
2.380000e-03	1.402487e-04
2.390000e-03	1.401695e-04
2.400000e-03	1.400903e-04
2.410000e-03	1.400112e-04
2.420000e-03	1.399320e-04
2.430000e-03	1.398528e-04
2.440000e-03	1.397736e-04
2.450000e-03	1.396945e-04
2.460000e-03	1.396153e-04
2.470000e-03	1.395361e-04
2.480000e-03	1.394569e-04
2.490000e-03	1.393778e-04
2.500000e-03	1.392986e-04
2.510000e-03	1.392194e-04
2.520000e-03	1.391403e-04
2.530000e-03	1.390611e-04
2.540000e-03	1.389819e-04
2.550000e-03	1.389027e-04
2.560000e-03	1.388236e-04
2.570000e-03	1.387444e-04
2.580000e-03	1.386652e-04
2.590000e-03	1.385860e-04
2.600000e-03	1.385069e-04
2.610000e-03	1.384277e-04
2.620000e-03	1.383485e-04
2.630000e-03	1.382693e-04
2.640000e-03	1.381902e-04
2.650000e-03	1.381110e-04
2.660000e-03	1.380318e-04
2.670000e-03	1.379526e-04
2.680000e-03	1.378735e-04
2.690000e-03	1.377943e-04
2.700000e-03	1.377151e-04
2.710000e-03	1.376359e-04
2.720000e-03	1.375568e-04
2.730000e-03	1.374776e-04
2.740000e-03	1.373984e-04
2.750000e-03	1.373192e-04
2.760000e-03	1.372401e-04
2.770000e-03	1.371609e-04
2.780000e-03	1.370817e-04
2.790000e-03	1.370025e-04
2.800000e-03	1.369234e-04
2.810000e-03	1.368442e-04
2.820000e-03	1.367650e-04
2.830000e-03	1.366859e-04
2.840000e-03	1.366067e-04
2.850000e-03	1.365275e-04
2.860000e-03	1.364483e-04
2.870000e-03	1.363692e-04
2.880000e-03	1.362900e-04
2.890000e-03	1.362108e-04
2.900000e-03	1.361316e-04
2.910000e-03	1.360525e-04
2.920000e-03	1.359733e-04
2.930000e-03	1.358941e-04
2.940000e-03	1.358149e-04
2.950000e-03	1.357358e-04
2.960000e-03	1.356566e-04
2.970000e-03	1.355774e-04
2.980000e-03	1.354982e-04
2.990000e-03	1.354191e-04
3.000000e-03	1.353399e-04
3.010000e-03	1.352844e-04
3.020000e-03	1.352288e-04
3.030000e-03	1.351733e-04
3.040000e-03	1.351178e-04
3.050000e-03	1.350622e-04
3.060000e-03	1.350067e-04
3.070000e-03	1.349512e-04
3.080000e-03	1.348956e-04
3.090000e-03	1.348401e-04
3.100000e-03	1.347846e-04
3.110000e-03	1.347291e-04
3.120000e-03	1.346735e-04
3.130000e-03	1.346180e-04
3.140000e-03	1.345625e-04
3.150000e-03	1.345069e-04
3.160000e-03	1.344514e-04
3.170000e-03	1.343959e-04
3.180000e-03	1.343403e-04
3.190000e-03	1.342848e-04
3.200000e-03	1.342293e-04
3.210000e-03	1.341737e-04
3.220000e-03	1.341182e-04
3.230000e-03	1.340627e-04
3.240000e-03	1.340072e-04
3.250000e-03	1.339516e-04
3.260000e-03	1.338961e-04
3.270000e-03	1.338406e-04
3.280000e-03	1.337850e-04
3.290000e-03	1.337295e-04
3.300000e-03	1.336740e-04
3.310000e-03	1.336184e-04
3.320000e-03	1.335629e-04
3.330000e-03	1.335074e-04
3.340000e-03	1.334518e-04
3.350000e-03	1.333963e-04
3.360000e-03	1.333408e-04
3.370000e-03	1.332853e-04
3.380000e-03	1.332297e-04
3.390000e-03	1.331742e-04
3.400000e-03	1.331187e-04
3.410000e-03	1.330631e-04
3.420000e-03	1.330076e-04
3.430000e-03	1.329521e-04
3.440000e-03	1.328965e-04
3.450000e-03	1.328410e-04
3.460000e-03	1.327855e-04
3.470000e-03	1.327300e-04
3.480000e-03	1.326744e-04
3.490000e-03	1.326189e-04
3.500000e-03	1.325634e-04
3.510000e-03	1.325078e-04
3.520000e-03	1.324523e-04
3.530000e-03	1.323968e-04
3.540000e-03	1.323412e-04
3.550000e-03	1.322857e-04
3.560000e-03	1.322302e-04
3.570000e-03	1.321746e-04
3.580000e-03	1.321191e-04
3.590000e-03	1.320636e-04
3.600000e-03	1.320081e-04
3.610000e-03	1.319525e-04
3.620000e-03	1.318970e-04
3.630000e-03	1.318415e-04
3.640000e-03	1.317859e-04
3.650000e-03	1.317304e-04
3.660000e-03	1.316749e-04
3.670000e-03	1.316193e-04
3.680000e-03	1.315638e-04
3.690000e-03	1.315083e-04
3.700000e-03	1.314527e-04
3.710000e-03	1.313972e-04
3.720000e-03	1.313417e-04
3.730000e-03	1.312862e-04
3.740000e-03	1.312306e-04
3.750000e-03	1.311751e-04
3.760000e-03	1.311196e-04
3.770000e-03	1.310640e-04
3.780000e-03	1.310085e-04
3.790000e-03	1.309530e-04
3.800000e-03	1.308974e-04
3.810000e-03	1.308419e-04
3.820000e-03	1.307864e-04
3.830000e-03	1.307308e-04
3.840000e-03	1.306753e-04
3.850000e-03	1.306198e-04
3.860000e-03	1.305643e-04
3.870000e-03	1.305087e-04
3.880000e-03	1.304532e-04
3.890000e-03	1.303977e-04
3.900000e-03	1.303421e-04
3.910000e-03	1.302866e-04
3.920000e-03	1.302311e-04
3.930000e-03	1.301755e-04
3.940000e-03	1.301200e-04
3.950000e-03	1.300645e-04
3.960000e-03	1.300089e-04
3.970000e-03	1.299534e-04
3.980000e-03	1.298979e-04
3.990000e-03	1.298424e-04
4.000000e-03	1.297868e-04
4.010000e-03	1.297580e-04
4.020000e-03	1.297293e-04
4.030000e-03	1.297005e-04
4.040000e-03	1.296717e-04
4.050000e-03	1.296429e-04
4.060000e-03	1.296141e-04
4.070000e-03	1.295854e-04
4.080000e-03	1.295566e-04
4.090000e-03	1.295278e-04
4.100000e-03	1.294990e-04
4.110000e-03	1.294702e-04
4.120000e-03	1.294415e-04
4.130000e-03	1.294127e-04
4.140000e-03	1.293839e-04
4.150000e-03	1.293551e-04
4.160000e-03	1.293263e-04
4.170000e-03	1.292976e-04
4.180000e-03	1.292688e-04
4.190000e-03	1.292400e-04
4.200000e-03	1.292112e-04
4.210000e-03	1.291824e-04
4.220000e-03	1.291537e-04
4.230000e-03	1.291249e-04
4.240000e-03	1.290961e-04
4.250000e-03	1.290673e-04
4.260000e-03	1.290386e-04
4.270000e-03	1.290098e-04
4.280000e-03	1.289810e-04
4.290000e-03	1.289522e-04
4.300000e-03	1.289234e-04
4.310000e-03	1.288947e-04
4.320000e-03	1.288659e-04
4.330000e-03	1.288371e-04
4.340000e-03	1.288083e-04
4.350000e-03	1.287795e-04
4.360000e-03	1.287508e-04
4.370000e-03	1.287220e-04
4.380000e-03	1.286932e-04
4.390000e-03	1.286644e-04
4.400000e-03	1.286356e-04
4.410000e-03	1.286069e-04
4.420000e-03	1.285781e-04
4.430000e-03	1.285493e-04
4.440000e-03	1.285205e-04
4.450000e-03	1.284917e-04
4.460000e-03	1.284630e-04
4.470000e-03	1.284342e-04
4.480000e-03	1.284054e-04
4.490000e-03	1.283766e-04
4.500000e-03	1.283478e-04
4.510000e-03	1.283191e-04
4.520000e-03	1.282903e-04
4.530000e-03	1.282615e-04
4.540000e-03	1.282327e-04
4.550000e-03	1.282039e-04
4.560000e-03	1.281752e-04
4.570000e-03	1.281464e-04
4.580000e-03	1.281176e-04
4.590000e-03	1.280888e-04
4.600000e-03	1.280600e-04
4.610000e-03	1.280313e-04
4.620000e-03	1.280025e-04
4.630000e-03	1.279737e-04
4.640000e-03	1.279449e-04
4.650000e-03	1.279161e-04
4.660000e-03	1.278874e-04
4.670000e-03	1.278586e-04
4.680000e-03	1.278298e-04
4.690000e-03	1.278010e-04
4.700000e-03	1.277722e-04
4.710000e-03	1.277435e-04
4.720000e-03	1.277147e-04
4.730000e-03	1.276859e-04
4.740000e-03	1.276571e-04
4.750000e-03	1.276283e-04
4.760000e-03	1.275996e-04
4.770000e-03	1.275708e-04
4.780000e-03	1.275420e-04
4.790000e-03	1.275132e-04
4.800000e-03	1.274844e-04
4.810000e-03	1.274557e-04
4.820000e-03	1.274269e-04
4.830000e-03	1.273981e-04
4.840000e-03	1.273693e-04
4.850000e-03	1.273405e-04
4.860000e-03	1.273118e-04
4.870000e-03	1.272830e-04
4.880000e-03	1.272542e-04
4.890000e-03	1.272254e-04
4.900000e-03	1.271966e-04
4.910000e-03	1.271679e-04
4.920000e-03	1.271391e-04
4.930000e-03	1.271103e-04
4.940000e-03	1.270815e-04
4.950000e-03	1.270527e-04
4.960000e-03	1.270240e-04
4.970000e-03	1.269952e-04
4.980000e-03	1.269664e-04
4.990000e-03	1.269376e-04
5.000000e-03	1.269088e-04
5.010000e-03	1.269086e-04
5.020000e-03	1.269084e-04
5.030000e-03	1.269082e-04
5.040000e-03	1.269080e-04
5.050000e-03	1.269078e-04
5.060000e-03	1.269076e-04
5.070000e-03	1.269074e-04
5.080000e-03	1.269072e-04
5.090000e-03	1.269070e-04
5.100000e-03	1.269068e-04
5.110000e-03	1.269066e-04
5.120000e-03	1.269064e-04
5.130000e-03	1.269062e-04
5.140000e-03	1.269059e-04
5.150000e-03	1.269057e-04
5.160000e-03	1.269055e-04
5.170000e-03	1.269053e-04
5.180000e-03	1.269051e-04
5.190000e-03	1.269049e-04
5.200000e-03	1.269047e-04
5.210000e-03	1.269045e-04
5.220000e-03	1.269043e-04
5.230000e-03	1.269041e-04
5.240000e-03	1.269039e-04
5.250000e-03	1.269037e-04
5.260000e-03	1.269035e-04
5.270000e-03	1.269033e-04
5.280000e-03	1.269030e-04
5.290000e-03	1.269028e-04
5.300000e-03	1.269026e-04
5.310000e-03	1.269024e-04
5.320000e-03	1.269022e-04
5.330000e-03	1.269020e-04
5.340000e-03	1.269018e-04
5.350000e-03	1.269016e-04
5.360000e-03	1.269014e-04
5.370000e-03	1.269012e-04
5.380000e-03	1.269010e-04
5.390000e-03	1.269008e-04
5.400000e-03	1.269006e-04
5.410000e-03	1.269003e-04
5.420000e-03	1.269001e-04
5.430000e-03	1.268999e-04
5.440000e-03	1.268997e-04
5.450000e-03	1.268995e-04
5.460000e-03	1.268993e-04
5.470000e-03	1.268991e-04
5.480000e-03	1.268989e-04
5.490000e-03	1.268987e-04
5.500000e-03	1.268985e-04
5.510000e-03	1.268983e-04
5.520000e-03	1.268981e-04
5.530000e-03	1.268979e-04
5.540000e-03	1.268977e-04
5.550000e-03	1.268974e-04
5.560000e-03	1.268972e-04
5.570000e-03	1.268970e-04
5.580000e-03	1.268968e-04
5.590000e-03	1.268966e-04
5.600000e-03	1.268964e-04
5.610000e-03	1.268962e-04
5.620000e-03	1.268960e-04
5.630000e-03	1.268958e-04
5.640000e-03	1.268956e-04
5.650000e-03	1.268954e-04
5.660000e-03	1.268952e-04
5.670000e-03	1.268950e-04
5.680000e-03	1.268948e-04
5.690000e-03	1.268945e-04
5.700000e-03	1.268943e-04
5.710000e-03	1.268941e-04
5.720000e-03	1.268939e-04
5.730000e-03	1.268937e-04
5.740000e-03	1.268935e-04
5.750000e-03	1.268933e-04
5.760000e-03	1.268931e-04
5.770000e-03	1.268929e-04
5.780000e-03	1.268927e-04
5.790000e-03	1.268925e-04
5.800000e-03	1.268923e-04
5.810000e-03	1.268921e-04
5.820000e-03	1.268918e-04
5.830000e-03	1.268916e-04
5.840000e-03	1.268914e-04
5.850000e-03	1.268912e-04
5.860000e-03	1.268910e-04
5.870000e-03	1.268908e-04
5.880000e-03	1.268906e-04
5.890000e-03	1.268904e-04
5.900000e-03	1.268902e-04
5.910000e-03	1.268900e-04
5.920000e-03	1.268898e-04
5.930000e-03	1.268896e-04
5.940000e-03	1.268894e-04
5.950000e-03	1.268892e-04
5.960000e-03	1.268889e-04
5.970000e-03	1.268887e-04
5.980000e-03	1.268885e-04
5.990000e-03	1.268883e-04
6.000000e-03	1.268881e-04
6.010000e-03	1.269165e-04
6.020000e-03	1.269449e-04
6.030000e-03	1.269733e-04
6.040000e-03	1.270016e-04
6.050000e-03	1.270300e-04
6.060000e-03	1.270584e-04
6.070000e-03	1.270868e-04
6.080000e-03	1.271151e-04
6.090000e-03	1.271435e-04
6.100000e-03	1.271719e-04
6.110000e-03	1.272003e-04
6.120000e-03	1.272287e-04
6.130000e-03	1.272570e-04
6.140000e-03	1.272854e-04
6.150000e-03	1.273138e-04
6.160000e-03	1.273422e-04
6.170000e-03	1.273706e-04
6.180000e-03	1.273989e-04
6.190000e-03	1.274273e-04
6.200000e-03	1.274557e-04
6.210000e-03	1.274841e-04
6.220000e-03	1.275125e-04
6.230000e-03	1.275408e-04
6.240000e-03	1.275692e-04
6.250000e-03	1.275976e-04
6.260000e-03	1.276260e-04
6.270000e-03	1.276543e-04
6.280000e-03	1.276827e-04
6.290000e-03	1.277111e-04
6.300000e-03	1.277395e-04
6.310000e-03	1.277679e-04
6.320000e-03	1.277962e-04
6.330000e-03	1.278246e-04
6.340000e-03	1.278530e-04
6.350000e-03	1.278814e-04
6.360000e-03	1.279098e-04
6.370000e-03	1.279381e-04
6.380000e-03	1.279665e-04
6.390000e-03	1.279949e-04
6.400000e-03	1.280233e-04
6.410000e-03	1.280517e-04
6.420000e-03	1.280800e-04
6.430000e-03	1.281084e-04
6.440000e-03	1.281368e-04
6.450000e-03	1.281652e-04
6.460000e-03	1.281935e-04
6.470000e-03	1.282219e-04
6.480000e-03	1.282503e-04
6.490000e-03	1.282787e-04
6.500000e-03	1.283071e-04
6.510000e-03	1.283354e-04
6.520000e-03	1.283638e-04
6.530000e-03	1.283922e-04
6.540000e-03	1.284206e-04
6.550000e-03	1.284490e-04
6.560000e-03	1.284773e-04
6.570000e-03	1.285057e-04
6.580000e-03	1.285341e-04
6.590000e-03	1.285625e-04
6.600000e-03	1.285909e-04
6.610000e-03	1.286192e-04
6.620000e-03	1.286476e-04
6.630000e-03	1.286760e-04
6.640000e-03	1.287044e-04
6.650000e-03	1.287327e-04
6.660000e-03	1.287611e-04
6.670000e-03	1.287895e-04
6.680000e-03	1.288179e-04
6.690000e-03	1.288463e-04
6.700000e-03	1.288746e-04
6.710000e-03	1.289030e-04
6.720000e-03	1.289314e-04
6.730000e-03	1.289598e-04
6.740000e-03	1.289882e-04
6.750000e-03	1.290165e-04
6.760000e-03	1.290449e-04
6.770000e-03	1.290733e-04
6.780000e-03	1.291017e-04
6.790000e-03	1.291300e-04
6.800000e-03	1.291584e-04
6.810000e-03	1.291868e-04
6.820000e-03	1.292152e-04
6.830000e-03	1.292436e-04
6.840000e-03	1.292719e-04
6.850000e-03	1.293003e-04
6.860000e-03	1.293287e-04
6.870000e-03	1.293571e-04
6.880000e-03	1.293855e-04
6.890000e-03	1.294138e-04
6.900000e-03	1.294422e-04
6.910000e-03	1.294706e-04
6.920000e-03	1.294990e-04
6.930000e-03	1.295274e-04
6.940000e-03	1.295557e-04
6.950000e-03	1.295841e-04
6.960000e-03	1.296125e-04
6.970000e-03	1.296409e-04
6.980000e-03	1.296692e-04
6.990000e-03	1.296976e-04
7.000000e-03	1.297260e-04
7.010000e-03	1.297812e-04
7.020000e-03	1.298363e-04
7.030000e-03	1.298915e-04
7.040000e-03	1.299467e-04
7.050000e-03	1.300018e-04
7.060000e-03	1.300570e-04
7.070000e-03	1.301122e-04
7.080000e-03	1.301673e-04
7.090000e-03	1.302225e-04
7.100000e-03	1.302777e-04
7.110000e-03	1.303328e-04
7.120000e-03	1.303880e-04
7.130000e-03	1.304432e-04
7.140000e-03	1.304983e-04
7.150000e-03	1.305535e-04
7.160000e-03	1.306087e-04
7.170000e-03	1.306638e-04
7.180000e-03	1.307190e-04
7.190000e-03	1.307742e-04
7.200000e-03	1.308293e-04
7.210000e-03	1.308845e-04
7.220000e-03	1.309397e-04
7.230000e-03	1.309948e-04
7.240000e-03	1.310500e-04
7.250000e-03	1.311052e-04
7.260000e-03	1.311603e-04
7.270000e-03	1.312155e-04
7.280000e-03	1.312707e-04
7.290000e-03	1.313258e-04
7.300000e-03	1.313810e-04
7.310000e-03	1.314362e-04
7.320000e-03	1.314913e-04
7.330000e-03	1.315465e-04
7.340000e-03	1.316017e-04
7.350000e-03	1.316568e-04
7.360000e-03	1.317120e-04
7.370000e-03	1.317672e-04
7.380000e-03	1.318223e-04
7.390000e-03	1.318775e-04
7.400000e-03	1.319327e-04
7.410000e-03	1.319878e-04
7.420000e-03	1.320430e-04
7.430000e-03	1.320982e-04
7.440000e-03	1.321533e-04
7.450000e-03	1.322085e-04
7.460000e-03	1.322637e-04
7.470000e-03	1.323188e-04
7.480000e-03	1.323740e-04
7.490000e-03	1.324292e-04
7.500000e-03	1.324843e-04
7.510000e-03	1.325395e-04
7.520000e-03	1.325947e-04
7.530000e-03	1.326498e-04
7.540000e-03	1.327050e-04
7.550000e-03	1.327602e-04
7.560000e-03	1.328153e-04
7.570000e-03	1.328705e-04
7.580000e-03	1.329257e-04
7.590000e-03	1.329808e-04
7.600000e-03	1.330360e-04
7.610000e-03	1.330912e-04
7.620000e-03	1.331463e-04
7.630000e-03	1.332015e-04
7.640000e-03	1.332567e-04
7.650000e-03	1.333118e-04
7.660000e-03	1.333670e-04
7.670000e-03	1.334222e-04
7.680000e-03	1.334773e-04
7.690000e-03	1.335325e-04
7.700000e-03	1.335877e-04
7.710000e-03	1.336428e-04
7.720000e-03	1.336980e-04
7.730000e-03	1.337532e-04
7.740000e-03	1.338083e-04
7.750000e-03	1.338635e-04
7.760000e-03	1.339187e-04
7.770000e-03	1.339738e-04
7.780000e-03	1.340290e-04
7.790000e-03	1.340842e-04
7.800000e-03	1.341393e-04
7.810000e-03	1.341945e-04
7.820000e-03	1.342497e-04
7.830000e-03	1.343048e-04
7.840000e-03	1.343600e-04
7.850000e-03	1.344152e-04
7.860000e-03	1.344703e-04
7.870000e-03	1.345255e-04
7.880000e-03	1.345807e-04
7.890000e-03	1.346358e-04
7.900000e-03	1.346910e-04
7.910000e-03	1.347462e-04
7.920000e-03	1.348013e-04
7.930000e-03	1.348565e-04
7.940000e-03	1.349117e-04
7.950000e-03	1.349668e-04
7.960000e-03	1.350220e-04
7.970000e-03	1.350772e-04
7.980000e-03	1.351323e-04
7.990000e-03	1.351875e-04
8.000000e-03	1.352427e-04
8.010000e-03	1.353215e-04
8.020000e-03	1.354004e-04
8.030000e-03	1.354793e-04
8.040000e-03	1.355581e-04
8.050000e-03	1.356370e-04
8.060000e-03	1.357158e-04
8.070000e-03	1.357947e-04
8.080000e-03	1.358736e-04
8.090000e-03	1.359524e-04
8.100000e-03	1.360313e-04
8.110000e-03	1.361101e-04
8.120000e-03	1.361890e-04
8.130000e-03	1.362679e-04
8.140000e-03	1.363467e-04
8.150000e-03	1.364256e-04
8.160000e-03	1.365044e-04
8.170000e-03	1.365833e-04
8.180000e-03	1.366622e-04
8.190000e-03	1.367410e-04
8.200000e-03	1.368199e-04
8.210000e-03	1.368987e-04
8.220000e-03	1.369776e-04
8.230000e-03	1.370565e-04
8.240000e-03	1.371353e-04
8.250000e-03	1.372142e-04
8.260000e-03	1.372930e-04
8.270000e-03	1.373719e-04
8.280000e-03	1.374508e-04
8.290000e-03	1.375296e-04
8.300000e-03	1.376085e-04
8.310000e-03	1.376873e-04
8.320000e-03	1.377662e-04
8.330000e-03	1.378451e-04
8.340000e-03	1.379239e-04
8.350000e-03	1.380028e-04
8.360000e-03	1.380816e-04
8.370000e-03	1.381605e-04
8.380000e-03	1.382394e-04
8.390000e-03	1.383182e-04
8.400000e-03	1.383971e-04
8.410000e-03	1.384759e-04
8.420000e-03	1.385548e-04
8.430000e-03	1.386337e-04
8.440000e-03	1.387125e-04
8.450000e-03	1.387914e-04
8.460000e-03	1.388703e-04
8.470000e-03	1.389491e-04
8.480000e-03	1.390280e-04
8.490000e-03	1.391068e-04
8.500000e-03	1.391857e-04
8.510000e-03	1.392646e-04
8.520000e-03	1.393434e-04
8.530000e-03	1.394223e-04
8.540000e-03	1.395011e-04
8.550000e-03	1.395800e-04
8.560000e-03	1.396589e-04
8.570000e-03	1.397377e-04
8.580000e-03	1.398166e-04
8.590000e-03	1.398954e-04
8.600000e-03	1.399743e-04
8.610000e-03	1.400532e-04
8.620000e-03	1.401320e-04
8.630000e-03	1.402109e-04
8.640000e-03	1.402897e-04
8.650000e-03	1.403686e-04
8.660000e-03	1.404475e-04
8.670000e-03	1.405263e-04
8.680000e-03	1.406052e-04
8.690000e-03	1.406840e-04
8.700000e-03	1.407629e-04
8.710000e-03	1.408418e-04
8.720000e-03	1.409206e-04
8.730000e-03	1.409995e-04
8.740000e-03	1.410783e-04
8.750000e-03	1.411572e-04
8.760000e-03	1.412361e-04
8.770000e-03	1.413149e-04
8.780000e-03	1.413938e-04
8.790000e-03	1.414726e-04
8.800000e-03	1.415515e-04
8.810000e-03	1.416304e-04
8.820000e-03	1.417092e-04
8.830000e-03	1.417881e-04
8.840000e-03	1.418669e-04
8.850000e-03	1.419458e-04
8.860000e-03	1.420247e-04
8.870000e-03	1.421035e-04
8.880000e-03	1.421824e-04
8.890000e-03	1.422612e-04
8.900000e-03	1.423401e-04
8.910000e-03	1.424190e-04
8.920000e-03	1.424978e-04
8.930000e-03	1.425767e-04
8.940000e-03	1.426555e-04
8.950000e-03	1.427344e-04
8.960000e-03	1.428133e-04
8.970000e-03	1.428921e-04
8.980000e-03	1.429710e-04
8.990000e-03	1.430499e-04
9.000000e-03	1.431287e-04
9.010000e-03	1.432782e-04
9.020000e-03	1.434278e-04
9.030000e-03	1.435773e-04
9.040000e-03	1.437268e-04
9.050000e-03	1.438763e-04
9.060000e-03	1.440258e-04
9.070000e-03	1.441754e-04
9.080000e-03	1.443249e-04
9.090000e-03	1.444744e-04
9.100000e-03	1.446239e-04
9.110000e-03	1.447735e-04
9.120000e-03	1.449230e-04
9.130000e-03	1.450725e-04
9.140000e-03	1.452220e-04
9.150000e-03	1.453715e-04
9.160000e-03	1.455211e-04
9.170000e-03	1.456706e-04
9.180000e-03	1.458201e-04
9.190000e-03	1.459696e-04
9.200000e-03	1.461192e-04
9.210000e-03	1.462687e-04
9.220000e-03	1.464182e-04
9.230000e-03	1.465677e-04
9.240000e-03	1.467172e-04
9.250000e-03	1.468668e-04
9.260000e-03	1.470163e-04
9.270000e-03	1.471658e-04
9.280000e-03	1.473153e-04
9.290000e-03	1.474649e-04
9.300000e-03	1.476144e-04
9.310000e-03	1.477639e-04
9.320000e-03	1.479134e-04
9.330000e-03	1.480629e-04
9.340000e-03	1.482125e-04
9.350000e-03	1.483620e-04
9.360000e-03	1.485115e-04
9.370000e-03	1.486610e-04
9.380000e-03	1.488106e-04
9.390000e-03	1.489601e-04
9.400000e-03	1.491096e-04
9.410000e-03	1.492591e-04
9.420000e-03	1.494086e-04
9.430000e-03	1.495582e-04
9.440000e-03	1.497077e-04
9.450000e-03	1.498572e-04
9.460000e-03	1.500067e-04
9.470000e-03	1.501563e-04
9.480000e-03	1.503058e-04
9.490000e-03	1.504553e-04
9.500000e-03	1.506048e-04
9.510000e-03	1.507543e-04
9.520000e-03	1.509039e-04
9.530000e-03	1.510534e-04
9.540000e-03	1.512029e-04
9.550000e-03	1.513524e-04
9.560000e-03	1.515020e-04
9.570000e-03	1.516515e-04
9.580000e-03	1.518010e-04
9.590000e-03	1.519505e-04
9.600000e-03	1.521000e-04
9.610000e-03	1.522496e-04
9.620000e-03	1.523991e-04
9.630000e-03	1.525486e-04
9.640000e-03	1.526981e-04
9.650000e-03	1.528477e-04
9.660000e-03	1.529972e-04
9.670000e-03	1.531467e-04
9.680000e-03	1.532962e-04
9.690000e-03	1.534457e-04
9.700000e-03	1.535953e-04
9.710000e-03	1.537448e-04
9.720000e-03	1.538943e-04
9.730000e-03	1.540438e-04
9.740000e-03	1.541934e-04
9.750000e-03	1.543429e-04
9.760000e-03	1.544924e-04
9.770000e-03	1.546419e-04
9.780000e-03	1.547915e-04
9.790000e-03	1.549410e-04
9.800000e-03	1.550905e-04
9.810000e-03	1.552400e-04
9.820000e-03	1.553895e-04
9.830000e-03	1.555391e-04
9.840000e-03	1.556886e-04
9.850000e-03	1.558381e-04
9.860000e-03	1.559876e-04
9.870000e-03	1.561372e-04
9.880000e-03	1.562867e-04
9.890000e-03	1.564362e-04
9.900000e-03	1.565857e-04
9.910000e-03	1.567352e-04
9.920000e-03	1.568848e-04
9.930000e-03	1.570343e-04
9.940000e-03	1.571838e-04
9.950000e-03	1.573333e-04
9.960000e-03	1.574829e-04
9.970000e-03	1.576324e-04
9.980000e-03	1.577819e-04
9.990000e-03	1.579314e-04
1.000000e-02	1.580809e-04
1.001000e-02	1.582305e-04
1.002000e-02	1.583800e-04
1.003000e-02	1.585295e-04
1.004000e-02	1.586790e-04
1.005000e-02	1.588286e-04
1.006000e-02	1.589781e-04
1.007000e-02	1.591276e-04
1.008000e-02	1.592771e-04
1.009000e-02	1.594266e-04
1.010000e-02	1.595762e-04
1.011000e-02	1.597257e-04
1.012000e-02	1.598752e-04
1.013000e-02	1.600247e-04
1.014000e-02	1.601743e-04
1.015000e-02	1.603238e-04
1.016000e-02	1.604733e-04
1.017000e-02	1.606228e-04
1.018000e-02	1.607723e-04
1.019000e-02	1.609219e-04
1.020000e-02	1.610714e-04
1.021000e-02	1.612209e-04
1.022000e-02	1.613704e-04
1.023000e-02	1.615200e-04
1.024000e-02	1.616695e-04
1.025000e-02	1.618190e-04
1.026000e-02	1.619685e-04
1.027000e-02	1.621180e-04
1.028000e-02	1.622676e-04
1.029000e-02	1.624171e-04
1.030000e-02	1.625666e-04
1.031000e-02	1.627161e-04
1.032000e-02	1.628657e-04
1.033000e-02	1.630152e-04
1.034000e-02	1.631647e-04
1.035000e-02	1.633142e-04
1.036000e-02	1.634637e-04
1.037000e-02	1.636133e-04
1.038000e-02	1.637628e-04
1.039000e-02	1.639123e-04
1.040000e-02	1.640618e-04
1.041000e-02	1.642114e-04
1.042000e-02	1.643609e-04
1.043000e-02	1.645104e-04
1.044000e-02	1.646599e-04
1.045000e-02	1.648094e-04
1.046000e-02	1.649590e-04
1.047000e-02	1.651085e-04
1.048000e-02	1.652580e-04
1.049000e-02	1.654075e-04
1.050000e-02	1.655571e-04
1.051000e-02	1.657066e-04
1.052000e-02	1.658561e-04
1.053000e-02	1.660056e-04
1.054000e-02	1.661551e-04
1.055000e-02	1.663047e-04
1.056000e-02	1.664542e-04
1.057000e-02	1.666037e-04
1.058000e-02	1.667532e-04
1.059000e-02	1.669028e-04
1.060000e-02	1.670523e-04
1.061000e-02	1.672018e-04
1.062000e-02	1.673513e-04
1.063000e-02	1.675008e-04
1.064000e-02	1.676504e-04
1.065000e-02	1.677999e-04
1.066000e-02	1.679494e-04
1.067000e-02	1.680989e-04
1.068000e-02	1.682485e-04
1.069000e-02	1.683980e-04
1.070000e-02	1.685475e-04
1.071000e-02	1.686970e-04
1.072000e-02	1.688465e-04
1.073000e-02	1.689961e-04
1.074000e-02	1.691456e-04
1.075000e-02	1.692951e-04
1.076000e-02	1.694446e-04
1.077000e-02	1.695942e-04
1.078000e-02	1.697437e-04
1.079000e-02	1.698932e-04
1.080000e-02	1.700427e-04
1.081000e-02	1.701922e-04
1.082000e-02	1.703418e-04
1.083000e-02	1.704913e-04
1.084000e-02	1.706408e-04
1.085000e-02	1.707903e-04
1.086000e-02	1.709399e-04
1.087000e-02	1.710894e-04
1.088000e-02	1.712389e-04
1.089000e-02	1.713884e-04
1.090000e-02	1.715379e-04
1.091000e-02	1.716875e-04
1.092000e-02	1.718370e-04
1.093000e-02	1.719865e-04
1.094000e-02	1.721360e-04
1.095000e-02	1.722856e-04
1.096000e-02	1.724351e-04
1.097000e-02	1.725846e-04
1.098000e-02	1.727341e-04
1.099000e-02	1.728836e-04
1.100000e-02	1.730332e-04
1.101000e-02	1.731827e-04
1.102000e-02	1.733322e-04
1.103000e-02	1.734817e-04
1.104000e-02	1.736313e-04
1.105000e-02	1.737808e-04
1.106000e-02	1.739303e-04
1.107000e-02	1.740798e-04
1.108000e-02	1.742293e-04
1.109000e-02	1.743789e-04
1.110000e-02	1.745284e-04
1.111000e-02	1.746779e-04
1.112000e-02	1.748274e-04
1.113000e-02	1.749770e-04
1.114000e-02	1.751265e-04
1.115000e-02	1.752760e-04
1.116000e-02	1.754255e-04
1.117000e-02	1.755750e-04
1.118000e-02	1.757246e-04
1.119000e-02	1.758741e-04
1.120000e-02	1.760236e-04
1.121000e-02	1.761731e-04
1.122000e-02	1.763227e-04
1.123000e-02	1.764722e-04
1.124000e-02	1.766217e-04
1.125000e-02	1.767712e-04
1.126000e-02	1.769207e-04
1.127000e-02	1.770703e-04
1.128000e-02	1.772198e-04
1.129000e-02	1.773693e-04
1.130000e-02	1.775188e-04
1.131000e-02	1.776684e-04
1.132000e-02	1.778179e-04
1.133000e-02	1.779674e-04
1.134000e-02	1.781169e-04
1.135000e-02	1.782664e-04
1.136000e-02	1.784160e-04
1.137000e-02	1.785655e-04
1.138000e-02	1.787150e-04
1.139000e-02	1.788645e-04
1.140000e-02	1.790141e-04
1.141000e-02	1.791636e-04
1.142000e-02	1.793131e-04
1.143000e-02	1.794626e-04
1.144000e-02	1.796121e-04
1.145000e-02	1.797617e-04
1.146000e-02	1.799112e-04
1.147000e-02	1.800607e-04
1.148000e-02	1.802102e-04
1.149000e-02	1.803598e-04
1.150000e-02	1.805093e-04
1.151000e-02	1.806588e-04
1.152000e-02	1.808083e-04
1.153000e-02	1.809578e-04
1.154000e-02	1.811074e-04
1.155000e-02	1.812569e-04
1.156000e-02	1.814064e-04
1.157000e-02	1.815559e-04
1.158000e-02	1.817055e-04
1.159000e-02	1.818550e-04
1.160000e-02	1.820045e-04
1.161000e-02	1.821540e-04
1.162000e-02	1.823035e-04
1.163000e-02	1.824531e-04
1.164000e-02	1.826026e-04
1.165000e-02	1.827521e-04
1.166000e-02	1.829016e-04
1.167000e-02	1.830512e-04
1.168000e-02	1.832007e-04
1.169000e-02	1.833502e-04
1.170000e-02	1.834997e-04
1.171000e-02	1.836493e-04
1.172000e-02	1.837988e-04
1.173000e-02	1.839483e-04
1.174000e-02	1.840978e-04
1.175000e-02	1.842473e-04
1.176000e-02	1.843969e-04
1.177000e-02	1.845464e-04
1.178000e-02	1.846959e-04
1.179000e-02	1.848454e-04
1.180000e-02	1.849950e-04
1.181000e-02	1.851445e-04
1.182000e-02	1.852940e-04
1.183000e-02	1.854435e-04
1.184000e-02	1.855930e-04
1.185000e-02	1.857426e-04
1.186000e-02	1.858921e-04
1.187000e-02	1.860416e-04
1.188000e-02	1.861911e-04
1.189000e-02	1.863407e-04
1.190000e-02	1.864902e-04
1.191000e-02	1.866397e-04
1.192000e-02	1.867892e-04
1.193000e-02	1.869387e-04
1.194000e-02	1.870883e-04
1.195000e-02	1.872378e-04
1.196000e-02	1.873873e-04
1.197000e-02	1.875368e-04
1.198000e-02	1.876864e-04
1.199000e-02	1.878359e-04
1.200000e-02	1.879854e-04
1.201000e-02	1.881349e-04
1.202000e-02	1.882844e-04
1.203000e-02	1.884340e-04
1.204000e-02	1.885835e-04
1.205000e-02	1.887330e-04
1.206000e-02	1.888825e-04
1.207000e-02	1.890321e-04
1.208000e-02	1.891816e-04
1.209000e-02	1.893311e-04
1.210000e-02	1.894806e-04
1.211000e-02	1.896301e-04
1.212000e-02	1.897797e-04
1.213000e-02	1.899292e-04
1.214000e-02	1.900787e-04
1.215000e-02	1.902282e-04
1.216000e-02	1.903778e-04
1.217000e-02	1.905273e-04
1.218000e-02	1.906768e-04
1.219000e-02	1.908263e-04
1.220000e-02	1.909758e-04
1.221000e-02	1.911254e-04
1.222000e-02	1.912749e-04
1.223000e-02	1.914244e-04
1.224000e-02	1.915739e-04
1.225000e-02	1.917235e-04
1.226000e-02	1.918730e-04
1.227000e-02	1.920225e-04
1.228000e-02	1.921720e-04
1.229000e-02	1.923215e-04
1.230000e-02	1.924711e-04
1.231000e-02	1.926206e-04
1.232000e-02	1.927701e-04
1.233000e-02	1.929196e-04
1.234000e-02	1.930692e-04
1.235000e-02	1.932187e-04
1.236000e-02	1.933682e-04
1.237000e-02	1.935177e-04
1.238000e-02	1.936672e-04
1.239000e-02	1.938168e-04
1.240000e-02	1.939663e-04
1.241000e-02	1.941158e-04
1.242000e-02	1.942653e-04
1.243000e-02	1.944149e-04
1.244000e-02	1.945644e-04
1.245000e-02	1.947139e-04
1.246000e-02	1.948634e-04
1.247000e-02	1.950129e-04
1.248000e-02	1.951625e-04
1.249000e-02	1.953120e-04
1.250000e-02	1.954615e-04
1.251000e-02	1.956110e-04
1.252000e-02	1.957606e-04
1.253000e-02	1.959101e-04
1.254000e-02	1.960596e-04
1.255000e-02	1.962091e-04
1.256000e-02	1.963586e-04
1.257000e-02	1.965082e-04
1.258000e-02	1.966577e-04
1.259000e-02	1.968072e-04
1.260000e-02	1.969567e-04
1.261000e-02	1.971063e-04
1.262000e-02	1.972558e-04
1.263000e-02	1.974053e-04
1.264000e-02	1.975548e-04
1.265000e-02	1.977043e-04
1.266000e-02	1.978539e-04
1.267000e-02	1.980034e-04
1.268000e-02	1.981529e-04
1.269000e-02	1.983024e-04
1.270000e-02	1.984520e-04
1.271000e-02	1.986015e-04
1.272000e-02	1.987510e-04
1.273000e-02	1.989005e-04
1.274000e-02	1.990500e-04
1.275000e-02	1.991996e-04
1.276000e-02	1.993491e-04
1.277000e-02	1.994986e-04
1.278000e-02	1.996481e-04
1.279000e-02	1.997977e-04
1.280000e-02	1.999472e-04
1.281000e-02	2.000967e-04
1.282000e-02	2.002462e-04
1.283000e-02	2.003957e-04
1.284000e-02	2.005453e-04
1.285000e-02	2.006948e-04
1.286000e-02	2.008443e-04
1.287000e-02	2.009938e-04
1.288000e-02	2.011434e-04
1.289000e-02	2.012929e-04
1.290000e-02	2.014424e-04
1.291000e-02	2.015919e-04
1.292000e-02	2.017414e-04
1.293000e-02	2.018910e-04
1.294000e-02	2.020405e-04
1.295000e-02	2.021900e-04
1.296000e-02	2.023395e-04
1.297000e-02	2.024891e-04
1.298000e-02	2.026386e-04
1.299000e-02	2.027881e-04
1.300000e-02	2.029376e-04
1.301000e-02	2.030871e-04
1.302000e-02	2.032367e-04
1.303000e-02	2.033862e-04
1.304000e-02	2.035357e-04
1.305000e-02	2.036852e-04
1.306000e-02	2.038348e-04
1.307000e-02	2.039843e-04
1.308000e-02	2.041338e-04
1.309000e-02	2.042833e-04
1.310000e-02	2.044328e-04
1.311000e-02	2.045824e-04
1.312000e-02	2.047319e-04
1.313000e-02	2.048814e-04
1.314000e-02	2.050309e-04
1.315000e-02	2.051805e-04
1.316000e-02	2.053300e-04
1.317000e-02	2.054795e-04
1.318000e-02	2.056290e-04
1.319000e-02	2.057785e-04
1.320000e-02	2.059281e-04
1.321000e-02	2.060776e-04
1.322000e-02	2.062271e-04
1.323000e-02	2.063766e-04
1.324000e-02	2.065262e-04
1.325000e-02	2.066757e-04
1.326000e-02	2.068252e-04
1.327000e-02	2.069747e-04
1.328000e-02	2.071242e-04
1.329000e-02	2.072738e-04
1.330000e-02	2.074233e-04
1.331000e-02	2.075728e-04
1.332000e-02	2.077223e-04
1.333000e-02	2.078719e-04
1.334000e-02	2.080214e-04
1.335000e-02	2.081709e-04
1.336000e-02	2.083204e-04
1.337000e-02	2.084699e-04
1.338000e-02	2.086195e-04
1.339000e-02	2.087690e-04
1.340000e-02	2.089185e-04
1.341000e-02	2.090680e-04
1.342000e-02	2.092176e-04
1.343000e-02	2.093671e-04
1.344000e-02	2.095166e-04
1.345000e-02	2.096661e-04
1.346000e-02	2.098156e-04
1.347000e-02	2.099652e-04
1.348000e-02	2.101147e-04
1.349000e-02	2.102642e-04
1.350000e-02	2.104137e-04
1.351000e-02	2.105633e-04
1.352000e-02	2.107128e-04
1.353000e-02	2.108623e-04
1.354000e-02	2.110118e-04
1.355000e-02	2.111614e-04
1.356000e-02	2.113109e-04
1.357000e-02	2.114604e-04
1.358000e-02	2.116099e-04
1.359000e-02	2.117594e-04
1.360000e-02	2.119090e-04
1.361000e-02	2.120585e-04
1.362000e-02	2.122080e-04
1.363000e-02	2.123575e-04
1.364000e-02	2.125071e-04
1.365000e-02	2.126566e-04
1.366000e-02	2.128061e-04
1.367000e-02	2.129556e-04
1.368000e-02	2.131051e-04
1.369000e-02	2.132547e-04
1.370000e-02	2.134042e-04
1.371000e-02	2.135537e-04
1.372000e-02	2.137032e-04
1.373000e-02	2.138528e-04
1.374000e-02	2.140023e-04
1.375000e-02	2.141518e-04
1.376000e-02	2.143013e-04
1.377000e-02	2.144508e-04
1.378000e-02	2.146004e-04
1.379000e-02	2.147499e-04
1.380000e-02	2.148994e-04
1.381000e-02	2.150489e-04
1.382000e-02	2.151985e-04
1.383000e-02	2.153480e-04
1.384000e-02	2.154975e-04
1.385000e-02	2.156470e-04
1.386000e-02	2.157965e-04
1.387000e-02	2.159461e-04
1.388000e-02	2.160956e-04
1.389000e-02	2.162451e-04
1.390000e-02	2.163946e-04
1.391000e-02	2.165442e-04
1.392000e-02	2.166937e-04
1.393000e-02	2.168432e-04
1.394000e-02	2.169927e-04
1.395000e-02	2.171422e-04
1.396000e-02	2.172918e-04
1.397000e-02	2.174413e-04
1.398000e-02	2.175908e-04
1.399000e-02	2.177403e-04
1.400000e-02	2.178899e-04
1.401000e-02	2.180394e-04
1.402000e-02	2.181889e-04
1.403000e-02	2.183384e-04
1.404000e-02	2.184879e-04
1.405000e-02	2.186375e-04
1.406000e-02	2.187870e-04
1.407000e-02	2.189365e-04
1.408000e-02	2.190860e-04
1.409000e-02	2.192356e-04
1.410000e-02	2.193851e-04
1.411000e-02	2.195346e-04
1.412000e-02	2.196841e-04
1.413000e-02	2.198336e-04
1.414000e-02	2.199832e-04
1.415000e-02	2.201327e-04
1.416000e-02	2.202822e-04
1.417000e-02	2.204317e-04
1.418000e-02	2.205813e-04
1.419000e-02	2.207308e-04
1.420000e-02	2.208803e-04
1.421000e-02	2.210298e-04
1.422000e-02	2.211793e-04
1.423000e-02	2.213289e-04
1.424000e-02	2.214784e-04
1.425000e-02	2.216279e-04
1.426000e-02	2.217774e-04
1.427000e-02	2.219270e-04
1.428000e-02	2.220765e-04
1.429000e-02	2.222260e-04
1.430000e-02	2.223755e-04
1.431000e-02	2.225250e-04
1.432000e-02	2.226746e-04
1.433000e-02	2.228241e-04
1.434000e-02	2.229736e-04
1.435000e-02	2.231231e-04
1.436000e-02	2.232727e-04
1.437000e-02	2.234222e-04
1.438000e-02	2.235717e-04
1.439000e-02	2.237212e-04
1.440000e-02	2.238707e-04
1.441000e-02	2.240203e-04
1.442000e-02	2.241698e-04
1.443000e-02	2.243193e-04
1.444000e-02	2.244688e-04
1.445000e-02	2.246184e-04
1.446000e-02	2.247679e-04
1.447000e-02	2.249174e-04
1.448000e-02	2.250669e-04
1.449000e-02	2.252164e-04
1.450000e-02	2.253660e-04
1.451000e-02	2.255155e-04
1.452000e-02	2.256650e-04
1.453000e-02	2.258145e-04
1.454000e-02	2.259641e-04
1.455000e-02	2.261136e-04
1.456000e-02	2.262631e-04
1.457000e-02	2.264126e-04
1.458000e-02	2.265621e-04
1.459000e-02	2.267117e-04
1.460000e-02	2.268612e-04
1.461000e-02	2.270107e-04
1.462000e-02	2.271602e-04
1.463000e-02	2.273098e-04
1.464000e-02	2.274593e-04
1.465000e-02	2.276088e-04
1.466000e-02	2.277583e-04
1.467000e-02	2.279078e-04
1.468000e-02	2.280574e-04
1.469000e-02	2.282069e-04
1.470000e-02	2.283564e-04
1.471000e-02	2.285059e-04
1.472000e-02	2.286555e-04
1.473000e-02	2.288050e-04
1.474000e-02	2.289545e-04
1.475000e-02	2.291040e-04
1.476000e-02	2.292535e-04
1.477000e-02	2.294031e-04
1.478000e-02	2.295526e-04
1.479000e-02	2.297021e-04
1.480000e-02	2.298516e-04
1.481000e-02	2.300012e-04
1.482000e-02	2.301507e-04
1.483000e-02	2.303002e-04
1.484000e-02	2.304497e-04
1.485000e-02	2.305992e-04
1.486000e-02	2.307488e-04
1.487000e-02	2.308983e-04
1.488000e-02	2.310478e-04
1.489000e-02	2.311973e-04
1.490000e-02	2.313469e-04
1.491000e-02	2.314964e-04
1.492000e-02	2.316459e-04
1.493000e-02	2.317954e-04
1.494000e-02	2.319449e-04
1.495000e-02	2.320945e-04
1.496000e-02	2.322440e-04
1.497000e-02	2.323935e-04
1.498000e-02	2.325430e-04
1.499000e-02	2.326926e-04
1.500000e-02	2.328421e-04
1.501000e-02	2.329916e-04
1.502000e-02	2.331411e-04
1.503000e-02	2.332906e-04
1.504000e-02	2.334402e-04
1.505000e-02	2.335897e-04
1.506000e-02	2.337392e-04
1.507000e-02	2.338887e-04
1.508000e-02	2.340383e-04
1.509000e-02	2.341878e-04
1.510000e-02	2.343373e-04
1.511000e-02	2.344868e-04
1.512000e-02	2.346363e-04
1.513000e-02	2.347859e-04
1.514000e-02	2.349354e-04
1.515000e-02	2.350849e-04
1.516000e-02	2.352344e-04
1.517000e-02	2.353840e-04
1.518000e-02	2.355335e-04
1.519000e-02	2.356830e-04
1.520000e-02	2.358325e-04
1.521000e-02	2.359820e-04
1.522000e-02	2.361316e-04
1.523000e-02	2.362811e-04
1.524000e-02	2.364306e-04
1.525000e-02	2.365801e-04
1.526000e-02	2.367297e-04
1.527000e-02	2.368792e-04
1.528000e-02	2.370287e-04
1.529000e-02	2.371782e-04
1.530000e-02	2.373277e-04
1.531000e-02	2.374773e-04
1.532000e-02	2.376268e-04
1.533000e-02	2.377763e-04
1.534000e-02	2.379258e-04
1.535000e-02	2.380754e-04
1.536000e-02	2.382249e-04
1.537000e-02	2.383744e-04
1.538000e-02	2.385239e-04
1.539000e-02	2.386735e-04
1.540000e-02	2.388230e-04
1.541000e-02	2.389725e-04
1.542000e-02	2.391220e-04
1.543000e-02	2.392715e-04
1.544000e-02	2.394211e-04
1.545000e-02	2.395706e-04
1.546000e-02	2.397201e-04
1.547000e-02	2.398696e-04
1.548000e-02	2.400192e-04
1.549000e-02	2.401687e-04
1.550000e-02	2.403182e-04
1.551000e-02	2.404677e-04
1.552000e-02	2.406172e-04
1.553000e-02	2.407668e-04
1.554000e-02	2.409163e-04
1.555000e-02	2.410658e-04
1.556000e-02	2.412153e-04
1.557000e-02	2.413649e-04
1.558000e-02	2.415144e-04
1.559000e-02	2.416639e-04
1.560000e-02	2.418134e-04
1.561000e-02	2.419629e-04
1.562000e-02	2.421125e-04
1.563000e-02	2.422620e-04
1.564000e-02	2.424115e-04
1.565000e-02	2.425610e-04
1.566000e-02	2.427106e-04
1.567000e-02	2.428601e-04
1.568000e-02	2.430096e-04
1.569000e-02	2.431591e-04
1.570000e-02	2.433086e-04
1.571000e-02	2.434582e-04
1.572000e-02	2.436077e-04
1.573000e-02	2.437572e-04
1.574000e-02	2.439067e-04
1.575000e-02	2.440563e-04
1.576000e-02	2.442058e-04
1.577000e-02	2.443553e-04
1.578000e-02	2.445048e-04
1.579000e-02	2.446543e-04
1.580000e-02	2.448039e-04
1.581000e-02	2.449534e-04
1.582000e-02	2.451029e-04
1.583000e-02	2.452524e-04
1.584000e-02	2.454020e-04
1.585000e-02	2.455515e-04
1.586000e-02	2.457010e-04
1.587000e-02	2.458505e-04
1.588000e-02	2.460000e-04
1.589000e-02	2.461496e-04
1.590000e-02	2.462991e-04
1.591000e-02	2.464486e-04
1.592000e-02	2.465981e-04
1.593000e-02	2.467477e-04
1.594000e-02	2.468972e-04
1.595000e-02	2.470467e-04
1.596000e-02	2.471962e-04
1.597000e-02	2.473457e-04
1.598000e-02	2.474953e-04
1.599000e-02	2.476448e-04
1.600000e-02	2.477943e-04
1.601000e-02	2.479438e-04
1.602000e-02	2.480934e-04
1.603000e-02	2.482429e-04
1.604000e-02	2.483924e-04
1.605000e-02	2.485419e-04
1.606000e-02	2.486914e-04
1.607000e-02	2.488410e-04
1.608000e-02	2.489905e-04
1.609000e-02	2.491400e-04
1.610000e-02	2.492895e-04
1.611000e-02	2.494391e-04
1.612000e-02	2.495886e-04
1.613000e-02	2.497381e-04
1.614000e-02	2.498876e-04
1.615000e-02	2.500371e-04
1.616000e-02	2.501867e-04
1.617000e-02	2.503362e-04
1.618000e-02	2.504857e-04
1.619000e-02	2.506352e-04
1.620000e-02	2.507848e-04
1.621000e-02	2.509343e-04
1.622000e-02	2.510838e-04
1.623000e-02	2.512333e-04
1.624000e-02	2.513828e-04
1.625000e-02	2.515324e-04
1.626000e-02	2.516819e-04
1.627000e-02	2.518314e-04
1.628000e-02	2.519809e-04
1.629000e-02	2.521305e-04
1.630000e-02	2.522800e-04
1.631000e-02	2.524295e-04
1.632000e-02	2.525790e-04
1.633000e-02	2.527285e-04
1.634000e-02	2.528781e-04
1.635000e-02	2.530276e-04
1.636000e-02	2.531771e-04
1.637000e-02	2.533266e-04
1.638000e-02	2.534762e-04
1.639000e-02	2.536257e-04
1.640000e-02	2.537752e-04
1.641000e-02	2.539247e-04
1.642000e-02	2.540742e-04
1.643000e-02	2.542238e-04
1.644000e-02	2.543733e-04
1.645000e-02	2.545228e-04
1.646000e-02	2.546723e-04
1.647000e-02	2.548219e-04
1.648000e-02	2.549714e-04
1.649000e-02	2.551209e-04
1.650000e-02	2.552704e-04
1.651000e-02	2.554199e-04
1.652000e-02	2.555695e-04
1.653000e-02	2.557190e-04
1.654000e-02	2.558685e-04
1.655000e-02	2.560180e-04
1.656000e-02	2.561676e-04
1.657000e-02	2.563171e-04
1.658000e-02	2.564666e-04
1.659000e-02	2.566161e-04
1.660000e-02	2.567656e-04
1.661000e-02	2.569152e-04
1.662000e-02	2.570647e-04
1.663000e-02	2.572142e-04
1.664000e-02	2.573637e-04
1.665000e-02	2.575133e-04
1.666000e-02	2.576628e-04
1.667000e-02	2.578123e-04
1.668000e-02	2.579618e-04
1.669000e-02	2.581113e-04
1.670000e-02	2.582609e-04
1.671000e-02	2.584104e-04
1.672000e-02	2.585599e-04
1.673000e-02	2.587094e-04
1.674000e-02	2.588590e-04
1.675000e-02	2.590085e-04
1.676000e-02	2.591580e-04
1.677000e-02	2.593075e-04
1.678000e-02	2.594570e-04
1.679000e-02	2.596066e-04
1.680000e-02	2.597561e-04
1.681000e-02	2.599056e-04
1.682000e-02	2.600551e-04
1.683000e-02	2.602047e-04
1.684000e-02	2.603542e-04
1.685000e-02	2.605037e-04
1.686000e-02	2.606532e-04
1.687000e-02	2.608027e-04
1.688000e-02	2.609523e-04
1.689000e-02	2.611018e-04
1.690000e-02	2.612513e-04
1.691000e-02	2.614008e-04
1.692000e-02	2.615504e-04
1.693000e-02	2.616999e-04
1.694000e-02	2.618494e-04
1.695000e-02	2.619989e-04
1.696000e-02	2.621484e-04
1.697000e-02	2.622980e-04
1.698000e-02	2.624475e-04
1.699000e-02	2.625970e-04
1.700000e-02	2.627465e-04
1.701000e-02	2.628961e-04
1.702000e-02	2.630456e-04
1.703000e-02	2.631951e-04
1.704000e-02	2.633446e-04
1.705000e-02	2.634941e-04
1.706000e-02	2.636437e-04
1.707000e-02	2.637932e-04
1.708000e-02	2.639427e-04
1.709000e-02	2.640922e-04
1.710000e-02	2.642418e-04
1.711000e-02	2.643913e-04
1.712000e-02	2.645408e-04
1.713000e-02	2.646903e-04
1.714000e-02	2.648398e-04
1.715000e-02	2.649894e-04
1.716000e-02	2.651389e-04
1.717000e-02	2.652884e-04
1.718000e-02	2.654379e-04
1.719000e-02	2.655875e-04
1.720000e-02	2.657370e-04
1.721000e-02	2.658865e-04
1.722000e-02	2.660360e-04
1.723000e-02	2.661855e-04
1.724000e-02	2.663351e-04
1.725000e-02	2.664846e-04
1.726000e-02	2.666341e-04
1.727000e-02	2.667836e-04
1.728000e-02	2.669332e-04
1.729000e-02	2.670827e-04
1.730000e-02	2.672322e-04
1.731000e-02	2.673817e-04
1.732000e-02	2.675313e-04
1.733000e-02	2.676808e-04
1.734000e-02	2.678303e-04
1.735000e-02	2.679798e-04
1.736000e-02	2.681293e-04
1.737000e-02	2.682789e-04
1.738000e-02	2.684284e-04
1.739000e-02	2.685779e-04
1.740000e-02	2.687274e-04
1.741000e-02	2.688770e-04
1.742000e-02	2.690265e-04
1.743000e-02	2.691760e-04
1.744000e-02	2.693255e-04
1.745000e-02	2.694750e-04
1.746000e-02	2.696246e-04
1.747000e-02	2.697741e-04
1.748000e-02	2.699236e-04
1.749000e-02	2.700731e-04
1.750000e-02	2.702227e-04
1.751000e-02	2.703722e-04
1.752000e-02	2.705217e-04
1.753000e-02	2.706712e-04
1.754000e-02	2.708207e-04
1.755000e-02	2.709703e-04
1.756000e-02	2.711198e-04
1.757000e-02	2.712693e-04
1.758000e-02	2.714188e-04
1.759000e-02	2.715684e-04
1.760000e-02	2.717179e-04
1.761000e-02	2.718674e-04
1.762000e-02	2.720169e-04
1.763000e-02	2.721664e-04
1.764000e-02	2.723160e-04
1.765000e-02	2.724655e-04
1.766000e-02	2.726150e-04
1.767000e-02	2.727645e-04
1.768000e-02	2.729141e-04
1.769000e-02	2.730636e-04
1.770000e-02	2.732131e-04
1.771000e-02	2.733626e-04
1.772000e-02	2.735121e-04
1.773000e-02	2.736617e-04
1.774000e-02	2.738112e-04
1.775000e-02	2.739607e-04
1.776000e-02	2.741102e-04
1.777000e-02	2.742598e-04
1.778000e-02	2.744093e-04
1.779000e-02	2.745588e-04
1.780000e-02	2.747083e-04
1.781000e-02	2.748578e-04
1.782000e-02	2.750074e-04
1.783000e-02	2.751569e-04
1.784000e-02	2.753064e-04
1.785000e-02	2.754559e-04
1.786000e-02	2.756055e-04
1.787000e-02	2.757550e-04
1.788000e-02	2.759045e-04
1.789000e-02	2.760540e-04
1.790000e-02	2.762035e-04
1.791000e-02	2.763531e-04
1.792000e-02	2.765026e-04
1.793000e-02	2.766521e-04
1.794000e-02	2.768016e-04
1.795000e-02	2.769512e-04
1.796000e-02	2.771007e-04
1.797000e-02	2.772502e-04
1.798000e-02	2.773997e-04
1.799000e-02	2.775492e-04
1.800000e-02	2.776988e-04
1.801000e-02	2.778483e-04
1.802000e-02	2.779978e-04
1.803000e-02	2.781473e-04
1.804000e-02	2.782969e-04
1.805000e-02	2.784464e-04
1.806000e-02	2.785959e-04
1.807000e-02	2.787454e-04
1.808000e-02	2.788949e-04
1.809000e-02	2.790445e-04
1.810000e-02	2.791940e-04
1.811000e-02	2.793435e-04
1.812000e-02	2.794930e-04
1.813000e-02	2.796426e-04
1.814000e-02	2.797921e-04
1.815000e-02	2.799416e-04
1.816000e-02	2.800911e-04
1.817000e-02	2.802406e-04
1.818000e-02	2.803902e-04
1.819000e-02	2.805397e-04
1.820000e-02	2.806892e-04
1.821000e-02	2.808387e-04
1.822000e-02	2.809883e-04
1.823000e-02	2.811378e-04
1.824000e-02	2.812873e-04
1.825000e-02	2.814368e-04
1.826000e-02	2.815863e-04
1.827000e-02	2.817359e-04
1.828000e-02	2.818854e-04
1.829000e-02	2.820349e-04
1.830000e-02	2.821844e-04
1.831000e-02	2.823340e-04
1.832000e-02	2.824835e-04
1.833000e-02	2.826330e-04
1.834000e-02	2.827825e-04
1.835000e-02	2.829320e-04
1.836000e-02	2.830816e-04
1.837000e-02	2.832311e-04
1.838000e-02	2.833806e-04
1.839000e-02	2.835301e-04
1.840000e-02	2.836797e-04
1.841000e-02	2.838292e-04
1.842000e-02	2.839787e-04
1.843000e-02	2.841282e-04
1.844000e-02	2.842777e-04
1.845000e-02	2.844273e-04
1.846000e-02	2.845768e-04
1.847000e-02	2.847263e-04
1.848000e-02	2.848758e-04
1.849000e-02	2.850254e-04
1.850000e-02	2.851749e-04
1.851000e-02	2.853244e-04
1.852000e-02	2.854739e-04
1.853000e-02	2.856234e-04
1.854000e-02	2.857730e-04
1.855000e-02	2.859225e-04
1.856000e-02	2.860720e-04
1.857000e-02	2.862215e-04
1.858000e-02	2.863711e-04
1.859000e-02	2.865206e-04
1.860000e-02	2.866701e-04
1.861000e-02	2.868196e-04
1.862000e-02	2.869691e-04
1.863000e-02	2.871187e-04
1.864000e-02	2.872682e-04
1.865000e-02	2.874177e-04
1.866000e-02	2.875672e-04
1.867000e-02	2.877168e-04
1.868000e-02	2.878663e-04
1.869000e-02	2.880158e-04
1.870000e-02	2.881653e-04
1.871000e-02	2.883148e-04
1.872000e-02	2.884644e-04
1.873000e-02	2.886139e-04
1.874000e-02	2.887634e-04
1.875000e-02	2.889129e-04
1.876000e-02	2.890625e-04
1.877000e-02	2.892120e-04
1.878000e-02	2.893615e-04
1.879000e-02	2.895110e-04
1.880000e-02	2.896605e-04
1.881000e-02	2.898101e-04
1.882000e-02	2.899596e-04
1.883000e-02	2.901091e-04
1.884000e-02	2.902586e-04
1.885000e-02	2.904082e-04
1.886000e-02	2.905577e-04
1.887000e-02	2.907072e-04
1.888000e-02	2.908567e-04
1.889000e-02	2.910062e-04
1.890000e-02	2.911558e-04
1.891000e-02	2.913053e-04
1.892000e-02	2.914548e-04
1.893000e-02	2.916043e-04
1.894000e-02	2.917539e-04
1.895000e-02	2.919034e-04
1.896000e-02	2.920529e-04
1.897000e-02	2.922024e-04
1.898000e-02	2.923519e-04
1.899000e-02	2.925015e-04
1.900000e-02	2.926510e-04
1.901000e-02	2.928005e-04
1.902000e-02	2.929500e-04
1.903000e-02	2.930996e-04
1.904000e-02	2.932491e-04
1.905000e-02	2.933986e-04
1.906000e-02	2.935481e-04
1.907000e-02	2.936976e-04
1.908000e-02	2.938472e-04
1.909000e-02	2.939967e-04
1.910000e-02	2.941462e-04
1.911000e-02	2.942957e-04
1.912000e-02	2.944453e-04
1.913000e-02	2.945948e-04
1.914000e-02	2.947443e-04
1.915000e-02	2.948938e-04
1.916000e-02	2.950434e-04
1.917000e-02	2.951929e-04
1.918000e-02	2.953424e-04
1.919000e-02	2.954919e-04
1.920000e-02	2.956414e-04
1.921000e-02	2.957910e-04
1.922000e-02	2.959405e-04
1.923000e-02	2.960900e-04
1.924000e-02	2.962395e-04
1.925000e-02	2.963891e-04
1.926000e-02	2.965386e-04
1.927000e-02	2.966881e-04
1.928000e-02	2.968376e-04
1.929000e-02	2.969871e-04
1.930000e-02	2.971367e-04
1.931000e-02	2.972862e-04
1.932000e-02	2.974357e-04
1.933000e-02	2.975852e-04
1.934000e-02	2.977348e-04
1.935000e-02	2.978843e-04
1.936000e-02	2.980338e-04
1.937000e-02	2.981833e-04
1.938000e-02	2.983328e-04
1.939000e-02	2.984824e-04
1.940000e-02	2.986319e-04
1.941000e-02	2.987814e-04
1.942000e-02	2.989309e-04
1.943000e-02	2.990805e-04
1.944000e-02	2.992300e-04
1.945000e-02	2.993795e-04
1.946000e-02	2.995290e-04
1.947000e-02	2.996785e-04
1.948000e-02	2.998281e-04
1.949000e-02	2.999776e-04
1.950000e-02	3.001271e-04
1.951000e-02	3.002766e-04
1.952000e-02	3.004262e-04
1.953000e-02	3.005757e-04
1.954000e-02	3.007252e-04
1.955000e-02	3.008747e-04
1.956000e-02	3.010242e-04
1.957000e-02	3.011738e-04
1.958000e-02	3.013233e-04
1.959000e-02	3.014728e-04
1.960000e-02	3.016223e-04
1.961000e-02	3.017719e-04
1.962000e-02	3.019214e-04
1.963000e-02	3.020709e-04
1.964000e-02	3.022204e-04
1.965000e-02	3.023699e-04
1.966000e-02	3.025195e-04
1.967000e-02	3.026690e-04
1.968000e-02	3.028185e-04
1.969000e-02	3.029680e-04
1.970000e-02	3.031176e-04
1.971000e-02	3.032671e-04
1.972000e-02	3.034166e-04
1.973000e-02	3.035661e-04
1.974000e-02	3.037156e-04
1.975000e-02	3.038652e-04
1.976000e-02	3.040147e-04
1.977000e-02	3.041642e-04
1.978000e-02	3.043137e-04
1.979000e-02	3.044633e-04
1.980000e-02	3.046128e-04
1.981000e-02	3.047623e-04
1.982000e-02	3.049118e-04
1.983000e-02	3.050613e-04
1.984000e-02	3.052109e-04
1.985000e-02	3.053604e-04
1.986000e-02	3.055099e-04
1.987000e-02	3.056594e-04
1.988000e-02	3.058090e-04
1.989000e-02	3.059585e-04
1.990000e-02	3.061080e-04
1.991000e-02	3.062575e-04
1.992000e-02	3.064070e-04
1.993000e-02	3.065566e-04
1.994000e-02	3.067061e-04
1.995000e-02	3.068556e-04
1.996000e-02	3.070051e-04
1.997000e-02	3.071547e-04
1.998000e-02	3.073042e-04
1.999000e-02	3.074537e-04
2.000000e-02	3.076032e-04
2.001000e-02	3.077527e-04
2.002000e-02	3.079023e-04
2.003000e-02	3.080518e-04
2.004000e-02	3.082013e-04
2.005000e-02	3.083508e-04
2.006000e-02	3.085004e-04
2.007000e-02	3.086499e-04
2.008000e-02	3.087994e-04
2.009000e-02	3.089489e-04
2.010000e-02	3.090984e-04
2.011000e-02	3.092480e-04
2.012000e-02	3.093975e-04
2.013000e-02	3.095470e-04
2.014000e-02	3.096965e-04
2.015000e-02	3.098461e-04
2.016000e-02	3.099956e-04
2.017000e-02	3.101451e-04
2.018000e-02	3.102946e-04
2.019000e-02	3.104441e-04
2.020000e-02	3.105937e-04
2.021000e-02	3.107432e-04
2.022000e-02	3.108927e-04
2.023000e-02	3.110422e-04
2.024000e-02	3.111918e-04
2.025000e-02	3.113413e-04
2.026000e-02	3.114908e-04
2.027000e-02	3.116403e-04
2.028000e-02	3.117898e-04
2.029000e-02	3.119394e-04
2.030000e-02	3.120889e-04
2.031000e-02	3.122384e-04
2.032000e-02	3.123879e-04
2.033000e-02	3.125375e-04
2.034000e-02	3.126870e-04
2.035000e-02	3.128365e-04
2.036000e-02	3.129860e-04
2.037000e-02	3.131355e-04
2.038000e-02	3.132851e-04
2.039000e-02	3.134346e-04
2.040000e-02	3.135841e-04
2.041000e-02	3.137336e-04
2.042000e-02	3.138832e-04
2.043000e-02	3.140327e-04
2.044000e-02	3.141822e-04
2.045000e-02	3.143317e-04
2.046000e-02	3.144812e-04
2.047000e-02	3.146308e-04
2.048000e-02	3.147803e-04
2.049000e-02	3.149298e-04
2.050000e-02	3.150793e-04
2.051000e-02	3.152289e-04
2.052000e-02	3.153784e-04
2.053000e-02	3.155279e-04
2.054000e-02	3.156774e-04
2.055000e-02	3.158269e-04
2.056000e-02	3.159765e-04
2.057000e-02	3.161260e-04
2.058000e-02	3.162755e-04
2.059000e-02	3.164250e-04
2.060000e-02	3.165746e-04
2.061000e-02	3.167241e-04
2.062000e-02	3.168736e-04
2.063000e-02	3.170231e-04
2.064000e-02	3.171726e-04
2.065000e-02	3.173222e-04
2.066000e-02	3.174717e-04
2.067000e-02	3.176212e-04
2.068000e-02	3.177707e-04
2.069000e-02	3.179203e-04
2.070000e-02	3.180698e-04
2.071000e-02	3.182193e-04
2.072000e-02	3.183688e-04
2.073000e-02	3.185183e-04
2.074000e-02	3.186679e-04
2.075000e-02	3.188174e-04
2.076000e-02	3.189669e-04
2.077000e-02	3.191164e-04
2.078000e-02	3.192660e-04
2.079000e-02	3.194155e-04
2.080000e-02	3.195650e-04
2.081000e-02	3.197145e-04
2.082000e-02	3.198640e-04
2.083000e-02	3.200136e-04
2.084000e-02	3.201631e-04
2.085000e-02	3.203126e-04
2.086000e-02	3.204621e-04
2.087000e-02	3.206117e-04
2.088000e-02	3.207612e-04
2.089000e-02	3.209107e-04
2.090000e-02	3.210602e-04
2.091000e-02	3.212097e-04
2.092000e-02	3.213593e-04
2.093000e-02	3.215088e-04
2.094000e-02	3.216583e-04
2.095000e-02	3.218078e-04
2.096000e-02	3.219574e-04
2.097000e-02	3.221069e-04
2.098000e-02	3.222564e-04
2.099000e-02	3.224059e-04
2.100000e-02	3.225554e-04
2.101000e-02	3.227324e-04
2.102000e-02	3.229094e-04
2.103000e-02	3.230864e-04
2.104000e-02	3.232634e-04
2.105000e-02	3.234404e-04
2.106000e-02	3.236174e-04
2.107000e-02	3.237944e-04
2.108000e-02	3.239713e-04
2.109000e-02	3.241483e-04
2.110000e-02	3.243253e-04
2.111000e-02	3.245023e-04
2.112000e-02	3.246793e-04
2.113000e-02	3.248563e-04
2.114000e-02	3.250333e-04
2.115000e-02	3.252102e-04
2.116000e-02	3.253872e-04
2.117000e-02	3.255642e-04
2.118000e-02	3.257412e-04
2.119000e-02	3.259182e-04
2.120000e-02	3.260952e-04
2.121000e-02	3.262722e-04
2.122000e-02	3.264491e-04
2.123000e-02	3.266261e-04
2.124000e-02	3.268031e-04
2.125000e-02	3.269801e-04
2.126000e-02	3.271571e-04
2.127000e-02	3.273341e-04
2.128000e-02	3.275111e-04
2.129000e-02	3.276880e-04
2.130000e-02	3.278650e-04
2.131000e-02	3.280420e-04
2.132000e-02	3.282190e-04
2.133000e-02	3.283960e-04
2.134000e-02	3.285730e-04
2.135000e-02	3.287500e-04
2.136000e-02	3.289269e-04
2.137000e-02	3.291039e-04
2.138000e-02	3.292809e-04
2.139000e-02	3.294579e-04
2.140000e-02	3.296349e-04
2.141000e-02	3.298119e-04
2.142000e-02	3.299889e-04
2.143000e-02	3.301658e-04
2.144000e-02	3.303428e-04
2.145000e-02	3.305198e-04
2.146000e-02	3.306968e-04
2.147000e-02	3.308738e-04
2.148000e-02	3.310508e-04
2.149000e-02	3.312278e-04
2.150000e-02	3.314047e-04
2.151000e-02	3.315817e-04
2.152000e-02	3.317587e-04
2.153000e-02	3.319357e-04
2.154000e-02	3.321127e-04
2.155000e-02	3.322897e-04
2.156000e-02	3.324667e-04
2.157000e-02	3.326436e-04
2.158000e-02	3.328206e-04
2.159000e-02	3.329976e-04
2.160000e-02	3.331746e-04
2.161000e-02	3.333516e-04
2.162000e-02	3.335286e-04
2.163000e-02	3.337056e-04
2.164000e-02	3.338825e-04
2.165000e-02	3.340595e-04
2.166000e-02	3.342365e-04
2.167000e-02	3.344135e-04
2.168000e-02	3.345905e-04
2.169000e-02	3.347675e-04
2.170000e-02	3.349445e-04
2.171000e-02	3.351214e-04
2.172000e-02	3.352984e-04
2.173000e-02	3.354754e-04
2.174000e-02	3.356524e-04
2.175000e-02	3.358294e-04
2.176000e-02	3.360064e-04
2.177000e-02	3.361834e-04
2.178000e-02	3.363603e-04
2.179000e-02	3.365373e-04
2.180000e-02	3.367143e-04
2.181000e-02	3.368913e-04
2.182000e-02	3.370683e-04
2.183000e-02	3.372453e-04
2.184000e-02	3.374223e-04
2.185000e-02	3.375992e-04
2.186000e-02	3.377762e-04
2.187000e-02	3.379532e-04
2.188000e-02	3.381302e-04
2.189000e-02	3.383072e-04
2.190000e-02	3.384842e-04
2.191000e-02	3.386612e-04
2.192000e-02	3.388381e-04
2.193000e-02	3.390151e-04
2.194000e-02	3.391921e-04
2.195000e-02	3.393691e-04
2.196000e-02	3.395461e-04
2.197000e-02	3.397231e-04
2.198000e-02	3.399001e-04
2.199000e-02	3.400770e-04
2.200000e-02	3.402540e-04
2.201000e-02	3.404325e-04
2.202000e-02	3.406110e-04
2.203000e-02	3.407895e-04
2.204000e-02	3.409679e-04
2.205000e-02	3.411464e-04
2.206000e-02	3.413249e-04
2.207000e-02	3.415034e-04
2.208000e-02	3.416819e-04
2.209000e-02	3.418604e-04
2.210000e-02	3.420388e-04
2.211000e-02	3.422173e-04
2.212000e-02	3.423958e-04
2.213000e-02	3.425743e-04
2.214000e-02	3.427528e-04
2.215000e-02	3.429312e-04
2.216000e-02	3.431097e-04
2.217000e-02	3.432882e-04
2.218000e-02	3.434667e-04
2.219000e-02	3.436452e-04
2.220000e-02	3.438236e-04
2.221000e-02	3.440021e-04
2.222000e-02	3.441806e-04
2.223000e-02	3.443591e-04
2.224000e-02	3.445376e-04
2.225000e-02	3.447160e-04
2.226000e-02	3.448945e-04
2.227000e-02	3.450730e-04
2.228000e-02	3.452515e-04
2.229000e-02	3.454300e-04
2.230000e-02	3.456084e-04
2.231000e-02	3.457869e-04
2.232000e-02	3.459654e-04
2.233000e-02	3.461439e-04
2.234000e-02	3.463224e-04
2.235000e-02	3.465008e-04
2.236000e-02	3.466793e-04
2.237000e-02	3.468578e-04
2.238000e-02	3.470363e-04
2.239000e-02	3.472148e-04
2.240000e-02	3.473932e-04
2.241000e-02	3.475717e-04
2.242000e-02	3.477502e-04
2.243000e-02	3.479287e-04
2.244000e-02	3.481072e-04
2.245000e-02	3.482856e-04
2.246000e-02	3.484641e-04
2.247000e-02	3.486426e-04
2.248000e-02	3.488211e-04
2.249000e-02	3.489996e-04
2.250000e-02	3.491780e-04
2.251000e-02	3.493565e-04
2.252000e-02	3.495350e-04
2.253000e-02	3.497135e-04
2.254000e-02	3.498920e-04
2.255000e-02	3.500704e-04
2.256000e-02	3.502489e-04
2.257000e-02	3.504274e-04
2.258000e-02	3.506059e-04
2.259000e-02	3.507844e-04
2.260000e-02	3.509629e-04
2.261000e-02	3.511413e-04
2.262000e-02	3.513198e-04
2.263000e-02	3.514983e-04
2.264000e-02	3.516768e-04
2.265000e-02	3.518553e-04
2.266000e-02	3.520337e-04
2.267000e-02	3.522122e-04
2.268000e-02	3.523907e-04
2.269000e-02	3.525692e-04
2.270000e-02	3.527477e-04
2.271000e-02	3.529261e-04
2.272000e-02	3.531046e-04
2.273000e-02	3.532831e-04
2.274000e-02	3.534616e-04
2.275000e-02	3.536401e-04
2.276000e-02	3.538185e-04
2.277000e-02	3.539970e-04
2.278000e-02	3.541755e-04
2.279000e-02	3.543540e-04
2.280000e-02	3.545325e-04
2.281000e-02	3.547109e-04
2.282000e-02	3.548894e-04
2.283000e-02	3.550679e-04
2.284000e-02	3.552464e-04
2.285000e-02	3.554249e-04
2.286000e-02	3.556033e-04
2.287000e-02	3.557818e-04
2.288000e-02	3.559603e-04
2.289000e-02	3.561388e-04
2.290000e-02	3.563173e-04
2.291000e-02	3.564957e-04
2.292000e-02	3.566742e-04
2.293000e-02	3.568527e-04
2.294000e-02	3.570312e-04
2.295000e-02	3.572097e-04
2.296000e-02	3.573881e-04
2.297000e-02	3.575666e-04
2.298000e-02	3.577451e-04
2.299000e-02	3.579236e-04
2.300000e-02	3.581021e-04
2.301000e-02	3.582818e-04
2.302000e-02	3.584616e-04
2.303000e-02	3.586414e-04
2.304000e-02	3.588211e-04
2.305000e-02	3.590009e-04
2.306000e-02	3.591806e-04
2.307000e-02	3.593604e-04
2.308000e-02	3.595402e-04
2.309000e-02	3.597199e-04
2.310000e-02	3.598997e-04
2.311000e-02	3.600795e-04
2.312000e-02	3.602592e-04
2.313000e-02	3.604390e-04
2.314000e-02	3.606187e-04
2.315000e-02	3.607985e-04
2.316000e-02	3.609783e-04
2.317000e-02	3.611580e-04
2.318000e-02	3.613378e-04
2.319000e-02	3.615175e-04
2.320000e-02	3.616973e-04
2.321000e-02	3.618771e-04
2.322000e-02	3.620568e-04
2.323000e-02	3.622366e-04
2.324000e-02	3.624164e-04
2.325000e-02	3.625961e-04
2.326000e-02	3.627759e-04
2.327000e-02	3.629556e-04
2.328000e-02	3.631354e-04
2.329000e-02	3.633152e-04
2.330000e-02	3.634949e-04
2.331000e-02	3.636747e-04
2.332000e-02	3.638545e-04
2.333000e-02	3.640342e-04
2.334000e-02	3.642140e-04
2.335000e-02	3.643937e-04
2.336000e-02	3.645735e-04
2.337000e-02	3.647533e-04
2.338000e-02	3.649330e-04
2.339000e-02	3.651128e-04
2.340000e-02	3.652926e-04
2.341000e-02	3.654723e-04
2.342000e-02	3.656521e-04
2.343000e-02	3.658318e-04
2.344000e-02	3.660116e-04
2.345000e-02	3.661914e-04
2.346000e-02	3.663711e-04
2.347000e-02	3.665509e-04
2.348000e-02	3.667307e-04
2.349000e-02	3.669104e-04
2.350000e-02	3.670902e-04
2.351000e-02	3.672699e-04
2.352000e-02	3.674497e-04
2.353000e-02	3.676295e-04
2.354000e-02	3.678092e-04
2.355000e-02	3.679890e-04
2.356000e-02	3.681688e-04
2.357000e-02	3.683485e-04
2.358000e-02	3.685283e-04
2.359000e-02	3.687080e-04
2.360000e-02	3.688878e-04
2.361000e-02	3.690676e-04
2.362000e-02	3.692473e-04
2.363000e-02	3.694271e-04
2.364000e-02	3.696068e-04
2.365000e-02	3.697866e-04
2.366000e-02	3.699664e-04
2.367000e-02	3.701461e-04
2.368000e-02	3.703259e-04
2.369000e-02	3.705057e-04
2.370000e-02	3.706854e-04
2.371000e-02	3.708652e-04
2.372000e-02	3.710449e-04
2.373000e-02	3.712247e-04
2.374000e-02	3.714045e-04
2.375000e-02	3.715842e-04
2.376000e-02	3.717640e-04
2.377000e-02	3.719438e-04
2.378000e-02	3.721235e-04
2.379000e-02	3.723033e-04
2.380000e-02	3.724830e-04
2.381000e-02	3.726628e-04
2.382000e-02	3.728426e-04
2.383000e-02	3.730223e-04
2.384000e-02	3.732021e-04
2.385000e-02	3.733819e-04
2.386000e-02	3.735616e-04
2.387000e-02	3.737414e-04
2.388000e-02	3.739211e-04
2.389000e-02	3.741009e-04
2.390000e-02	3.742807e-04
2.391000e-02	3.744604e-04
2.392000e-02	3.746402e-04
2.393000e-02	3.748200e-04
2.394000e-02	3.749997e-04
2.395000e-02	3.751795e-04
2.396000e-02	3.753592e-04
2.397000e-02	3.755390e-04
2.398000e-02	3.757188e-04
2.399000e-02	3.758985e-04
2.400000e-02	3.760783e-04
2.401000e-02	3.762592e-04
2.402000e-02	3.764400e-04
2.403000e-02	3.766209e-04
2.404000e-02	3.768018e-04
2.405000e-02	3.769826e-04
2.406000e-02	3.771635e-04
2.407000e-02	3.773444e-04
2.408000e-02	3.775252e-04
2.409000e-02	3.777061e-04
2.410000e-02	3.778870e-04
2.411000e-02	3.780678e-04
2.412000e-02	3.782487e-04
2.413000e-02	3.784296e-04
2.414000e-02	3.786105e-04
2.415000e-02	3.787913e-04
2.416000e-02	3.789722e-04
2.417000e-02	3.791531e-04
2.418000e-02	3.793339e-04
2.419000e-02	3.795148e-04
2.420000e-02	3.796957e-04
2.421000e-02	3.798765e-04
2.422000e-02	3.800574e-04
2.423000e-02	3.802383e-04
2.424000e-02	3.804191e-04
2.425000e-02	3.806000e-04
2.426000e-02	3.807809e-04
2.427000e-02	3.809617e-04
2.428000e-02	3.811426e-04
2.429000e-02	3.813235e-04
2.430000e-02	3.815044e-04
2.431000e-02	3.816852e-04
2.432000e-02	3.818661e-04
2.433000e-02	3.820470e-04
2.434000e-02	3.822278e-04
2.435000e-02	3.824087e-04
2.436000e-02	3.825896e-04
2.437000e-02	3.827704e-04
2.438000e-02	3.829513e-04
2.439000e-02	3.831322e-04
2.440000e-02	3.833130e-04
2.441000e-02	3.834939e-04
2.442000e-02	3.836748e-04
2.443000e-02	3.838556e-04
2.444000e-02	3.840365e-04
2.445000e-02	3.842174e-04
2.446000e-02	3.843982e-04
2.447000e-02	3.845791e-04
2.448000e-02	3.847600e-04
2.449000e-02	3.849409e-04
2.450000e-02	3.851217e-04
2.451000e-02	3.853026e-04
2.452000e-02	3.854835e-04
2.453000e-02	3.856643e-04
2.454000e-02	3.858452e-04
2.455000e-02	3.860261e-04
2.456000e-02	3.862069e-04
2.457000e-02	3.863878e-04
2.458000e-02	3.865687e-04
2.459000e-02	3.867495e-04
2.460000e-02	3.869304e-04
2.461000e-02	3.871113e-04
2.462000e-02	3.872921e-04
2.463000e-02	3.874730e-04
2.464000e-02	3.876539e-04
2.465000e-02	3.878348e-04
2.466000e-02	3.880156e-04
2.467000e-02	3.881965e-04
2.468000e-02	3.883774e-04
2.469000e-02	3.885582e-04
2.470000e-02	3.887391e-04
2.471000e-02	3.889200e-04
2.472000e-02	3.891008e-04
2.473000e-02	3.892817e-04
2.474000e-02	3.894626e-04
2.475000e-02	3.896434e-04
2.476000e-02	3.898243e-04
2.477000e-02	3.900052e-04
2.478000e-02	3.901860e-04
2.479000e-02	3.903669e-04
2.480000e-02	3.905478e-04
2.481000e-02	3.907287e-04
2.482000e-02	3.909095e-04
2.483000e-02	3.910904e-04
2.484000e-02	3.912713e-04
2.485000e-02	3.914521e-04
2.486000e-02	3.916330e-04
2.487000e-02	3.918139e-04
2.488000e-02	3.919947e-04
2.489000e-02	3.921756e-04
2.490000e-02	3.923565e-04
2.491000e-02	3.925373e-04
2.492000e-02	3.927182e-04
2.493000e-02	3.928991e-04
2.494000e-02	3.930799e-04
2.495000e-02	3.932608e-04
2.496000e-02	3.934417e-04
2.497000e-02	3.936226e-04
2.498000e-02	3.938034e-04
2.499000e-02	3.939843e-04
2.500000e-02	3.941652e-04
