z1_new_m	d2_new_long_m
-9.000000e-03	2.278109e-04
-8.990000e-03	2.276687e-04
-8.980000e-03	2.275265e-04
-8.970000e-03	2.273842e-04
-8.960000e-03	2.272420e-04
-8.950000e-03	2.270997e-04
-8.940000e-03	2.269575e-04
-8.930000e-03	2.268153e-04
-8.920000e-03	2.266730e-04
-8.910000e-03	2.265308e-04
-8.900000e-03	2.263886e-04
-8.890000e-03	2.262463e-04
-8.880000e-03	2.261041e-04
-8.870000e-03	2.259618e-04
-8.860000e-03	2.258196e-04
-8.850000e-03	2.256774e-04
-8.840000e-03	2.255351e-04
-8.830000e-03	2.253929e-04
-8.820000e-03	2.252506e-04
-8.810000e-03	2.251084e-04
-8.800000e-03	2.249662e-04
-8.790000e-03	2.248239e-04
-8.780000e-03	2.246817e-04
-8.770000e-03	2.245395e-04
-8.760000e-03	2.243972e-04
-8.750000e-03	2.242550e-04
-8.740000e-03	2.241127e-04
-8.730000e-03	2.239705e-04
-8.720000e-03	2.238283e-04
-8.710000e-03	2.236860e-04
-8.700000e-03	2.235438e-04
-8.690000e-03	2.234015e-04
-8.680000e-03	2.232593e-04
-8.670000e-03	2.231171e-04
-8.660000e-03	2.229748e-04
-8.650000e-03	2.228326e-04
-8.640000e-03	2.226903e-04
-8.630000e-03	2.225481e-04
-8.620000e-03	2.224059e-04
-8.610000e-03	2.222636e-04
-8.600000e-03	2.221214e-04
-8.590000e-03	2.219792e-04
-8.580000e-03	2.218369e-04
-8.570000e-03	2.216947e-04
-8.560000e-03	2.215524e-04
-8.550000e-03	2.214102e-04
-8.540000e-03	2.212680e-04
-8.530000e-03	2.211257e-04
-8.520000e-03	2.209835e-04
-8.510000e-03	2.208412e-04
-8.500000e-03	2.206990e-04
-8.490000e-03	2.205568e-04
-8.480000e-03	2.204145e-04
-8.470000e-03	2.202723e-04
-8.460000e-03	2.201301e-04
-8.450000e-03	2.199878e-04
-8.440000e-03	2.198456e-04
-8.430000e-03	2.197033e-04
-8.420000e-03	2.195611e-04
-8.410000e-03	2.194189e-04
-8.400000e-03	2.192766e-04
-8.390000e-03	2.191344e-04
-8.380000e-03	2.189921e-04
-8.370000e-03	2.188499e-04
-8.360000e-03	2.187077e-04
-8.350000e-03	2.185654e-04
-8.340000e-03	2.184232e-04
-8.330000e-03	2.182809e-04
-8.320000e-03	2.181387e-04
-8.310000e-03	2.179965e-04
-8.300000e-03	2.178542e-04
-8.290000e-03	2.177120e-04
-8.280000e-03	2.175698e-04
-8.270000e-03	2.174275e-04
-8.260000e-03	2.172853e-04
-8.250000e-03	2.171430e-04
-8.240000e-03	2.170008e-04
-8.230000e-03	2.168586e-04
-8.220000e-03	2.167163e-04
-8.210000e-03	2.165741e-04
-8.200000e-03	2.164318e-04
-8.190000e-03	2.162896e-04
-8.180000e-03	2.161474e-04
-8.170000e-03	2.160051e-04
-8.160000e-03	2.158629e-04
-8.150000e-03	2.157207e-04
-8.140000e-03	2.155784e-04
-8.130000e-03	2.154362e-04
-8.120000e-03	2.152939e-04
-8.110000e-03	2.151517e-04
-8.100000e-03	2.150095e-04
-8.090000e-03	2.148672e-04
-8.080000e-03	2.147250e-04
-8.070000e-03	2.145827e-04
-8.060000e-03	2.144405e-04
-8.050000e-03	2.142983e-04
-8.040000e-03	2.141560e-04
-8.030000e-03	2.140138e-04
-8.020000e-03	2.138715e-04
-8.010000e-03	2.137293e-04
-8.000000e-03	2.135871e-04
-7.990000e-03	2.134455e-04
-7.980000e-03	2.133040e-04
-7.970000e-03	2.131624e-04
-7.960000e-03	2.130209e-04
-7.950000e-03	2.128793e-04
-7.940000e-03	2.127378e-04
-7.930000e-03	2.125962e-04
-7.920000e-03	2.124547e-04
-7.910000e-03	2.123131e-04
-7.900000e-03	2.121716e-04
-7.890000e-03	2.120300e-04
-7.880000e-03	2.118885e-04
-7.870000e-03	2.117469e-04
-7.860000e-03	2.116054e-04
-7.850000e-03	2.114638e-04
-7.840000e-03	2.113223e-04
-7.830000e-03	2.111807e-04
-7.820000e-03	2.110392e-04
-7.810000e-03	2.108976e-04
-7.800000e-03	2.107561e-04
-7.790000e-03	2.106145e-04
-7.780000e-03	2.104730e-04
-7.770000e-03	2.103314e-04
-7.760000e-03	2.101899e-04
-7.750000e-03	2.100483e-04
-7.740000e-03	2.099068e-04
-7.730000e-03	2.097652e-04
-7.720000e-03	2.096237e-04
-7.710000e-03	2.094821e-04
-7.700000e-03	2.093406e-04
-7.690000e-03	2.091990e-04
-7.680000e-03	2.090575e-04
-7.670000e-03	2.089159e-04
-7.660000e-03	2.087744e-04
-7.650000e-03	2.086328e-04
-7.640000e-03	2.084913e-04
-7.630000e-03	2.083497e-04
-7.620000e-03	2.082082e-04
-7.610000e-03	2.080666e-04
-7.600000e-03	2.079251e-04
-7.590000e-03	2.077835e-04
-7.580000e-03	2.076420e-04
-7.570000e-03	2.075005e-04
-7.560000e-03	2.073589e-04
-7.550000e-03	2.072174e-04
-7.540000e-03	2.070758e-04
-7.530000e-03	2.069343e-04
-7.520000e-03	2.067927e-04
-7.510000e-03	2.066512e-04
-7.500000e-03	2.065096e-04
-7.490000e-03	2.063681e-04
-7.480000e-03	2.062265e-04
-7.470000e-03	2.060850e-04
-7.460000e-03	2.059434e-04
-7.450000e-03	2.058019e-04
-7.440000e-03	2.056603e-04
-7.430000e-03	2.055188e-04
-7.420000e-03	2.053772e-04
-7.410000e-03	2.052357e-04
-7.400000e-03	2.050941e-04
-7.390000e-03	2.049526e-04
-7.380000e-03	2.048110e-04
-7.370000e-03	2.046695e-04
-7.360000e-03	2.045279e-04
-7.350000e-03	2.043864e-04
-7.340000e-03	2.042448e-04
-7.330000e-03	2.041033e-04
-7.320000e-03	2.039617e-04
-7.310000e-03	2.038202e-04
-7.300000e-03	2.036786e-04
-7.290000e-03	2.035371e-04
-7.280000e-03	2.033955e-04
-7.270000e-03	2.032540e-04
-7.260000e-03	2.031124e-04
-7.250000e-03	2.029709e-04
-7.240000e-03	2.028293e-04
-7.230000e-03	2.026878e-04
-7.220000e-03	2.025462e-04
-7.210000e-03	2.024047e-04
-7.200000e-03	2.022631e-04
-7.190000e-03	2.021216e-04
-7.180000e-03	2.019800e-04
-7.170000e-03	2.018385e-04
-7.160000e-03	2.016969e-04
-7.150000e-03	2.015554e-04
-7.140000e-03	2.014138e-04
-7.130000e-03	2.012723e-04
-7.120000e-03	2.011307e-04
-7.110000e-03	2.009892e-04
-7.100000e-03	2.008476e-04
-7.090000e-03	2.007061e-04
-7.080000e-03	2.005645e-04
-7.070000e-03	2.004230e-04
-7.060000e-03	2.002814e-04
-7.050000e-03	2.001399e-04
-7.040000e-03	1.999983e-04
-7.030000e-03	1.998568e-04
-7.020000e-03	1.997152e-04
-7.010000e-03	1.995737e-04
-7.000000e-03	1.994321e-04
-6.990000e-03	1.992914e-04
-6.980000e-03	1.991507e-04
-6.970000e-03	1.990100e-04
-6.960000e-03	1.988693e-04
-6.950000e-03	1.987286e-04
-6.940000e-03	1.985879e-04
-6.930000e-03	1.984472e-04
-6.920000e-03	1.983065e-04
-6.910000e-03	1.981658e-04
-6.900000e-03	1.980251e-04
-6.890000e-03	1.978844e-04
-6.880000e-03	1.977437e-04
-6.870000e-03	1.976030e-04
-6.860000e-03	1.974623e-04
-6.850000e-03	1.973216e-04
-6.840000e-03	1.971809e-04
-6.830000e-03	1.970402e-04
-6.820000e-03	1.968995e-04
-6.810000e-03	1.967588e-04
-6.800000e-03	1.966181e-04
-6.790000e-03	1.964774e-04
-6.780000e-03	1.963367e-04
-6.770000e-03	1.961960e-04
-6.760000e-03	1.960553e-04
-6.750000e-03	1.959146e-04
-6.740000e-03	1.957739e-04
-6.730000e-03	1.956332e-04
-6.720000e-03	1.954925e-04
-6.710000e-03	1.953518e-04
-6.700000e-03	1.952111e-04
-6.690000e-03	1.950704e-04
-6.680000e-03	1.949297e-04
-6.670000e-03	1.947890e-04
-6.660000e-03	1.946483e-04
-6.650000e-03	1.945076e-04
-6.640000e-03	1.943669e-04
-6.630000e-03	1.942262e-04
-6.620000e-03	1.940855e-04
-6.610000e-03	1.939448e-04
-6.600000e-03	1.938041e-04
-6.590000e-03	1.936634e-04
-6.580000e-03	1.935227e-04
-6.570000e-03	1.933820e-04
-6.560000e-03	1.932413e-04
-6.550000e-03	1.931005e-04
-6.540000e-03	1.929598e-04
-6.530000e-03	1.928191e-04
-6.520000e-03	1.926784e-04
-6.510000e-03	1.925377e-04
-6.500000e-03	1.923970e-04
-6.490000e-03	1.922563e-04
-6.480000e-03	1.921156e-04
-6.470000e-03	1.919749e-04
-6.460000e-03	1.918342e-04
-6.450000e-03	1.916935e-04
-6.440000e-03	1.915528e-04
-6.430000e-03	1.914121e-04
-6.420000e-03	1.912714e-04
-6.410000e-03	1.911307e-04
-6.400000e-03	1.909900e-04
-6.390000e-03	1.908493e-04
-6.380000e-03	1.907086e-04
-6.370000e-03	1.905679e-04
-6.360000e-03	1.904272e-04
-6.350000e-03	1.902865e-04
-6.340000e-03	1.901458e-04
-6.330000e-03	1.900051e-04
-6.320000e-03	1.898644e-04
-6.310000e-03	1.897237e-04
-6.300000e-03	1.895830e-04
-6.290000e-03	1.894423e-04
-6.280000e-03	1.893016e-04
-6.270000e-03	1.891609e-04
-6.260000e-03	1.890202e-04
-6.250000e-03	1.888795e-04
-6.240000e-03	1.887388e-04
-6.230000e-03	1.885981e-04
-6.220000e-03	1.884574e-04
-6.210000e-03	1.883167e-04
-6.200000e-03	1.881760e-04
-6.190000e-03	1.880353e-04
-6.180000e-03	1.878946e-04
-6.170000e-03	1.877539e-04
-6.160000e-03	1.876132e-04
-6.150000e-03	1.874725e-04
-6.140000e-03	1.873318e-04
-6.130000e-03	1.871911e-04
-6.120000e-03	1.870504e-04
-6.110000e-03	1.869097e-04
-6.100000e-03	1.867690e-04
-6.090000e-03	1.866283e-04
-6.080000e-03	1.864876e-04
-6.070000e-03	1.863469e-04
-6.060000e-03	1.862062e-04
-6.050000e-03	1.860654e-04
-6.040000e-03	1.859247e-04
-6.030000e-03	1.857840e-04
-6.020000e-03	1.856433e-04
-6.010000e-03	1.855026e-04
-6.000000e-03	1.853619e-04
-5.990000e-03	1.852223e-04
-5.980000e-03	1.850826e-04
-5.970000e-03	1.849430e-04
-5.960000e-03	1.848034e-04
-5.950000e-03	1.846637e-04
-5.940000e-03	1.845241e-04
-5.930000e-03	1.843844e-04
-5.920000e-03	1.842448e-04
-5.910000e-03	1.841051e-04
-5.900000e-03	1.839655e-04
-5.890000e-03	1.838258e-04
-5.880000e-03	1.836862e-04
-5.870000e-03	1.835465e-04
-5.860000e-03	1.834069e-04
-5.850000e-03	1.832672e-04
-5.840000e-03	1.831276e-04
-5.830000e-03	1.829880e-04
-5.820000e-03	1.828483e-04
-5.810000e-03	1.827087e-04
-5.800000e-03	1.825690e-04
-5.790000e-03	1.824294e-04
-5.780000e-03	1.822897e-04
-5.770000e-03	1.821501e-04
-5.760000e-03	1.820104e-04
-5.750000e-03	1.818708e-04
-5.740000e-03	1.817311e-04
-5.730000e-03	1.815915e-04
-5.720000e-03	1.814518e-04
-5.710000e-03	1.813122e-04
-5.700000e-03	1.811726e-04
-5.690000e-03	1.810329e-04
-5.680000e-03	1.808933e-04
-5.670000e-03	1.807536e-04
-5.660000e-03	1.806140e-04
-5.650000e-03	1.804743e-04
-5.640000e-03	1.803347e-04
-5.630000e-03	1.801950e-04
-5.620000e-03	1.800554e-04
-5.610000e-03	1.799157e-04
-5.600000e-03	1.797761e-04
-5.590000e-03	1.796365e-04
-5.580000e-03	1.794968e-04
-5.570000e-03	1.793572e-04
-5.560000e-03	1.792175e-04
-5.550000e-03	1.790779e-04
-5.540000e-03	1.789382e-04
-5.530000e-03	1.787986e-04
-5.520000e-03	1.786589e-04
-5.510000e-03	1.785193e-04
-5.500000e-03	1.783796e-04
-5.490000e-03	1.782400e-04
-5.480000e-03	1.781003e-04
-5.470000e-03	1.779607e-04
-5.460000e-03	1.778211e-04
-5.450000e-03	1.776814e-04
-5.440000e-03	1.775418e-04
-5.430000e-03	1.774021e-04
-5.420000e-03	1.772625e-04
-5.410000e-03	1.771228e-04
-5.400000e-03	1.769832e-04
-5.390000e-03	1.768435e-04
-5.380000e-03	1.767039e-04
-5.370000e-03	1.765642e-04
-5.360000e-03	1.764246e-04
-5.350000e-03	1.762849e-04
-5.340000e-03	1.761453e-04
-5.330000e-03	1.760057e-04
-5.320000e-03	1.758660e-04
-5.310000e-03	1.757264e-04
-5.300000e-03	1.755867e-04
-5.290000e-03	1.754471e-04
-5.280000e-03	1.753074e-04
-5.270000e-03	1.751678e-04
-5.260000e-03	1.750281e-04
-5.250000e-03	1.748885e-04
-5.240000e-03	1.747488e-04
-5.230000e-03	1.746092e-04
-5.220000e-03	1.744695e-04
-5.210000e-03	1.743299e-04
-5.200000e-03	1.741903e-04
-5.190000e-03	1.740506e-04
-5.180000e-03	1.739110e-04
-5.170000e-03	1.737713e-04
-5.160000e-03	1.736317e-04
-5.150000e-03	1.734920e-04
-5.140000e-03	1.733524e-04
-5.130000e-03	1.732127e-04
-5.120000e-03	1.730731e-04
-5.110000e-03	1.729334e-04
-5.100000e-03	1.727938e-04
-5.090000e-03	1.726542e-04
-5.080000e-03	1.725145e-04
-5.070000e-03	1.723749e-04
-5.060000e-03	1.722352e-04
-5.050000e-03	1.720956e-04
-5.040000e-03	1.719559e-04
-5.030000e-03	1.718163e-04
-5.020000e-03	1.716766e-04
-5.010000e-03	1.715370e-04
-5.000000e-03	1.713973e-04
-4.990000e-03	1.712836e-04
-4.980000e-03	1.711699e-04
-4.970000e-03	1.710561e-04
-4.960000e-03	1.709424e-04
-4.950000e-03	1.708286e-04
-4.940000e-03	1.707149e-04
-4.930000e-03	1.706011e-04
-4.920000e-03	1.704874e-04
-4.910000e-03	1.703737e-04
-4.900000e-03	1.702599e-04
-4.890000e-03	1.701462e-04
-4.880000e-03	1.700324e-04
-4.870000e-03	1.699187e-04
-4.860000e-03	1.698049e-04
-4.850000e-03	1.696912e-04
-4.840000e-03	1.695775e-04
-4.830000e-03	1.694637e-04
-4.820000e-03	1.693500e-04
-4.810000e-03	1.692362e-04
-4.800000e-03	1.691225e-04
-4.790000e-03	1.690088e-04
-4.780000e-03	1.688950e-04
-4.770000e-03	1.687813e-04
-4.760000e-03	1.686675e-04
-4.750000e-03	1.685538e-04
-4.740000e-03	1.684400e-04
-4.730000e-03	1.683263e-04
-4.720000e-03	1.682126e-04
-4.710000e-03	1.680988e-04
-4.700000e-03	1.679851e-04
-4.690000e-03	1.678713e-04
-4.680000e-03	1.677576e-04
-4.670000e-03	1.676438e-04
-4.660000e-03	1.675301e-04
-4.650000e-03	1.674164e-04
-4.640000e-03	1.673026e-04
-4.630000e-03	1.671889e-04
-4.620000e-03	1.670751e-04
-4.610000e-03	1.669614e-04
-4.600000e-03	1.668477e-04
-4.590000e-03	1.667339e-04
-4.580000e-03	1.666202e-04
-4.570000e-03	1.665064e-04
-4.560000e-03	1.663927e-04
-4.550000e-03	1.662789e-04
-4.540000e-03	1.661652e-04
-4.530000e-03	1.660515e-04
-4.520000e-03	1.659377e-04
-4.510000e-03	1.658240e-04
-4.500000e-03	1.657102e-04
-4.490000e-03	1.655965e-04
-4.480000e-03	1.654828e-04
-4.470000e-03	1.653690e-04
-4.460000e-03	1.652553e-04
-4.450000e-03	1.651415e-04
-4.440000e-03	1.650278e-04
-4.430000e-03	1.649140e-04
-4.420000e-03	1.648003e-04
-4.410000e-03	1.646866e-04
-4.400000e-03	1.645728e-04
-4.390000e-03	1.644591e-04
-4.380000e-03	1.643453e-04
-4.370000e-03	1.642316e-04
-4.360000e-03	1.641178e-04
-4.350000e-03	1.640041e-04
-4.340000e-03	1.638904e-04
-4.330000e-03	1.637766e-04
-4.320000e-03	1.636629e-04
-4.310000e-03	1.635491e-04
-4.300000e-03	1.634354e-04
-4.290000e-03	1.633217e-04
-4.280000e-03	1.632079e-04
-4.270000e-03	1.630942e-04
-4.260000e-03	1.629804e-04
-4.250000e-03	1.628667e-04
-4.240000e-03	1.627529e-04
-4.230000e-03	1.626392e-04
-4.220000e-03	1.625255e-04
-4.210000e-03	1.624117e-04
-4.200000e-03	1.622980e-04
-4.190000e-03	1.621842e-04
-4.180000e-03	1.620705e-04
-4.170000e-03	1.619567e-04
-4.160000e-03	1.618430e-04
-4.150000e-03	1.617293e-04
-4.140000e-03	1.616155e-04
-4.130000e-03	1.615018e-04
-4.120000e-03	1.613880e-04
-4.110000e-03	1.612743e-04
-4.100000e-03	1.611606e-04
-4.090000e-03	1.610468e-04
-4.080000e-03	1.609331e-04
-4.070000e-03	1.608193e-04
-4.060000e-03	1.607056e-04
-4.050000e-03	1.605918e-04
-4.040000e-03	1.604781e-04
-4.030000e-03	1.603644e-04
-4.020000e-03	1.602506e-04
-4.010000e-03	1.601369e-04
-4.000000e-03	1.600231e-04
-3.990000e-03	1.599094e-04
-3.980000e-03	1.597956e-04
-3.970000e-03	1.596819e-04
-3.960000e-03	1.595682e-04
-3.950000e-03	1.594544e-04
-3.940000e-03	1.593407e-04
-3.930000e-03	1.592269e-04
-3.920000e-03	1.591132e-04
-3.910000e-03	1.589995e-04
-3.900000e-03	1.588857e-04
-3.890000e-03	1.587720e-04
-3.880000e-03	1.586582e-04
-3.870000e-03	1.585445e-04
-3.860000e-03	1.584307e-04
-3.850000e-03	1.583170e-04
-3.840000e-03	1.582033e-04
-3.830000e-03	1.580895e-04
-3.820000e-03	1.579758e-04
-3.810000e-03	1.578620e-04
-3.800000e-03	1.577483e-04
-3.790000e-03	1.576345e-04
-3.780000e-03	1.575208e-04
-3.770000e-03	1.574071e-04
-3.760000e-03	1.572933e-04
-3.750000e-03	1.571796e-04
-3.740000e-03	1.570658e-04
-3.730000e-03	1.569521e-04
-3.720000e-03	1.568384e-04
-3.710000e-03	1.567246e-04
-3.700000e-03	1.566109e-04
-3.690000e-03	1.564971e-04
-3.680000e-03	1.563834e-04
-3.670000e-03	1.562696e-04
-3.660000e-03	1.561559e-04
-3.650000e-03	1.560422e-04
-3.640000e-03	1.559284e-04
-3.630000e-03	1.558147e-04
-3.620000e-03	1.557009e-04
-3.610000e-03	1.555872e-04
-3.600000e-03	1.554735e-04
-3.590000e-03	1.553597e-04
-3.580000e-03	1.552460e-04
-3.570000e-03	1.551322e-04
-3.560000e-03	1.550185e-04
-3.550000e-03	1.549047e-04
-3.540000e-03	1.547910e-04
-3.530000e-03	1.546773e-04
-3.520000e-03	1.545635e-04
-3.510000e-03	1.544498e-04
-3.500000e-03	1.543360e-04
-3.490000e-03	1.542223e-04
-3.480000e-03	1.541085e-04
-3.470000e-03	1.539948e-04
-3.460000e-03	1.538811e-04
-3.450000e-03	1.537673e-04
-3.440000e-03	1.536536e-04
-3.430000e-03	1.535398e-04
-3.420000e-03	1.534261e-04
-3.410000e-03	1.533124e-04
-3.400000e-03	1.531986e-04
-3.390000e-03	1.530849e-04
-3.380000e-03	1.529711e-04
-3.370000e-03	1.528574e-04
-3.360000e-03	1.527436e-04
-3.350000e-03	1.526299e-04
-3.340000e-03	1.525162e-04
-3.330000e-03	1.524024e-04
-3.320000e-03	1.522887e-04
-3.310000e-03	1.521749e-04
-3.300000e-03	1.520612e-04
-3.290000e-03	1.519474e-04
-3.280000e-03	1.518337e-04
-3.270000e-03	1.517200e-04
-3.260000e-03	1.516062e-04
-3.250000e-03	1.514925e-04
-3.240000e-03	1.513787e-04
-3.230000e-03	1.512650e-04
-3.220000e-03	1.511513e-04
-3.210000e-03	1.510375e-04
-3.200000e-03	1.509238e-04
-3.190000e-03	1.508100e-04
-3.180000e-03	1.506963e-04
-3.170000e-03	1.505825e-04
-3.160000e-03	1.504688e-04
-3.150000e-03	1.503551e-04
-3.140000e-03	1.502413e-04
-3.130000e-03	1.501276e-04
-3.120000e-03	1.500138e-04
-3.110000e-03	1.499001e-04
-3.100000e-03	1.497863e-04
-3.090000e-03	1.496726e-04
-3.080000e-03	1.495589e-04
-3.070000e-03	1.494451e-04
-3.060000e-03	1.493314e-04
-3.050000e-03	1.492176e-04
-3.040000e-03	1.491039e-04
-3.030000e-03	1.489902e-04
-3.020000e-03	1.488764e-04
-3.010000e-03	1.487627e-04
-3.000000e-03	1.486489e-04
-2.990000e-03	1.485352e-04
-2.980000e-03	1.484214e-04
-2.970000e-03	1.483077e-04
-2.960000e-03	1.481940e-04
-2.950000e-03	1.480802e-04
-2.940000e-03	1.479665e-04
-2.930000e-03	1.478527e-04
-2.920000e-03	1.477390e-04
-2.910000e-03	1.476252e-04
-2.900000e-03	1.475115e-04
-2.890000e-03	1.473978e-04
-2.880000e-03	1.472840e-04
-2.870000e-03	1.471703e-04
-2.860000e-03	1.470565e-04
-2.850000e-03	1.469428e-04
-2.840000e-03	1.468291e-04
-2.830000e-03	1.467153e-04
-2.820000e-03	1.466016e-04
-2.810000e-03	1.464878e-04
-2.800000e-03	1.463741e-04
-2.790000e-03	1.462603e-04
-2.780000e-03	1.461466e-04
-2.770000e-03	1.460329e-04
-2.760000e-03	1.459191e-04
-2.750000e-03	1.458054e-04
-2.740000e-03	1.456916e-04
-2.730000e-03	1.455779e-04
-2.720000e-03	1.454642e-04
-2.710000e-03	1.453504e-04
-2.700000e-03	1.452367e-04
-2.690000e-03	1.451229e-04
-2.680000e-03	1.450092e-04
-2.670000e-03	1.448954e-04
-2.660000e-03	1.447817e-04
-2.650000e-03	1.446680e-04
-2.640000e-03	1.445542e-04
-2.630000e-03	1.444405e-04
-2.620000e-03	1.443267e-04
-2.610000e-03	1.442130e-04
-2.600000e-03	1.440992e-04
-2.590000e-03	1.439855e-04
-2.580000e-03	1.438718e-04
-2.570000e-03	1.437580e-04
-2.560000e-03	1.436443e-04
-2.550000e-03	1.435305e-04
-2.540000e-03	1.434168e-04
-2.530000e-03	1.433031e-04
-2.520000e-03	1.431893e-04
-2.510000e-03	1.430756e-04
-2.500000e-03	1.429618e-04
-2.490000e-03	1.428481e-04
-2.480000e-03	1.427343e-04
-2.470000e-03	1.426206e-04
-2.460000e-03	1.425069e-04
-2.450000e-03	1.423931e-04
-2.440000e-03	1.422794e-04
-2.430000e-03	1.421656e-04
-2.420000e-03	1.420519e-04
-2.410000e-03	1.419381e-04
-2.400000e-03	1.418244e-04
-2.390000e-03	1.417107e-04
-2.380000e-03	1.415969e-04
-2.370000e-03	1.414832e-04
-2.360000e-03	1.413694e-04
-2.350000e-03	1.412557e-04
-2.340000e-03	1.411420e-04
-2.330000e-03	1.410282e-04
-2.320000e-03	1.409145e-04
-2.310000e-03	1.408007e-04
-2.300000e-03	1.406870e-04
-2.290000e-03	1.405732e-04
-2.280000e-03	1.404595e-04
-2.270000e-03	1.403458e-04
-2.260000e-03	1.402320e-04
-2.250000e-03	1.401183e-04
-2.240000e-03	1.400045e-04
-2.230000e-03	1.398908e-04
-2.220000e-03	1.397770e-04
-2.210000e-03	1.396633e-04
-2.200000e-03	1.395496e-04
-2.190000e-03	1.394358e-04
-2.180000e-03	1.393221e-04
-2.170000e-03	1.392083e-04
-2.160000e-03	1.390946e-04
-2.150000e-03	1.389809e-04
-2.140000e-03	1.388671e-04
-2.130000e-03	1.387534e-04
-2.120000e-03	1.386396e-04
-2.110000e-03	1.385259e-04
-2.100000e-03	1.384121e-04
-2.090000e-03	1.382984e-04
-2.080000e-03	1.381847e-04
-2.070000e-03	1.380709e-04
-2.060000e-03	1.379572e-04
-2.050000e-03	1.378434e-04
-2.040000e-03	1.377297e-04
-2.030000e-03	1.376159e-04
-2.020000e-03	1.375022e-04
-2.010000e-03	1.373885e-04
-2.000000e-03	1.372747e-04
-1.990000e-03	1.371610e-04
-1.980000e-03	1.370472e-04
-1.970000e-03	1.369335e-04
-1.960000e-03	1.368198e-04
-1.950000e-03	1.367060e-04
-1.940000e-03	1.365923e-04
-1.930000e-03	1.364785e-04
-1.920000e-03	1.363648e-04
-1.910000e-03	1.362510e-04
-1.900000e-03	1.361373e-04
-1.890000e-03	1.360236e-04
-1.880000e-03	1.359098e-04
-1.870000e-03	1.357961e-04
-1.860000e-03	1.356823e-04
-1.850000e-03	1.355686e-04
-1.840000e-03	1.354549e-04
-1.830000e-03	1.353411e-04
-1.820000e-03	1.352274e-04
-1.810000e-03	1.351136e-04
-1.800000e-03	1.349999e-04
-1.790000e-03	1.348861e-04
-1.780000e-03	1.347724e-04
-1.770000e-03	1.346587e-04
-1.760000e-03	1.345449e-04
-1.750000e-03	1.344312e-04
-1.740000e-03	1.343174e-04
-1.730000e-03	1.342037e-04
-1.720000e-03	1.340899e-04
-1.710000e-03	1.339762e-04
-1.700000e-03	1.338625e-04
-1.690000e-03	1.337487e-04
-1.680000e-03	1.336350e-04
-1.670000e-03	1.335212e-04
-1.660000e-03	1.334075e-04
-1.650000e-03	1.332938e-04
-1.640000e-03	1.331800e-04
-1.630000e-03	1.330663e-04
-1.620000e-03	1.329525e-04
-1.610000e-03	1.328388e-04
-1.600000e-03	1.327250e-04
-1.590000e-03	1.326113e-04
-1.580000e-03	1.324976e-04
-1.570000e-03	1.323838e-04
-1.560000e-03	1.322701e-04
-1.550000e-03	1.321563e-04
-1.540000e-03	1.320426e-04
-1.530000e-03	1.319288e-04
-1.520000e-03	1.318151e-04
-1.510000e-03	1.317014e-04
-1.500000e-03	1.315876e-04
-1.490000e-03	1.314739e-04
-1.480000e-03	1.313601e-04
-1.470000e-03	1.312464e-04
-1.460000e-03	1.311327e-04
-1.450000e-03	1.310189e-04
-1.440000e-03	1.309052e-04
-1.430000e-03	1.307914e-04
-1.420000e-03	1.306777e-04
-1.410000e-03	1.305639e-04
-1.400000e-03	1.304502e-04
-1.390000e-03	1.303365e-04
-1.380000e-03	1.302227e-04
-1.370000e-03	1.301090e-04
-1.360000e-03	1.299952e-04
-1.350000e-03	1.298815e-04
-1.340000e-03	1.297677e-04
-1.330000e-03	1.296540e-04
-1.320000e-03	1.295403e-04
-1.310000e-03	1.294265e-04
-1.300000e-03	1.293128e-04
-1.290000e-03	1.291990e-04
-1.280000e-03	1.290853e-04
-1.270000e-03	1.289716e-04
-1.260000e-03	1.288578e-04
-1.250000e-03	1.287441e-04
-1.240000e-03	1.286303e-04
-1.230000e-03	1.285166e-04
-1.220000e-03	1.284028e-04
-1.210000e-03	1.282891e-04
-1.200000e-03	1.281754e-04
-1.190000e-03	1.280616e-04
-1.180000e-03	1.279479e-04
-1.170000e-03	1.278341e-04
-1.160000e-03	1.277204e-04
-1.150000e-03	1.276066e-04
-1.140000e-03	1.274929e-04
-1.130000e-03	1.273792e-04
-1.120000e-03	1.272654e-04
-1.110000e-03	1.271517e-04
-1.100000e-03	1.270379e-04
-1.090000e-03	1.269242e-04
-1.080000e-03	1.268105e-04
-1.070000e-03	1.266967e-04
-1.060000e-03	1.265830e-04
-1.050000e-03	1.264692e-04
-1.040000e-03	1.263555e-04
-1.030000e-03	1.262417e-04
-1.020000e-03	1.261280e-04
-1.010000e-03	1.260143e-04
-1.000000e-03	1.259005e-04
-9.900000e-04	1.257868e-04
-9.800000e-04	1.256730e-04
-9.700000e-04	1.255593e-04
-9.600000e-04	1.254456e-04
-9.500000e-04	1.253318e-04
-9.400000e-04	1.252181e-04
-9.300000e-04	1.251043e-04
-9.200000e-04	1.249906e-04
-9.100000e-04	1.248768e-04
-9.000000e-04	1.247631e-04
-8.900000e-04	1.246494e-04
-8.800000e-04	1.245356e-04
-8.700000e-04	1.244219e-04
-8.600000e-04	1.243081e-04
-8.500000e-04	1.241944e-04
-8.400000e-04	1.240806e-04
-8.300000e-04	1.239669e-04
-8.200000e-04	1.238532e-04
-8.100000e-04	1.237394e-04
-8.000000e-04	1.236257e-04
-7.900000e-04	1.235119e-04
-7.800000e-04	1.233982e-04
-7.700000e-04	1.232845e-04
-7.600000e-04	1.231707e-04
-7.500000e-04	1.230570e-04
-7.400000e-04	1.229432e-04
-7.300000e-04	1.228295e-04
-7.200000e-04	1.227157e-04
-7.100000e-04	1.226020e-04
-7.000000e-04	1.224883e-04
-6.900000e-04	1.223745e-04
-6.800000e-04	1.222608e-04
-6.700000e-04	1.221470e-04
-6.600000e-04	1.220333e-04
-6.500000e-04	1.219195e-04
-6.400000e-04	1.218058e-04
-6.300000e-04	1.216921e-04
-6.200000e-04	1.215783e-04
-6.100000e-04	1.214646e-04
-6.000000e-04	1.213508e-04
-5.900000e-04	1.212371e-04
-5.800000e-04	1.211234e-04
-5.700000e-04	1.210096e-04
-5.600000e-04	1.208959e-04
-5.500000e-04	1.207821e-04
-5.400000e-04	1.206684e-04
-5.300000e-04	1.205546e-04
-5.200000e-04	1.204409e-04
-5.100000e-04	1.203272e-04
-5.000000e-04	1.202134e-04
-4.900000e-04	1.200997e-04
-4.800000e-04	1.199859e-04
-4.700000e-04	1.198722e-04
-4.600000e-04	1.197584e-04
-4.500000e-04	1.196447e-04
-4.400000e-04	1.195310e-04
-4.300000e-04	1.194172e-04
-4.200000e-04	1.193035e-04
-4.100000e-04	1.191897e-04
-4.000000e-04	1.190760e-04
-3.900000e-04	1.189623e-04
-3.800000e-04	1.188485e-04
-3.700000e-04	1.187348e-04
-3.600000e-04	1.186210e-04
-3.500000e-04	1.185073e-04
-3.400000e-04	1.183935e-04
-3.300000e-04	1.182798e-04
-3.200000e-04	1.181661e-04
-3.100000e-04	1.180523e-04
-3.000000e-04	1.179386e-04
-2.900000e-04	1.178248e-04
-2.800000e-04	1.177111e-04
-2.700000e-04	1.175973e-04
-2.600000e-04	1.174836e-04
-2.500000e-04	1.173699e-04
-2.400000e-04	1.172561e-04
-2.300000e-04	1.171424e-04
-2.200000e-04	1.170286e-04
-2.100000e-04	1.169149e-04
-2.000000e-04	1.168012e-04
-1.900000e-04	1.166874e-04
-1.800000e-04	1.165737e-04
-1.700000e-04	1.164599e-04
-1.600000e-04	1.163462e-04
-1.500000e-04	1.162324e-04
-1.400000e-04	1.161187e-04
-1.300000e-04	1.160050e-04
-1.200000e-04	1.158912e-04
-1.100000e-04	1.157775e-04
-1.000000e-04	1.156637e-04
-9.000000e-05	1.155500e-04
-8.000000e-05	1.154363e-04
-7.000000e-05	1.153225e-04
-6.000000e-05	1.152088e-04
-5.000000e-05	1.150950e-04
-4.000000e-05	1.149813e-04
-3.000000e-05	1.148675e-04
-2.000000e-05	1.147538e-04
-1.000000e-05	1.146401e-04
-3.677614e-16	1.145263e-04
1.000000e-05	1.144126e-04
2.000000e-05	1.142988e-04
3.000000e-05	1.141851e-04
4.000000e-05	1.140713e-04
5.000000e-05	1.139576e-04
6.000000e-05	1.138439e-04
7.000000e-05	1.137301e-04
8.000000e-05	1.136164e-04
9.000000e-05	1.135026e-04
1.000000e-04	1.133889e-04
1.100000e-04	1.132752e-04
1.200000e-04	1.131614e-04
1.300000e-04	1.130477e-04
1.400000e-04	1.129339e-04
1.500000e-04	1.128202e-04
1.600000e-04	1.127064e-04
1.700000e-04	1.125927e-04
1.800000e-04	1.124790e-04
1.900000e-04	1.123652e-04
2.000000e-04	1.122515e-04
2.100000e-04	1.121377e-04
2.200000e-04	1.120240e-04
2.300000e-04	1.119102e-04
2.400000e-04	1.117965e-04
2.500000e-04	1.116828e-04
2.600000e-04	1.115690e-04
2.700000e-04	1.114553e-04
2.800000e-04	1.113415e-04
2.900000e-04	1.112278e-04
3.000000e-04	1.111141e-04
3.100000e-04	1.110003e-04
3.200000e-04	1.108866e-04
3.300000e-04	1.107728e-04
3.400000e-04	1.106591e-04
3.500000e-04	1.105453e-04
3.600000e-04	1.104316e-04
3.700000e-04	1.103179e-04
3.800000e-04	1.102041e-04
3.900000e-04	1.100904e-04
4.000000e-04	1.099766e-04
4.100000e-04	1.098629e-04
4.200000e-04	1.097491e-04
4.300000e-04	1.096354e-04
4.400000e-04	1.095217e-04
4.500000e-04	1.094079e-04
4.600000e-04	1.092942e-04
4.700000e-04	1.091804e-04
4.800000e-04	1.090667e-04
4.900000e-04	1.089530e-04
5.000000e-04	1.088392e-04
5.100000e-04	1.087255e-04
5.200000e-04	1.086117e-04
5.300000e-04	1.084980e-04
5.400000e-04	1.083842e-04
5.500000e-04	1.082705e-04
5.600000e-04	1.081568e-04
5.700000e-04	1.080430e-04
5.800000e-04	1.079293e-04
5.900000e-04	1.078155e-04
6.000000e-04	1.077018e-04
6.100000e-04	1.075880e-04
6.200000e-04	1.074743e-04
6.300000e-04	1.073606e-04
6.400000e-04	1.072468e-04
6.500000e-04	1.071331e-04
6.600000e-04	1.070193e-04
6.700000e-04	1.069056e-04
6.800000e-04	1.067919e-04
6.900000e-04	1.066781e-04
7.000000e-04	1.065644e-04
7.100000e-04	1.064506e-04
7.200000e-04	1.063369e-04
7.300000e-04	1.062231e-04
7.400000e-04	1.061094e-04
7.500000e-04	1.059957e-04
7.600000e-04	1.058819e-04
7.700000e-04	1.057682e-04
7.800000e-04	1.056544e-04
7.900000e-04	1.055407e-04
8.000000e-04	1.054270e-04
8.100000e-04	1.053132e-04
8.200000e-04	1.051995e-04
8.300000e-04	1.050857e-04
8.400000e-04	1.049720e-04
8.500000e-04	1.048582e-04
8.600000e-04	1.047445e-04
8.700000e-04	1.046308e-04
8.800000e-04	1.045170e-04
8.900000e-04	1.044033e-04
9.000000e-04	1.042895e-04
9.100000e-04	1.041758e-04
9.200000e-04	1.040620e-04
9.300000e-04	1.039483e-04
9.400000e-04	1.038346e-04
9.500000e-04	1.037208e-04
9.600000e-04	1.036071e-04
9.700000e-04	1.034933e-04
9.800000e-04	1.033796e-04
9.900000e-04	1.032659e-04
1.000000e-03	1.031521e-04
1.010000e-03	1.030384e-04
1.020000e-03	1.029246e-04
1.030000e-03	1.028109e-04
1.040000e-03	1.026971e-04
1.050000e-03	1.025834e-04
1.060000e-03	1.024697e-04
1.070000e-03	1.023559e-04
1.080000e-03	1.022422e-04
1.090000e-03	1.021284e-04
1.100000e-03	1.020147e-04
1.110000e-03	1.019009e-04
1.120000e-03	1.017872e-04
1.130000e-03	1.016735e-04
1.140000e-03	1.015597e-04
1.150000e-03	1.014460e-04
1.160000e-03	1.013322e-04
1.170000e-03	1.012185e-04
1.180000e-03	1.011048e-04
1.190000e-03	1.009910e-04
1.200000e-03	1.008773e-04
1.210000e-03	1.007635e-04
1.220000e-03	1.006498e-04
1.230000e-03	1.005360e-04
1.240000e-03	1.004223e-04
1.250000e-03	1.003086e-04
1.260000e-03	1.001948e-04
1.270000e-03	1.000811e-04
1.280000e-03	9.996733e-05
1.290000e-03	9.985359e-05
1.300000e-03	9.973985e-05
1.310000e-03	9.962611e-05
1.320000e-03	9.951236e-05
1.330000e-03	9.939862e-05
1.340000e-03	9.928488e-05
1.350000e-03	9.917114e-05
1.360000e-03	9.905740e-05
1.370000e-03	9.894365e-05
1.380000e-03	9.882991e-05
1.390000e-03	9.871617e-05
1.400000e-03	9.860243e-05
1.410000e-03	9.848869e-05
1.420000e-03	9.837494e-05
1.430000e-03	9.826120e-05
1.440000e-03	9.814746e-05
1.450000e-03	9.803372e-05
1.460000e-03	9.791998e-05
1.470000e-03	9.780623e-05
1.480000e-03	9.769249e-05
1.490000e-03	9.757875e-05
1.500000e-03	9.746501e-05
1.510000e-03	9.735127e-05
1.520000e-03	9.723752e-05
1.530000e-03	9.712378e-05
1.540000e-03	9.701004e-05
1.550000e-03	9.689630e-05
1.560000e-03	9.678256e-05
1.570000e-03	9.666881e-05
1.580000e-03	9.655507e-05
1.590000e-03	9.644133e-05
1.600000e-03	9.632759e-05
1.610000e-03	9.621385e-05
1.620000e-03	9.610010e-05
1.630000e-03	9.598636e-05
1.640000e-03	9.587262e-05
1.650000e-03	9.575888e-05
1.660000e-03	9.564513e-05
1.670000e-03	9.553139e-05
1.680000e-03	9.541765e-05
1.690000e-03	9.530391e-05
1.700000e-03	9.519017e-05
1.710000e-03	9.507642e-05
1.720000e-03	9.496268e-05
1.730000e-03	9.484894e-05
1.740000e-03	9.473520e-05
1.750000e-03	9.462146e-05
1.760000e-03	9.450771e-05
1.770000e-03	9.439397e-05
1.780000e-03	9.428023e-05
1.790000e-03	9.416649e-05
1.800000e-03	9.405275e-05
1.810000e-03	9.393900e-05
1.820000e-03	9.382526e-05
1.830000e-03	9.371152e-05
1.840000e-03	9.359778e-05
1.850000e-03	9.348404e-05
1.860000e-03	9.337029e-05
1.870000e-03	9.325655e-05
1.880000e-03	9.314281e-05
1.890000e-03	9.302907e-05
1.900000e-03	9.291533e-05
1.910000e-03	9.280158e-05
1.920000e-03	9.268784e-05
1.930000e-03	9.257410e-05
1.940000e-03	9.246036e-05
1.950000e-03	9.234662e-05
1.960000e-03	9.223287e-05
1.970000e-03	9.211913e-05
1.980000e-03	9.200539e-05
1.990000e-03	9.189165e-05
2.000000e-03	9.177791e-05
2.010000e-03	9.166416e-05
2.020000e-03	9.155042e-05
2.030000e-03	9.143668e-05
2.040000e-03	9.132294e-05
2.050000e-03	9.120919e-05
2.060000e-03	9.109545e-05
2.070000e-03	9.098171e-05
2.080000e-03	9.086797e-05
2.090000e-03	9.075423e-05
2.100000e-03	9.064048e-05
2.110000e-03	9.052674e-05
2.120000e-03	9.041300e-05
2.130000e-03	9.029926e-05
2.140000e-03	9.018552e-05
2.150000e-03	9.007177e-05
2.160000e-03	8.995803e-05
2.170000e-03	8.984429e-05
2.180000e-03	8.973055e-05
2.190000e-03	8.961681e-05
2.200000e-03	8.950306e-05
2.210000e-03	8.938932e-05
2.220000e-03	8.927558e-05
2.230000e-03	8.916184e-05
2.240000e-03	8.904810e-05
2.250000e-03	8.893435e-05
2.260000e-03	8.882061e-05
2.270000e-03	8.870687e-05
2.280000e-03	8.859313e-05
2.290000e-03	8.847939e-05
2.300000e-03	8.836564e-05
2.310000e-03	8.825190e-05
2.320000e-03	8.813816e-05
2.330000e-03	8.802442e-05
2.340000e-03	8.791068e-05
2.350000e-03	8.779693e-05
2.360000e-03	8.768319e-05
2.370000e-03	8.756945e-05
2.380000e-03	8.745571e-05
2.390000e-03	8.734197e-05
2.400000e-03	8.722822e-05
2.410000e-03	8.711448e-05
2.420000e-03	8.700074e-05
2.430000e-03	8.688700e-05
2.440000e-03	8.677326e-05
2.450000e-03	8.665951e-05
2.460000e-03	8.654577e-05
2.470000e-03	8.643203e-05
2.480000e-03	8.631829e-05
2.490000e-03	8.620454e-05
2.500000e-03	8.609080e-05
2.510000e-03	8.597706e-05
2.520000e-03	8.586332e-05
2.530000e-03	8.574958e-05
2.540000e-03	8.563583e-05
2.550000e-03	8.552209e-05
2.560000e-03	8.540835e-05
2.570000e-03	8.529461e-05
2.580000e-03	8.518087e-05
2.590000e-03	8.506712e-05
2.600000e-03	8.495338e-05
2.610000e-03	8.483964e-05
2.620000e-03	8.472590e-05
2.630000e-03	8.461216e-05
2.640000e-03	8.449841e-05
2.650000e-03	8.438467e-05
2.660000e-03	8.427093e-05
2.670000e-03	8.415719e-05
2.680000e-03	8.404345e-05
2.690000e-03	8.392970e-05
2.700000e-03	8.381596e-05
2.710000e-03	8.370222e-05
2.720000e-03	8.358848e-05
2.730000e-03	8.347474e-05
2.740000e-03	8.336099e-05
2.750000e-03	8.324725e-05
2.760000e-03	8.313351e-05
2.770000e-03	8.301977e-05
2.780000e-03	8.290603e-05
2.790000e-03	8.279228e-05
2.800000e-03	8.267854e-05
2.810000e-03	8.256480e-05
2.820000e-03	8.245106e-05
2.830000e-03	8.233732e-05
2.840000e-03	8.222357e-05
2.850000e-03	8.210983e-05
2.860000e-03	8.199609e-05
2.870000e-03	8.188235e-05
2.880000e-03	8.176861e-05
2.890000e-03	8.165486e-05
2.900000e-03	8.154112e-05
2.910000e-03	8.142738e-05
2.920000e-03	8.131364e-05
2.930000e-03	8.119989e-05
2.940000e-03	8.108615e-05
2.950000e-03	8.097241e-05
2.960000e-03	8.085867e-05
2.970000e-03	8.074493e-05
2.980000e-03	8.063118e-05
2.990000e-03	8.051744e-05
3.000000e-03	8.040370e-05
3.010000e-03	8.028996e-05
3.020000e-03	8.017622e-05
3.030000e-03	8.006247e-05
3.040000e-03	7.994873e-05
3.050000e-03	7.983499e-05
3.060000e-03	7.972125e-05
3.070000e-03	7.960751e-05
3.080000e-03	7.949376e-05
3.090000e-03	7.938002e-05
3.100000e-03	7.926628e-05
3.110000e-03	7.915254e-05
3.120000e-03	7.903880e-05
3.130000e-03	7.892505e-05
3.140000e-03	7.881131e-05
3.150000e-03	7.869757e-05
3.160000e-03	7.858383e-05
3.170000e-03	7.847009e-05
3.180000e-03	7.835634e-05
3.190000e-03	7.824260e-05
3.200000e-03	7.812886e-05
3.210000e-03	7.801512e-05
3.220000e-03	7.790138e-05
3.230000e-03	7.778763e-05
3.240000e-03	7.767389e-05
3.250000e-03	7.756015e-05
3.260000e-03	7.744641e-05
3.270000e-03	7.733267e-05
3.280000e-03	7.721892e-05
3.290000e-03	7.710518e-05
3.300000e-03	7.699144e-05
3.310000e-03	7.687770e-05
3.320000e-03	7.676396e-05
3.330000e-03	7.665021e-05
3.340000e-03	7.653647e-05
3.350000e-03	7.642273e-05
3.360000e-03	7.630899e-05
3.370000e-03	7.619524e-05
3.380000e-03	7.608150e-05
3.390000e-03	7.596776e-05
3.400000e-03	7.585402e-05
3.410000e-03	7.574028e-05
3.420000e-03	7.562653e-05
3.430000e-03	7.551279e-05
3.440000e-03	7.539905e-05
3.450000e-03	7.528531e-05
3.460000e-03	7.517157e-05
3.470000e-03	7.505782e-05
3.480000e-03	7.494408e-05
3.490000e-03	7.483034e-05
3.500000e-03	7.471660e-05
3.510000e-03	7.460286e-05
3.520000e-03	7.448911e-05
3.530000e-03	7.437537e-05
3.540000e-03	7.426163e-05
3.550000e-03	7.414789e-05
3.560000e-03	7.403415e-05
3.570000e-03	7.392040e-05
3.580000e-03	7.380666e-05
3.590000e-03	7.369292e-05
3.600000e-03	7.357918e-05
3.610000e-03	7.346544e-05
3.620000e-03	7.335169e-05
3.630000e-03	7.323795e-05
3.640000e-03	7.312421e-05
3.650000e-03	7.301047e-05
3.660000e-03	7.289673e-05
3.670000e-03	7.278298e-05
3.680000e-03	7.266924e-05
3.690000e-03	7.255550e-05
3.700000e-03	7.244176e-05
3.710000e-03	7.232802e-05
3.720000e-03	7.221427e-05
3.730000e-03	7.210053e-05
3.740000e-03	7.198679e-05
3.750000e-03	7.187305e-05
3.760000e-03	7.175931e-05
3.770000e-03	7.164556e-05
3.780000e-03	7.153182e-05
3.790000e-03	7.141808e-05
3.800000e-03	7.130434e-05
3.810000e-03	7.119059e-05
3.820000e-03	7.107685e-05
3.830000e-03	7.096311e-05
3.840000e-03	7.084937e-05
3.850000e-03	7.073563e-05
3.860000e-03	7.062188e-05
3.870000e-03	7.050814e-05
3.880000e-03	7.039440e-05
3.890000e-03	7.028066e-05
3.900000e-03	7.016692e-05
3.910000e-03	7.005317e-05
3.920000e-03	6.993943e-05
3.930000e-03	6.982569e-05
3.940000e-03	6.971195e-05
3.950000e-03	6.959821e-05
3.960000e-03	6.948446e-05
3.970000e-03	6.937072e-05
3.980000e-03	6.925698e-05
3.990000e-03	6.914324e-05
4.000000e-03	6.902950e-05
4.010000e-03	6.891575e-05
4.020000e-03	6.880201e-05
4.030000e-03	6.868827e-05
4.040000e-03	6.857453e-05
4.050000e-03	6.846079e-05
4.060000e-03	6.834704e-05
4.070000e-03	6.823330e-05
4.080000e-03	6.811956e-05
4.090000e-03	6.800582e-05
4.100000e-03	6.789208e-05
4.110000e-03	6.777833e-05
4.120000e-03	6.766459e-05
4.130000e-03	6.755085e-05
4.140000e-03	6.743711e-05
4.150000e-03	6.732337e-05
4.160000e-03	6.720962e-05
4.170000e-03	6.709588e-05
4.180000e-03	6.698214e-05
4.190000e-03	6.686840e-05
4.200000e-03	6.675466e-05
4.210000e-03	6.664091e-05
4.220000e-03	6.652717e-05
4.230000e-03	6.641343e-05
4.240000e-03	6.629969e-05
4.250000e-03	6.618594e-05
4.260000e-03	6.607220e-05
4.270000e-03	6.595846e-05
4.280000e-03	6.584472e-05
4.290000e-03	6.573098e-05
4.300000e-03	6.561723e-05
4.310000e-03	6.550349e-05
4.320000e-03	6.538975e-05
4.330000e-03	6.527601e-05
4.340000e-03	6.516227e-05
4.350000e-03	6.504852e-05
4.360000e-03	6.493478e-05
4.370000e-03	6.482104e-05
4.380000e-03	6.470730e-05
4.390000e-03	6.459356e-05
4.400000e-03	6.447981e-05
4.410000e-03	6.436607e-05
4.420000e-03	6.425233e-05
4.430000e-03	6.413859e-05
4.440000e-03	6.402485e-05
4.450000e-03	6.391110e-05
4.460000e-03	6.379736e-05
4.470000e-03	6.368362e-05
4.480000e-03	6.356988e-05
4.490000e-03	6.345614e-05
4.500000e-03	6.334239e-05
4.510000e-03	6.322865e-05
4.520000e-03	6.311491e-05
4.530000e-03	6.300117e-05
4.540000e-03	6.288743e-05
4.550000e-03	6.277368e-05
4.560000e-03	6.265994e-05
4.570000e-03	6.254620e-05
4.580000e-03	6.243246e-05
4.590000e-03	6.231872e-05
4.600000e-03	6.220497e-05
4.610000e-03	6.209123e-05
4.620000e-03	6.197749e-05
4.630000e-03	6.186375e-05
4.640000e-03	6.175001e-05
4.650000e-03	6.163626e-05
4.660000e-03	6.152252e-05
4.670000e-03	6.140878e-05
4.680000e-03	6.129504e-05
4.690000e-03	6.118129e-05
4.700000e-03	6.106755e-05
4.710000e-03	6.095381e-05
4.720000e-03	6.084007e-05
4.730000e-03	6.072633e-05
4.740000e-03	6.061258e-05
4.750000e-03	6.049884e-05
4.760000e-03	6.038510e-05
4.770000e-03	6.027136e-05
4.780000e-03	6.015762e-05
4.790000e-03	6.004387e-05
4.800000e-03	5.993013e-05
4.810000e-03	5.981639e-05
4.820000e-03	5.970265e-05
4.830000e-03	5.958891e-05
4.840000e-03	5.947516e-05
4.850000e-03	5.936142e-05
4.860000e-03	5.924768e-05
4.870000e-03	5.913394e-05
4.880000e-03	5.902020e-05
4.890000e-03	5.890645e-05
4.900000e-03	5.879271e-05
4.910000e-03	5.867897e-05
4.920000e-03	5.856523e-05
4.930000e-03	5.845149e-05
4.940000e-03	5.833774e-05
4.950000e-03	5.822400e-05
4.960000e-03	5.811026e-05
4.970000e-03	5.799652e-05
4.980000e-03	5.788278e-05
4.990000e-03	5.776903e-05
5.000000e-03	5.765529e-05
5.010000e-03	5.763512e-05
5.020000e-03	5.761494e-05
5.030000e-03	5.759476e-05
5.040000e-03	5.757459e-05
5.050000e-03	5.755441e-05
5.060000e-03	5.753423e-05
5.070000e-03	5.751406e-05
5.080000e-03	5.749388e-05
5.090000e-03	5.747371e-05
5.100000e-03	5.745353e-05
5.110000e-03	5.743335e-05
5.120000e-03	5.741318e-05
5.130000e-03	5.739300e-05
5.140000e-03	5.737282e-05
5.150000e-03	5.735265e-05
5.160000e-03	5.733247e-05
5.170000e-03	5.731230e-05
5.180000e-03	5.729212e-05
5.190000e-03	5.727194e-05
5.200000e-03	5.725177e-05
5.210000e-03	5.723159e-05
5.220000e-03	5.721142e-05
5.230000e-03	5.719124e-05
5.240000e-03	5.717106e-05
5.250000e-03	5.715089e-05
5.260000e-03	5.713071e-05
5.270000e-03	5.711053e-05
5.280000e-03	5.709036e-05
5.290000e-03	5.707018e-05
5.300000e-03	5.705001e-05
5.310000e-03	5.702983e-05
5.320000e-03	5.700965e-05
5.330000e-03	5.698948e-05
5.340000e-03	5.696930e-05
5.350000e-03	5.694912e-05
5.360000e-03	5.692895e-05
5.370000e-03	5.690877e-05
5.380000e-03	5.688860e-05
5.390000e-03	5.686842e-05
5.400000e-03	5.684824e-05
5.410000e-03	5.682807e-05
5.420000e-03	5.680789e-05
5.430000e-03	5.678772e-05
5.440000e-03	5.676754e-05
5.450000e-03	5.674736e-05
5.460000e-03	5.672719e-05
5.470000e-03	5.670701e-05
5.480000e-03	5.668683e-05
5.490000e-03	5.666666e-05
5.500000e-03	5.664648e-05
5.510000e-03	5.662631e-05
5.520000e-03	5.660613e-05
5.530000e-03	5.658595e-05
5.540000e-03	5.656578e-05
5.550000e-03	5.654560e-05
5.560000e-03	5.652542e-05
5.570000e-03	5.650525e-05
5.580000e-03	5.648507e-05
5.590000e-03	5.646490e-05
5.600000e-03	5.644472e-05
5.610000e-03	5.642454e-05
5.620000e-03	5.640437e-05
5.630000e-03	5.638419e-05
5.640000e-03	5.636402e-05
5.650000e-03	5.634384e-05
5.660000e-03	5.632366e-05
5.670000e-03	5.630349e-05
5.680000e-03	5.628331e-05
5.690000e-03	5.626313e-05
5.700000e-03	5.624296e-05
5.710000e-03	5.622278e-05
5.720000e-03	5.620261e-05
5.730000e-03	5.618243e-05
5.740000e-03	5.616225e-05
5.750000e-03	5.614208e-05
5.760000e-03	5.612190e-05
5.770000e-03	5.610172e-05
5.780000e-03	5.608155e-05
5.790000e-03	5.606137e-05
5.800000e-03	5.604120e-05
5.810000e-03	5.602102e-05
5.820000e-03	5.600084e-05
5.830000e-03	5.598067e-05
5.840000e-03	5.596049e-05
5.850000e-03	5.594032e-05
5.860000e-03	5.592014e-05
5.870000e-03	5.589996e-05
5.880000e-03	5.587979e-05
5.890000e-03	5.585961e-05
5.900000e-03	5.583943e-05
5.910000e-03	5.581926e-05
5.920000e-03	5.579908e-05
5.930000e-03	5.577891e-05
5.940000e-03	5.575873e-05
5.950000e-03	5.573855e-05
5.960000e-03	5.571838e-05
5.970000e-03	5.569820e-05
5.980000e-03	5.567802e-05
5.990000e-03	5.565785e-05
6.000000e-03	5.563767e-05
6.010000e-03	5.565567e-05
6.020000e-03	5.567367e-05
6.030000e-03	5.569168e-05
6.040000e-03	5.570968e-05
6.050000e-03	5.572768e-05
6.060000e-03	5.574568e-05
6.070000e-03	5.576368e-05
6.080000e-03	5.578168e-05
6.090000e-03	5.579968e-05
6.100000e-03	5.581768e-05
6.110000e-03	5.583568e-05
6.120000e-03	5.585368e-05
6.130000e-03	5.587169e-05
6.140000e-03	5.588969e-05
6.150000e-03	5.590769e-05
6.160000e-03	5.592569e-05
6.170000e-03	5.594369e-05
6.180000e-03	5.596169e-05
6.190000e-03	5.597969e-05
6.200000e-03	5.599769e-05
6.210000e-03	5.601569e-05
6.220000e-03	5.603369e-05
6.230000e-03	5.605170e-05
6.240000e-03	5.606970e-05
6.250000e-03	5.608770e-05
6.260000e-03	5.610570e-05
6.270000e-03	5.612370e-05
6.280000e-03	5.614170e-05
6.290000e-03	5.615970e-05
6.300000e-03	5.617770e-05
6.310000e-03	5.619570e-05
6.320000e-03	5.621370e-05
6.330000e-03	5.623171e-05
6.340000e-03	5.624971e-05
6.350000e-03	5.626771e-05
6.360000e-03	5.628571e-05
6.370000e-03	5.630371e-05
6.380000e-03	5.632171e-05
6.390000e-03	5.633971e-05
6.400000e-03	5.635771e-05
6.410000e-03	5.637571e-05
6.420000e-03	5.639371e-05
6.430000e-03	5.641171e-05
6.440000e-03	5.642972e-05
6.450000e-03	5.644772e-05
6.460000e-03	5.646572e-05
6.470000e-03	5.648372e-05
6.480000e-03	5.650172e-05
6.490000e-03	5.651972e-05
6.500000e-03	5.653772e-05
6.510000e-03	5.655572e-05
6.520000e-03	5.657372e-05
6.530000e-03	5.659172e-05
6.540000e-03	5.660973e-05
6.550000e-03	5.662773e-05
6.560000e-03	5.664573e-05
6.570000e-03	5.666373e-05
6.580000e-03	5.668173e-05
6.590000e-03	5.669973e-05
6.600000e-03	5.671773e-05
6.610000e-03	5.673573e-05
6.620000e-03	5.675373e-05
6.630000e-03	5.677173e-05
6.640000e-03	5.678974e-05
6.650000e-03	5.680774e-05
6.660000e-03	5.682574e-05
6.670000e-03	5.684374e-05
6.680000e-03	5.686174e-05
6.690000e-03	5.687974e-05
6.700000e-03	5.689774e-05
6.710000e-03	5.691574e-05
6.720000e-03	5.693374e-05
6.730000e-03	5.695174e-05
6.740000e-03	5.696975e-05
6.750000e-03	5.698775e-05
6.760000e-03	5.700575e-05
6.770000e-03	5.702375e-05
6.780000e-03	5.704175e-05
6.790000e-03	5.705975e-05
6.800000e-03	5.707775e-05
6.810000e-03	5.709575e-05
6.820000e-03	5.711375e-05
6.830000e-03	5.713175e-05
6.840000e-03	5.714976e-05
6.850000e-03	5.716776e-05
6.860000e-03	5.718576e-05
6.870000e-03	5.720376e-05
6.880000e-03	5.722176e-05
6.890000e-03	5.723976e-05
6.900000e-03	5.725776e-05
6.910000e-03	5.727576e-05
6.920000e-03	5.729376e-05
6.930000e-03	5.731176e-05
6.940000e-03	5.732977e-05
6.950000e-03	5.734777e-05
6.960000e-03	5.736577e-05
6.970000e-03	5.738377e-05
6.980000e-03	5.740177e-05
6.990000e-03	5.741977e-05
7.000000e-03	5.743777e-05
7.010000e-03	5.749067e-05
7.020000e-03	5.754357e-05
7.030000e-03	5.759647e-05
7.040000e-03	5.764937e-05
7.050000e-03	5.770227e-05
7.060000e-03	5.775517e-05
7.070000e-03	5.780807e-05
7.080000e-03	5.786097e-05
7.090000e-03	5.791387e-05
7.100000e-03	5.796677e-05
7.110000e-03	5.801967e-05
7.120000e-03	5.807257e-05
7.130000e-03	5.812547e-05
7.140000e-03	5.817837e-05
7.150000e-03	5.823127e-05
7.160000e-03	5.828417e-05
7.170000e-03	5.833707e-05
7.180000e-03	5.838997e-05
7.190000e-03	5.844287e-05
7.200000e-03	5.849577e-05
7.210000e-03	5.854867e-05
7.220000e-03	5.860157e-05
7.230000e-03	5.865447e-05
7.240000e-03	5.870737e-05
7.250000e-03	5.876027e-05
7.260000e-03	5.881317e-05
7.270000e-03	5.886607e-05
7.280000e-03	5.891897e-05
7.290000e-03	5.897187e-05
7.300000e-03	5.902477e-05
7.310000e-03	5.907767e-05
7.320000e-03	5.913057e-05
7.330000e-03	5.918347e-05
7.340000e-03	5.923637e-05
7.350000e-03	5.928927e-05
7.360000e-03	5.934217e-05
7.370000e-03	5.939507e-05
7.380000e-03	5.944797e-05
7.390000e-03	5.950087e-05
7.400000e-03	5.955377e-05
7.410000e-03	5.960667e-05
7.420000e-03	5.965957e-05
7.430000e-03	5.971247e-05
7.440000e-03	5.976537e-05
7.450000e-03	5.981827e-05
7.460000e-03	5.987117e-05
7.470000e-03	5.992407e-05
7.480000e-03	5.997697e-05
7.490000e-03	6.002987e-05
7.500000e-03	6.008277e-05
7.510000e-03	6.013567e-05
7.520000e-03	6.018857e-05
7.530000e-03	6.024147e-05
7.540000e-03	6.029437e-05
7.550000e-03	6.034727e-05
7.560000e-03	6.040017e-05
7.570000e-03	6.045307e-05
7.580000e-03	6.050597e-05
7.590000e-03	6.055887e-05
7.600000e-03	6.061177e-05
7.610000e-03	6.066467e-05
7.620000e-03	6.071757e-05
7.630000e-03	6.077047e-05
7.640000e-03	6.082337e-05
7.650000e-03	6.087627e-05
7.660000e-03	6.092917e-05
7.670000e-03	6.098207e-05
7.680000e-03	6.103497e-05
7.690000e-03	6.108787e-05
7.700000e-03	6.114077e-05
7.710000e-03	6.119367e-05
7.720000e-03	6.124657e-05
7.730000e-03	6.129947e-05
7.740000e-03	6.135237e-05
7.750000e-03	6.140527e-05
7.760000e-03	6.145817e-05
7.770000e-03	6.151107e-05
7.780000e-03	6.156397e-05
7.790000e-03	6.161687e-05
7.800000e-03	6.166977e-05
7.810000e-03	6.172267e-05
7.820000e-03	6.177557e-05
7.830000e-03	6.182847e-05
7.840000e-03	6.188137e-05
7.850000e-03	6.193427e-05
7.860000e-03	6.198717e-05
7.870000e-03	6.204007e-05
7.880000e-03	6.209297e-05
7.890000e-03	6.214587e-05
7.900000e-03	6.219877e-05
7.910000e-03	6.225167e-05
7.920000e-03	6.230457e-05
7.930000e-03	6.235747e-05
7.940000e-03	6.241037e-05
7.950000e-03	6.246327e-05
7.960000e-03	6.251617e-05
7.970000e-03	6.256907e-05
7.980000e-03	6.262197e-05
7.990000e-03	6.267487e-05
8.000000e-03	6.272777e-05
8.010000e-03	6.280778e-05
8.020000e-03	6.288780e-05
8.030000e-03	6.296781e-05
8.040000e-03	6.304782e-05
8.050000e-03	6.312783e-05
8.060000e-03	6.320784e-05
8.070000e-03	6.328785e-05
8.080000e-03	6.336786e-05
8.090000e-03	6.344788e-05
8.100000e-03	6.352789e-05
8.110000e-03	6.360790e-05
8.120000e-03	6.368791e-05
8.130000e-03	6.376792e-05
8.140000e-03	6.384793e-05
8.150000e-03	6.392794e-05
8.160000e-03	6.400795e-05
8.170000e-03	6.408797e-05
8.180000e-03	6.416798e-05
8.190000e-03	6.424799e-05
8.200000e-03	6.432800e-05
8.210000e-03	6.440801e-05
8.220000e-03	6.448802e-05
8.230000e-03	6.456803e-05
8.240000e-03	6.464805e-05
8.250000e-03	6.472806e-05
8.260000e-03	6.480807e-05
8.270000e-03	6.488808e-05
8.280000e-03	6.496809e-05
8.290000e-03	6.504810e-05
8.300000e-03	6.512811e-05
8.310000e-03	6.520812e-05
8.320000e-03	6.528814e-05
8.330000e-03	6.536815e-05
8.340000e-03	6.544816e-05
8.350000e-03	6.552817e-05
8.360000e-03	6.560818e-05
8.370000e-03	6.568819e-05
8.380000e-03	6.576820e-05
8.390000e-03	6.584822e-05
8.400000e-03	6.592823e-05
8.410000e-03	6.600824e-05
8.420000e-03	6.608825e-05
8.430000e-03	6.616826e-05
8.440000e-03	6.624827e-05
8.450000e-03	6.632828e-05
8.460000e-03	6.640830e-05
8.470000e-03	6.648831e-05
8.480000e-03	6.656832e-05
8.490000e-03	6.664833e-05
8.500000e-03	6.672834e-05
8.510000e-03	6.680835e-05
8.520000e-03	6.688836e-05
8.530000e-03	6.696837e-05
8.540000e-03	6.704839e-05
8.550000e-03	6.712840e-05
8.560000e-03	6.720841e-05
8.570000e-03	6.728842e-05
8.580000e-03	6.736843e-05
8.590000e-03	6.744844e-05
8.600000e-03	6.752845e-05
8.610000e-03	6.760847e-05
8.620000e-03	6.768848e-05
8.630000e-03	6.776849e-05
8.640000e-03	6.784850e-05
8.650000e-03	6.792851e-05
8.660000e-03	6.800852e-05
8.670000e-03	6.808853e-05
8.680000e-03	6.816854e-05
8.690000e-03	6.824856e-05
8.700000e-03	6.832857e-05
8.710000e-03	6.840858e-05
8.720000e-03	6.848859e-05
8.730000e-03	6.856860e-05
8.740000e-03	6.864861e-05
8.750000e-03	6.872862e-05
8.760000e-03	6.880864e-05
8.770000e-03	6.888865e-05
8.780000e-03	6.896866e-05
8.790000e-03	6.904867e-05
8.800000e-03	6.912868e-05
8.810000e-03	6.920869e-05
8.820000e-03	6.928870e-05
8.830000e-03	6.936872e-05
8.840000e-03	6.944873e-05
8.850000e-03	6.952874e-05
8.860000e-03	6.960875e-05
8.870000e-03	6.968876e-05
8.880000e-03	6.976877e-05
8.890000e-03	6.984878e-05
8.900000e-03	6.992879e-05
8.910000e-03	7.000881e-05
8.920000e-03	7.008882e-05
8.930000e-03	7.016883e-05
8.940000e-03	7.024884e-05
8.950000e-03	7.032885e-05
8.960000e-03	7.040886e-05
8.970000e-03	7.048887e-05
8.980000e-03	7.056889e-05
8.990000e-03	7.064890e-05
9.000000e-03	7.072891e-05
9.010000e-03	7.085912e-05
9.020000e-03	7.098934e-05
9.030000e-03	7.111955e-05
9.040000e-03	7.124976e-05
9.050000e-03	7.137998e-05
9.060000e-03	7.151019e-05
9.070000e-03	7.164040e-05
9.080000e-03	7.177062e-05
9.090000e-03	7.190083e-05
9.100000e-03	7.203104e-05
9.110000e-03	7.216126e-05
9.120000e-03	7.229147e-05
9.130000e-03	7.242169e-05
9.140000e-03	7.255190e-05
9.150000e-03	7.268211e-05
9.160000e-03	7.281233e-05
9.170000e-03	7.294254e-05
9.180000e-03	7.307275e-05
9.190000e-03	7.320297e-05
9.200000e-03	7.333318e-05
9.210000e-03	7.346339e-05
9.220000e-03	7.359361e-05
9.230000e-03	7.372382e-05
9.240000e-03	7.385403e-05
9.250000e-03	7.398425e-05
9.260000e-03	7.411446e-05
9.270000e-03	7.424468e-05
9.280000e-03	7.437489e-05
9.290000e-03	7.450510e-05
9.300000e-03	7.463532e-05
9.310000e-03	7.476553e-05
9.320000e-03	7.489574e-05
9.330000e-03	7.502596e-05
9.340000e-03	7.515617e-05
9.350000e-03	7.528638e-05
9.360000e-03	7.541660e-05
9.370000e-03	7.554681e-05
9.380000e-03	7.567703e-05
9.390000e-03	7.580724e-05
9.400000e-03	7.593745e-05
9.410000e-03	7.606767e-05
9.420000e-03	7.619788e-05
9.430000e-03	7.632809e-05
9.440000e-03	7.645831e-05
9.450000e-03	7.658852e-05
9.460000e-03	7.671873e-05
9.470000e-03	7.684895e-05
9.480000e-03	7.697916e-05
9.490000e-03	7.710937e-05
9.500000e-03	7.723959e-05
9.510000e-03	7.736980e-05
9.520000e-03	7.750002e-05
9.530000e-03	7.763023e-05
9.540000e-03	7.776044e-05
9.550000e-03	7.789066e-05
9.560000e-03	7.802087e-05
9.570000e-03	7.815108e-05
9.580000e-03	7.828130e-05
9.590000e-03	7.841151e-05
9.600000e-03	7.854172e-05
9.610000e-03	7.867194e-05
9.620000e-03	7.880215e-05
9.630000e-03	7.893237e-05
9.640000e-03	7.906258e-05
9.650000e-03	7.919279e-05
9.660000e-03	7.932301e-05
9.670000e-03	7.945322e-05
9.680000e-03	7.958343e-05
9.690000e-03	7.971365e-05
9.700000e-03	7.984386e-05
9.710000e-03	7.997407e-05
9.720000e-03	8.010429e-05
9.730000e-03	8.023450e-05
9.740000e-03	8.036472e-05
9.750000e-03	8.049493e-05
9.760000e-03	8.062514e-05
9.770000e-03	8.075536e-05
9.780000e-03	8.088557e-05
9.790000e-03	8.101578e-05
9.800000e-03	8.114600e-05
9.810000e-03	8.127621e-05
9.820000e-03	8.140642e-05
9.830000e-03	8.153664e-05
9.840000e-03	8.166685e-05
9.850000e-03	8.179706e-05
9.860000e-03	8.192728e-05
9.870000e-03	8.205749e-05
9.880000e-03	8.218771e-05
9.890000e-03	8.231792e-05
9.900000e-03	8.244813e-05
9.910000e-03	8.257835e-05
9.920000e-03	8.270856e-05
9.930000e-03	8.283877e-05
9.940000e-03	8.296899e-05
9.950000e-03	8.309920e-05
9.960000e-03	8.322941e-05
9.970000e-03	8.335963e-05
9.980000e-03	8.348984e-05
9.990000e-03	8.362006e-05
1.000000e-02	8.375027e-05
1.001000e-02	8.388048e-05
1.002000e-02	8.401070e-05
1.003000e-02	8.414091e-05
1.004000e-02	8.427112e-05
1.005000e-02	8.440134e-05
1.006000e-02	8.453155e-05
1.007000e-02	8.466176e-05
1.008000e-02	8.479198e-05
1.009000e-02	8.492219e-05
1.010000e-02	8.505241e-05
1.011000e-02	8.518262e-05
1.012000e-02	8.531283e-05
1.013000e-02	8.544305e-05
1.014000e-02	8.557326e-05
1.015000e-02	8.570347e-05
1.016000e-02	8.583369e-05
1.017000e-02	8.596390e-05
1.018000e-02	8.609411e-05
1.019000e-02	8.622433e-05
1.020000e-02	8.635454e-05
1.021000e-02	8.648475e-05
1.022000e-02	8.661497e-05
1.023000e-02	8.674518e-05
1.024000e-02	8.687540e-05
1.025000e-02	8.700561e-05
1.026000e-02	8.713582e-05
1.027000e-02	8.726604e-05
1.028000e-02	8.739625e-05
1.029000e-02	8.752646e-05
1.030000e-02	8.765668e-05
1.031000e-02	8.778689e-05
1.032000e-02	8.791710e-05
1.033000e-02	8.804732e-05
1.034000e-02	8.817753e-05
1.035000e-02	8.830775e-05
1.036000e-02	8.843796e-05
1.037000e-02	8.856817e-05
1.038000e-02	8.869839e-05
1.039000e-02	8.882860e-05
1.040000e-02	8.895881e-05
1.041000e-02	8.908903e-05
1.042000e-02	8.921924e-05
1.043000e-02	8.934945e-05
1.044000e-02	8.947967e-05
1.045000e-02	8.960988e-05
1.046000e-02	8.974010e-05
1.047000e-02	8.987031e-05
1.048000e-02	9.000052e-05
1.049000e-02	9.013074e-05
1.050000e-02	9.026095e-05
1.051000e-02	9.039116e-05
1.052000e-02	9.052138e-05
1.053000e-02	9.065159e-05
1.054000e-02	9.078180e-05
1.055000e-02	9.091202e-05
1.056000e-02	9.104223e-05
1.057000e-02	9.117244e-05
1.058000e-02	9.130266e-05
1.059000e-02	9.143287e-05
1.060000e-02	9.156309e-05
1.061000e-02	9.169330e-05
1.062000e-02	9.182351e-05
1.063000e-02	9.195373e-05
1.064000e-02	9.208394e-05
1.065000e-02	9.221415e-05
1.066000e-02	9.234437e-05
1.067000e-02	9.247458e-05
1.068000e-02	9.260479e-05
1.069000e-02	9.273501e-05
1.070000e-02	9.286522e-05
1.071000e-02	9.299544e-05
1.072000e-02	9.312565e-05
1.073000e-02	9.325586e-05
1.074000e-02	9.338608e-05
1.075000e-02	9.351629e-05
1.076000e-02	9.364650e-05
1.077000e-02	9.377672e-05
1.078000e-02	9.390693e-05
1.079000e-02	9.403714e-05
1.080000e-02	9.416736e-05
1.081000e-02	9.429757e-05
1.082000e-02	9.442778e-05
1.083000e-02	9.455800e-05
1.084000e-02	9.468821e-05
1.085000e-02	9.481843e-05
1.086000e-02	9.494864e-05
1.087000e-02	9.507885e-05
1.088000e-02	9.520907e-05
1.089000e-02	9.533928e-05
1.090000e-02	9.546949e-05
1.091000e-02	9.559971e-05
1.092000e-02	9.572992e-05
1.093000e-02	9.586013e-05
1.094000e-02	9.599035e-05
1.095000e-02	9.612056e-05
1.096000e-02	9.625078e-05
1.097000e-02	9.638099e-05
1.098000e-02	9.651120e-05
1.099000e-02	9.664142e-05
1.100000e-02	9.677163e-05
1.101000e-02	9.690184e-05
1.102000e-02	9.703206e-05
1.103000e-02	9.716227e-05
1.104000e-02	9.729248e-05
1.105000e-02	9.742270e-05
1.106000e-02	9.755291e-05
1.107000e-02	9.768313e-05
1.108000e-02	9.781334e-05
1.109000e-02	9.794355e-05
1.110000e-02	9.807377e-05
1.111000e-02	9.820398e-05
1.112000e-02	9.833419e-05
1.113000e-02	9.846441e-05
1.114000e-02	9.859462e-05
1.115000e-02	9.872483e-05
1.116000e-02	9.885505e-05
1.117000e-02	9.898526e-05
1.118000e-02	9.911547e-05
1.119000e-02	9.924569e-05
1.120000e-02	9.937590e-05
1.121000e-02	9.950612e-05
1.122000e-02	9.963633e-05
1.123000e-02	9.976654e-05
1.124000e-02	9.989676e-05
1.125000e-02	1.000270e-04
1.126000e-02	1.001572e-04
1.127000e-02	1.002874e-04
1.128000e-02	1.004176e-04
1.129000e-02	1.005478e-04
1.130000e-02	1.006780e-04
1.131000e-02	1.008083e-04
1.132000e-02	1.009385e-04
1.133000e-02	1.010687e-04
1.134000e-02	1.011989e-04
1.135000e-02	1.013291e-04
1.136000e-02	1.014593e-04
1.137000e-02	1.015895e-04
1.138000e-02	1.017197e-04
1.139000e-02	1.018500e-04
1.140000e-02	1.019802e-04
1.141000e-02	1.021104e-04
1.142000e-02	1.022406e-04
1.143000e-02	1.023708e-04
1.144000e-02	1.025010e-04
1.145000e-02	1.026312e-04
1.146000e-02	1.027615e-04
1.147000e-02	1.028917e-04
1.148000e-02	1.030219e-04
1.149000e-02	1.031521e-04
1.150000e-02	1.032823e-04
1.151000e-02	1.034125e-04
1.152000e-02	1.035427e-04
1.153000e-02	1.036730e-04
1.154000e-02	1.038032e-04
1.155000e-02	1.039334e-04
1.156000e-02	1.040636e-04
1.157000e-02	1.041938e-04
1.158000e-02	1.043240e-04
1.159000e-02	1.044542e-04
1.160000e-02	1.045844e-04
1.161000e-02	1.047147e-04
1.162000e-02	1.048449e-04
1.163000e-02	1.049751e-04
1.164000e-02	1.051053e-04
1.165000e-02	1.052355e-04
1.166000e-02	1.053657e-04
1.167000e-02	1.054959e-04
1.168000e-02	1.056262e-04
1.169000e-02	1.057564e-04
1.170000e-02	1.058866e-04
1.171000e-02	1.060168e-04
1.172000e-02	1.061470e-04
1.173000e-02	1.062772e-04
1.174000e-02	1.064074e-04
1.175000e-02	1.065377e-04
1.176000e-02	1.066679e-04
1.177000e-02	1.067981e-04
1.178000e-02	1.069283e-04
1.179000e-02	1.070585e-04
1.180000e-02	1.071887e-04
1.181000e-02	1.073189e-04
1.182000e-02	1.074491e-04
1.183000e-02	1.075794e-04
1.184000e-02	1.077096e-04
1.185000e-02	1.078398e-04
1.186000e-02	1.079700e-04
1.187000e-02	1.081002e-04
1.188000e-02	1.082304e-04
1.189000e-02	1.083606e-04
1.190000e-02	1.084909e-04
1.191000e-02	1.086211e-04
1.192000e-02	1.087513e-04
1.193000e-02	1.088815e-04
1.194000e-02	1.090117e-04
1.195000e-02	1.091419e-04
1.196000e-02	1.092721e-04
1.197000e-02	1.094023e-04
1.198000e-02	1.095326e-04
1.199000e-02	1.096628e-04
1.200000e-02	1.097930e-04
1.201000e-02	1.099232e-04
1.202000e-02	1.100534e-04
1.203000e-02	1.101836e-04
1.204000e-02	1.103138e-04
1.205000e-02	1.104441e-04
1.206000e-02	1.105743e-04
1.207000e-02	1.107045e-04
1.208000e-02	1.108347e-04
1.209000e-02	1.109649e-04
1.210000e-02	1.110951e-04
1.211000e-02	1.112253e-04
1.212000e-02	1.113556e-04
1.213000e-02	1.114858e-04
1.214000e-02	1.116160e-04
1.215000e-02	1.117462e-04
1.216000e-02	1.118764e-04
1.217000e-02	1.120066e-04
1.218000e-02	1.121368e-04
1.219000e-02	1.122670e-04
1.220000e-02	1.123973e-04
1.221000e-02	1.125275e-04
1.222000e-02	1.126577e-04
1.223000e-02	1.127879e-04
1.224000e-02	1.129181e-04
1.225000e-02	1.130483e-04
1.226000e-02	1.131785e-04
1.227000e-02	1.133088e-04
1.228000e-02	1.134390e-04
1.229000e-02	1.135692e-04
1.230000e-02	1.136994e-04
1.231000e-02	1.138296e-04
1.232000e-02	1.139598e-04
1.233000e-02	1.140900e-04
1.234000e-02	1.142203e-04
1.235000e-02	1.143505e-04
1.236000e-02	1.144807e-04
1.237000e-02	1.146109e-04
1.238000e-02	1.147411e-04
1.239000e-02	1.148713e-04
1.240000e-02	1.150015e-04
1.241000e-02	1.151317e-04
1.242000e-02	1.152620e-04
1.243000e-02	1.153922e-04
1.244000e-02	1.155224e-04
1.245000e-02	1.156526e-04
1.246000e-02	1.157828e-04
1.247000e-02	1.159130e-04
1.248000e-02	1.160432e-04
1.249000e-02	1.161735e-04
1.250000e-02	1.163037e-04
1.251000e-02	1.164339e-04
1.252000e-02	1.165641e-04
1.253000e-02	1.166943e-04
1.254000e-02	1.168245e-04
1.255000e-02	1.169547e-04
1.256000e-02	1.170850e-04
1.257000e-02	1.172152e-04
1.258000e-02	1.173454e-04
1.259000e-02	1.174756e-04
1.260000e-02	1.176058e-04
1.261000e-02	1.177360e-04
1.262000e-02	1.178662e-04
1.263000e-02	1.179964e-04
1.264000e-02	1.181267e-04
1.265000e-02	1.182569e-04
1.266000e-02	1.183871e-04
1.267000e-02	1.185173e-04
1.268000e-02	1.186475e-04
1.269000e-02	1.187777e-04
1.270000e-02	1.189079e-04
1.271000e-02	1.190382e-04
1.272000e-02	1.191684e-04
1.273000e-02	1.192986e-04
1.274000e-02	1.194288e-04
1.275000e-02	1.195590e-04
1.276000e-02	1.196892e-04
1.277000e-02	1.198194e-04
1.278000e-02	1.199497e-04
1.279000e-02	1.200799e-04
1.280000e-02	1.202101e-04
1.281000e-02	1.203403e-04
1.282000e-02	1.204705e-04
1.283000e-02	1.206007e-04
1.284000e-02	1.207309e-04
1.285000e-02	1.208611e-04
1.286000e-02	1.209914e-04
1.287000e-02	1.211216e-04
1.288000e-02	1.212518e-04
1.289000e-02	1.213820e-04
1.290000e-02	1.215122e-04
1.291000e-02	1.216424e-04
1.292000e-02	1.217726e-04
1.293000e-02	1.219029e-04
1.294000e-02	1.220331e-04
1.295000e-02	1.221633e-04
1.296000e-02	1.222935e-04
1.297000e-02	1.224237e-04
1.298000e-02	1.225539e-04
1.299000e-02	1.226841e-04
1.300000e-02	1.228144e-04
1.301000e-02	1.229446e-04
1.302000e-02	1.230748e-04
1.303000e-02	1.232050e-04
1.304000e-02	1.233352e-04
1.305000e-02	1.234654e-04
1.306000e-02	1.235956e-04
1.307000e-02	1.237258e-04
1.308000e-02	1.238561e-04
1.309000e-02	1.239863e-04
1.310000e-02	1.241165e-04
1.311000e-02	1.242467e-04
1.312000e-02	1.243769e-04
1.313000e-02	1.245071e-04
1.314000e-02	1.246373e-04
1.315000e-02	1.247676e-04
1.316000e-02	1.248978e-04
1.317000e-02	1.250280e-04
1.318000e-02	1.251582e-04
1.319000e-02	1.252884e-04
1.320000e-02	1.254186e-04
1.321000e-02	1.255488e-04
1.322000e-02	1.256791e-04
1.323000e-02	1.258093e-04
1.324000e-02	1.259395e-04
1.325000e-02	1.260697e-04
1.326000e-02	1.261999e-04
1.327000e-02	1.263301e-04
1.328000e-02	1.264603e-04
1.329000e-02	1.265905e-04
1.330000e-02	1.267208e-04
1.331000e-02	1.268510e-04
1.332000e-02	1.269812e-04
1.333000e-02	1.271114e-04
1.334000e-02	1.272416e-04
1.335000e-02	1.273718e-04
1.336000e-02	1.275020e-04
1.337000e-02	1.276323e-04
1.338000e-02	1.277625e-04
1.339000e-02	1.278927e-04
1.340000e-02	1.280229e-04
1.341000e-02	1.281531e-04
1.342000e-02	1.282833e-04
1.343000e-02	1.284135e-04
1.344000e-02	1.285438e-04
1.345000e-02	1.286740e-04
1.346000e-02	1.288042e-04
1.347000e-02	1.289344e-04
1.348000e-02	1.290646e-04
1.349000e-02	1.291948e-04
1.350000e-02	1.293250e-04
1.351000e-02	1.294552e-04
1.352000e-02	1.295855e-04
1.353000e-02	1.297157e-04
1.354000e-02	1.298459e-04
1.355000e-02	1.299761e-04
1.356000e-02	1.301063e-04
1.357000e-02	1.302365e-04
1.358000e-02	1.303667e-04
1.359000e-02	1.304970e-04
1.360000e-02	1.306272e-04
1.361000e-02	1.307574e-04
1.362000e-02	1.308876e-04
1.363000e-02	1.310178e-04
1.364000e-02	1.311480e-04
1.365000e-02	1.312782e-04
1.366000e-02	1.314084e-04
1.367000e-02	1.315387e-04
1.368000e-02	1.316689e-04
1.369000e-02	1.317991e-04
1.370000e-02	1.319293e-04
1.371000e-02	1.320595e-04
1.372000e-02	1.321897e-04
1.373000e-02	1.323199e-04
1.374000e-02	1.324502e-04
1.375000e-02	1.325804e-04
1.376000e-02	1.327106e-04
1.377000e-02	1.328408e-04
1.378000e-02	1.329710e-04
1.379000e-02	1.331012e-04
1.380000e-02	1.332314e-04
1.381000e-02	1.333617e-04
1.382000e-02	1.334919e-04
1.383000e-02	1.336221e-04
1.384000e-02	1.337523e-04
1.385000e-02	1.338825e-04
1.386000e-02	1.340127e-04
1.387000e-02	1.341429e-04
1.388000e-02	1.342731e-04
1.389000e-02	1.344034e-04
1.390000e-02	1.345336e-04
1.391000e-02	1.346638e-04
1.392000e-02	1.347940e-04
1.393000e-02	1.349242e-04
1.394000e-02	1.350544e-04
1.395000e-02	1.351846e-04
1.396000e-02	1.353149e-04
1.397000e-02	1.354451e-04
1.398000e-02	1.355753e-04
1.399000e-02	1.357055e-04
1.400000e-02	1.358357e-04
1.401000e-02	1.359659e-04
1.402000e-02	1.360961e-04
1.403000e-02	1.362264e-04
1.404000e-02	1.363566e-04
1.405000e-02	1.364868e-04
1.406000e-02	1.366170e-04
1.407000e-02	1.367472e-04
1.408000e-02	1.368774e-04
1.409000e-02	1.370076e-04
1.410000e-02	1.371378e-04
1.411000e-02	1.372681e-04
1.412000e-02	1.373983e-04
1.413000e-02	1.375285e-04
1.414000e-02	1.376587e-04
1.415000e-02	1.377889e-04
1.416000e-02	1.379191e-04
1.417000e-02	1.380493e-04
1.418000e-02	1.381796e-04
1.419000e-02	1.383098e-04
1.420000e-02	1.384400e-04
1.421000e-02	1.385702e-04
1.422000e-02	1.387004e-04
1.423000e-02	1.388306e-04
1.424000e-02	1.389608e-04
1.425000e-02	1.390911e-04
1.426000e-02	1.392213e-04
1.427000e-02	1.393515e-04
1.428000e-02	1.394817e-04
1.429000e-02	1.396119e-04
1.430000e-02	1.397421e-04
1.431000e-02	1.398723e-04
1.432000e-02	1.400025e-04
1.433000e-02	1.401328e-04
1.434000e-02	1.402630e-04
1.435000e-02	1.403932e-04
1.436000e-02	1.405234e-04
1.437000e-02	1.406536e-04
1.438000e-02	1.407838e-04
1.439000e-02	1.409140e-04
1.440000e-02	1.410443e-04
1.441000e-02	1.411745e-04
1.442000e-02	1.413047e-04
1.443000e-02	1.414349e-04
1.444000e-02	1.415651e-04
1.445000e-02	1.416953e-04
1.446000e-02	1.418255e-04
1.447000e-02	1.419558e-04
1.448000e-02	1.420860e-04
1.449000e-02	1.422162e-04
1.450000e-02	1.423464e-04
1.451000e-02	1.424766e-04
1.452000e-02	1.426068e-04
1.453000e-02	1.427370e-04
1.454000e-02	1.428672e-04
1.455000e-02	1.429975e-04
1.456000e-02	1.431277e-04
1.457000e-02	1.432579e-04
1.458000e-02	1.433881e-04
1.459000e-02	1.435183e-04
1.460000e-02	1.436485e-04
1.461000e-02	1.437787e-04
1.462000e-02	1.439090e-04
1.463000e-02	1.440392e-04
1.464000e-02	1.441694e-04
1.465000e-02	1.442996e-04
1.466000e-02	1.444298e-04
1.467000e-02	1.445600e-04
1.468000e-02	1.446902e-04
1.469000e-02	1.448205e-04
1.470000e-02	1.449507e-04
1.471000e-02	1.450809e-04
1.472000e-02	1.452111e-04
1.473000e-02	1.453413e-04
1.474000e-02	1.454715e-04
1.475000e-02	1.456017e-04
1.476000e-02	1.457319e-04
1.477000e-02	1.458622e-04
1.478000e-02	1.459924e-04
1.479000e-02	1.461226e-04
1.480000e-02	1.462528e-04
1.481000e-02	1.463830e-04
1.482000e-02	1.465132e-04
1.483000e-02	1.466434e-04
1.484000e-02	1.467737e-04
1.485000e-02	1.469039e-04
1.486000e-02	1.470341e-04
1.487000e-02	1.471643e-04
1.488000e-02	1.472945e-04
1.489000e-02	1.474247e-04
1.490000e-02	1.475549e-04
1.491000e-02	1.476852e-04
1.492000e-02	1.478154e-04
1.493000e-02	1.479456e-04
1.494000e-02	1.480758e-04
1.495000e-02	1.482060e-04
1.496000e-02	1.483362e-04
1.497000e-02	1.484664e-04
1.498000e-02	1.485966e-04
1.499000e-02	1.487269e-04
1.500000e-02	1.488571e-04
1.501000e-02	1.489873e-04
1.502000e-02	1.491175e-04
1.503000e-02	1.492477e-04
1.504000e-02	1.493779e-04
1.505000e-02	1.495081e-04
1.506000e-02	1.496384e-04
1.507000e-02	1.497686e-04
1.508000e-02	1.498988e-04
1.509000e-02	1.500290e-04
1.510000e-02	1.501592e-04
1.511000e-02	1.502894e-04
1.512000e-02	1.504196e-04
1.513000e-02	1.505499e-04
1.514000e-02	1.506801e-04
1.515000e-02	1.508103e-04
1.516000e-02	1.509405e-04
1.517000e-02	1.510707e-04
1.518000e-02	1.512009e-04
1.519000e-02	1.513311e-04
1.520000e-02	1.514613e-04
1.521000e-02	1.515916e-04
1.522000e-02	1.517218e-04
1.523000e-02	1.518520e-04
1.524000e-02	1.519822e-04
1.525000e-02	1.521124e-04
1.526000e-02	1.522426e-04
1.527000e-02	1.523728e-04
1.528000e-02	1.525031e-04
1.529000e-02	1.526333e-04
1.530000e-02	1.527635e-04
1.531000e-02	1.528937e-04
1.532000e-02	1.530239e-04
1.533000e-02	1.531541e-04
1.534000e-02	1.532843e-04
1.535000e-02	1.534145e-04
1.536000e-02	1.535448e-04
1.537000e-02	1.536750e-04
1.538000e-02	1.538052e-04
1.539000e-02	1.539354e-04
1.540000e-02	1.540656e-04
1.541000e-02	1.541958e-04
1.542000e-02	1.543260e-04
1.543000e-02	1.544563e-04
1.544000e-02	1.545865e-04
1.545000e-02	1.547167e-04
1.546000e-02	1.548469e-04
1.547000e-02	1.549771e-04
1.548000e-02	1.551073e-04
1.549000e-02	1.552375e-04
1.550000e-02	1.553678e-04
1.551000e-02	1.554980e-04
1.552000e-02	1.556282e-04
1.553000e-02	1.557584e-04
1.554000e-02	1.558886e-04
1.555000e-02	1.560188e-04
1.556000e-02	1.561490e-04
1.557000e-02	1.562792e-04
1.558000e-02	1.564095e-04
1.559000e-02	1.565397e-04
1.560000e-02	1.566699e-04
1.561000e-02	1.568001e-04
1.562000e-02	1.569303e-04
1.563000e-02	1.570605e-04
1.564000e-02	1.571907e-04
1.565000e-02	1.573210e-04
1.566000e-02	1.574512e-04
1.567000e-02	1.575814e-04
1.568000e-02	1.577116e-04
1.569000e-02	1.578418e-04
1.570000e-02	1.579720e-04
1.571000e-02	1.581022e-04
1.572000e-02	1.582325e-04
1.573000e-02	1.583627e-04
1.574000e-02	1.584929e-04
1.575000e-02	1.586231e-04
1.576000e-02	1.587533e-04
1.577000e-02	1.588835e-04
1.578000e-02	1.590137e-04
1.579000e-02	1.591439e-04
1.580000e-02	1.592742e-04
1.581000e-02	1.594044e-04
1.582000e-02	1.595346e-04
1.583000e-02	1.596648e-04
1.584000e-02	1.597950e-04
1.585000e-02	1.599252e-04
1.586000e-02	1.600554e-04
1.587000e-02	1.601857e-04
1.588000e-02	1.603159e-04
1.589000e-02	1.604461e-04
1.590000e-02	1.605763e-04
1.591000e-02	1.607065e-04
1.592000e-02	1.608367e-04
1.593000e-02	1.609669e-04
1.594000e-02	1.610972e-04
1.595000e-02	1.612274e-04
1.596000e-02	1.613576e-04
1.597000e-02	1.614878e-04
1.598000e-02	1.616180e-04
1.599000e-02	1.617482e-04
1.600000e-02	1.618784e-04
1.601000e-02	1.620086e-04
1.602000e-02	1.621389e-04
1.603000e-02	1.622691e-04
1.604000e-02	1.623993e-04
1.605000e-02	1.625295e-04
1.606000e-02	1.626597e-04
1.607000e-02	1.627899e-04
1.608000e-02	1.629201e-04
1.609000e-02	1.630504e-04
1.610000e-02	1.631806e-04
1.611000e-02	1.633108e-04
1.612000e-02	1.634410e-04
1.613000e-02	1.635712e-04
1.614000e-02	1.637014e-04
1.615000e-02	1.638316e-04
1.616000e-02	1.639619e-04
1.617000e-02	1.640921e-04
1.618000e-02	1.642223e-04
1.619000e-02	1.643525e-04
1.620000e-02	1.644827e-04
1.621000e-02	1.646129e-04
1.622000e-02	1.647431e-04
1.623000e-02	1.648733e-04
1.624000e-02	1.650036e-04
1.625000e-02	1.651338e-04
1.626000e-02	1.652640e-04
1.627000e-02	1.653942e-04
1.628000e-02	1.655244e-04
1.629000e-02	1.656546e-04
1.630000e-02	1.657848e-04
1.631000e-02	1.659151e-04
1.632000e-02	1.660453e-04
1.633000e-02	1.661755e-04
1.634000e-02	1.663057e-04
1.635000e-02	1.664359e-04
1.636000e-02	1.665661e-04
1.637000e-02	1.666963e-04
1.638000e-02	1.668266e-04
1.639000e-02	1.669568e-04
1.640000e-02	1.670870e-04
1.641000e-02	1.672172e-04
1.642000e-02	1.673474e-04
1.643000e-02	1.674776e-04
1.644000e-02	1.676078e-04
1.645000e-02	1.677380e-04
1.646000e-02	1.678683e-04
1.647000e-02	1.679985e-04
1.648000e-02	1.681287e-04
1.649000e-02	1.682589e-04
1.650000e-02	1.683891e-04
1.651000e-02	1.685193e-04
1.652000e-02	1.686495e-04
1.653000e-02	1.687798e-04
1.654000e-02	1.689100e-04
1.655000e-02	1.690402e-04
1.656000e-02	1.691704e-04
1.657000e-02	1.693006e-04
1.658000e-02	1.694308e-04
1.659000e-02	1.695610e-04
1.660000e-02	1.696913e-04
1.661000e-02	1.698215e-04
1.662000e-02	1.699517e-04
1.663000e-02	1.700819e-04
1.664000e-02	1.702121e-04
1.665000e-02	1.703423e-04
1.666000e-02	1.704725e-04
1.667000e-02	1.706027e-04
1.668000e-02	1.707330e-04
1.669000e-02	1.708632e-04
1.670000e-02	1.709934e-04
1.671000e-02	1.711236e-04
1.672000e-02	1.712538e-04
1.673000e-02	1.713840e-04
1.674000e-02	1.715142e-04
1.675000e-02	1.716445e-04
1.676000e-02	1.717747e-04
1.677000e-02	1.719049e-04
1.678000e-02	1.720351e-04
1.679000e-02	1.721653e-04
1.680000e-02	1.722955e-04
1.681000e-02	1.724257e-04
1.682000e-02	1.725560e-04
1.683000e-02	1.726862e-04
1.684000e-02	1.728164e-04
1.685000e-02	1.729466e-04
1.686000e-02	1.730768e-04
1.687000e-02	1.732070e-04
1.688000e-02	1.733372e-04
1.689000e-02	1.734674e-04
1.690000e-02	1.735977e-04
1.691000e-02	1.737279e-04
1.692000e-02	1.738581e-04
1.693000e-02	1.739883e-04
1.694000e-02	1.741185e-04
1.695000e-02	1.742487e-04
1.696000e-02	1.743789e-04
1.697000e-02	1.745092e-04
1.698000e-02	1.746394e-04
1.699000e-02	1.747696e-04
1.700000e-02	1.748998e-04
1.701000e-02	1.750300e-04
1.702000e-02	1.751602e-04
1.703000e-02	1.752904e-04
1.704000e-02	1.754206e-04
1.705000e-02	1.755509e-04
1.706000e-02	1.756811e-04
1.707000e-02	1.758113e-04
1.708000e-02	1.759415e-04
1.709000e-02	1.760717e-04
1.710000e-02	1.762019e-04
1.711000e-02	1.763321e-04
1.712000e-02	1.764624e-04
1.713000e-02	1.765926e-04
1.714000e-02	1.767228e-04
1.715000e-02	1.768530e-04
1.716000e-02	1.769832e-04
1.717000e-02	1.771134e-04
1.718000e-02	1.772436e-04
1.719000e-02	1.773739e-04
1.720000e-02	1.775041e-04
1.721000e-02	1.776343e-04
1.722000e-02	1.777645e-04
1.723000e-02	1.778947e-04
1.724000e-02	1.780249e-04
1.725000e-02	1.781551e-04
1.726000e-02	1.782853e-04
1.727000e-02	1.784156e-04
1.728000e-02	1.785458e-04
1.729000e-02	1.786760e-04
1.730000e-02	1.788062e-04
1.731000e-02	1.789364e-04
1.732000e-02	1.790666e-04
1.733000e-02	1.791968e-04
1.734000e-02	1.793271e-04
1.735000e-02	1.794573e-04
1.736000e-02	1.795875e-04
1.737000e-02	1.797177e-04
1.738000e-02	1.798479e-04
1.739000e-02	1.799781e-04
1.740000e-02	1.801083e-04
1.741000e-02	1.802386e-04
1.742000e-02	1.803688e-04
1.743000e-02	1.804990e-04
1.744000e-02	1.806292e-04
1.745000e-02	1.807594e-04
1.746000e-02	1.808896e-04
1.747000e-02	1.810198e-04
1.748000e-02	1.811500e-04
1.749000e-02	1.812803e-04
1.750000e-02	1.814105e-04
1.751000e-02	1.815407e-04
1.752000e-02	1.816709e-04
1.753000e-02	1.818011e-04
1.754000e-02	1.819313e-04
1.755000e-02	1.820615e-04
1.756000e-02	1.821918e-04
1.757000e-02	1.823220e-04
1.758000e-02	1.824522e-04
1.759000e-02	1.825824e-04
1.760000e-02	1.827126e-04
1.761000e-02	1.828428e-04
1.762000e-02	1.829730e-04
1.763000e-02	1.831033e-04
1.764000e-02	1.832335e-04
1.765000e-02	1.833637e-04
1.766000e-02	1.834939e-04
1.767000e-02	1.836241e-04
1.768000e-02	1.837543e-04
1.769000e-02	1.838845e-04
1.770000e-02	1.840147e-04
1.771000e-02	1.841450e-04
1.772000e-02	1.842752e-04
1.773000e-02	1.844054e-04
1.774000e-02	1.845356e-04
1.775000e-02	1.846658e-04
1.776000e-02	1.847960e-04
1.777000e-02	1.849262e-04
1.778000e-02	1.850565e-04
1.779000e-02	1.851867e-04
1.780000e-02	1.853169e-04
1.781000e-02	1.854471e-04
1.782000e-02	1.855773e-04
1.783000e-02	1.857075e-04
1.784000e-02	1.858377e-04
1.785000e-02	1.859680e-04
1.786000e-02	1.860982e-04
1.787000e-02	1.862284e-04
1.788000e-02	1.863586e-04
1.789000e-02	1.864888e-04
1.790000e-02	1.866190e-04
1.791000e-02	1.867492e-04
1.792000e-02	1.868794e-04
1.793000e-02	1.870097e-04
1.794000e-02	1.871399e-04
1.795000e-02	1.872701e-04
1.796000e-02	1.874003e-04
1.797000e-02	1.875305e-04
1.798000e-02	1.876607e-04
1.799000e-02	1.877909e-04
1.800000e-02	1.879212e-04
1.801000e-02	1.880514e-04
1.802000e-02	1.881816e-04
1.803000e-02	1.883118e-04
1.804000e-02	1.884420e-04
1.805000e-02	1.885722e-04
1.806000e-02	1.887024e-04
1.807000e-02	1.888327e-04
1.808000e-02	1.889629e-04
1.809000e-02	1.890931e-04
1.810000e-02	1.892233e-04
1.811000e-02	1.893535e-04
1.812000e-02	1.894837e-04
1.813000e-02	1.896139e-04
1.814000e-02	1.897441e-04
1.815000e-02	1.898744e-04
1.816000e-02	1.900046e-04
1.817000e-02	1.901348e-04
1.818000e-02	1.902650e-04
1.819000e-02	1.903952e-04
1.820000e-02	1.905254e-04
1.821000e-02	1.906556e-04
1.822000e-02	1.907859e-04
1.823000e-02	1.909161e-04
1.824000e-02	1.910463e-04
1.825000e-02	1.911765e-04
1.826000e-02	1.913067e-04
1.827000e-02	1.914369e-04
1.828000e-02	1.915671e-04
1.829000e-02	1.916974e-04
1.830000e-02	1.918276e-04
1.831000e-02	1.919578e-04
1.832000e-02	1.920880e-04
1.833000e-02	1.922182e-04
1.834000e-02	1.923484e-04
1.835000e-02	1.924786e-04
1.836000e-02	1.926088e-04
1.837000e-02	1.927391e-04
1.838000e-02	1.928693e-04
1.839000e-02	1.929995e-04
1.840000e-02	1.931297e-04
1.841000e-02	1.932599e-04
1.842000e-02	1.933901e-04
1.843000e-02	1.935203e-04
1.844000e-02	1.936506e-04
1.845000e-02	1.937808e-04
1.846000e-02	1.939110e-04
1.847000e-02	1.940412e-04
1.848000e-02	1.941714e-04
1.849000e-02	1.943016e-04
1.850000e-02	1.944318e-04
1.851000e-02	1.945621e-04
1.852000e-02	1.946923e-04
1.853000e-02	1.948225e-04
1.854000e-02	1.949527e-04
1.855000e-02	1.950829e-04
1.856000e-02	1.952131e-04
1.857000e-02	1.953433e-04
1.858000e-02	1.954735e-04
1.859000e-02	1.956038e-04
1.860000e-02	1.957340e-04
1.861000e-02	1.958642e-04
1.862000e-02	1.959944e-04
1.863000e-02	1.961246e-04
1.864000e-02	1.962548e-04
1.865000e-02	1.963850e-04
1.866000e-02	1.965153e-04
1.867000e-02	1.966455e-04
1.868000e-02	1.967757e-04
1.869000e-02	1.969059e-04
1.870000e-02	1.970361e-04
1.871000e-02	1.971663e-04
1.872000e-02	1.972965e-04
1.873000e-02	1.974267e-04
1.874000e-02	1.975570e-04
1.875000e-02	1.976872e-04
1.876000e-02	1.978174e-04
1.877000e-02	1.979476e-04
1.878000e-02	1.980778e-04
1.879000e-02	1.982080e-04
1.880000e-02	1.983382e-04
1.881000e-02	1.984685e-04
1.882000e-02	1.985987e-04
1.883000e-02	1.987289e-04
1.884000e-02	1.988591e-04
1.885000e-02	1.989893e-04
1.886000e-02	1.991195e-04
1.887000e-02	1.992497e-04
1.888000e-02	1.993800e-04
1.889000e-02	1.995102e-04
1.890000e-02	1.996404e-04
1.891000e-02	1.997706e-04
1.892000e-02	1.999008e-04
1.893000e-02	2.000310e-04
1.894000e-02	2.001612e-04
1.895000e-02	2.002914e-04
1.896000e-02	2.004217e-04
1.897000e-02	2.005519e-04
1.898000e-02	2.006821e-04
1.899000e-02	2.008123e-04
1.900000e-02	2.009425e-04
1.901000e-02	2.010727e-04
1.902000e-02	2.012029e-04
1.903000e-02	2.013332e-04
1.904000e-02	2.014634e-04
1.905000e-02	2.015936e-04
1.906000e-02	2.017238e-04
1.907000e-02	2.018540e-04
1.908000e-02	2.019842e-04
1.909000e-02	2.021144e-04
1.910000e-02	2.022447e-04
1.911000e-02	2.023749e-04
1.912000e-02	2.025051e-04
1.913000e-02	2.026353e-04
1.914000e-02	2.027655e-04
1.915000e-02	2.028957e-04
1.916000e-02	2.030259e-04
1.917000e-02	2.031561e-04
1.918000e-02	2.032864e-04
1.919000e-02	2.034166e-04
1.920000e-02	2.035468e-04
1.921000e-02	2.036770e-04
1.922000e-02	2.038072e-04
1.923000e-02	2.039374e-04
1.924000e-02	2.040676e-04
1.925000e-02	2.041979e-04
1.926000e-02	2.043281e-04
1.927000e-02	2.044583e-04
1.928000e-02	2.045885e-04
1.929000e-02	2.047187e-04
1.930000e-02	2.048489e-04
1.931000e-02	2.049791e-04
1.932000e-02	2.051094e-04
1.933000e-02	2.052396e-04
1.934000e-02	2.053698e-04
1.935000e-02	2.055000e-04
1.936000e-02	2.056302e-04
1.937000e-02	2.057604e-04
1.938000e-02	2.058906e-04
1.939000e-02	2.060208e-04
1.940000e-02	2.061511e-04
1.941000e-02	2.062813e-04
1.942000e-02	2.064115e-04
1.943000e-02	2.065417e-04
1.944000e-02	2.066719e-04
1.945000e-02	2.068021e-04
1.946000e-02	2.069323e-04
1.947000e-02	2.070626e-04
1.948000e-02	2.071928e-04
1.949000e-02	2.073230e-04
1.950000e-02	2.074532e-04
1.951000e-02	2.075834e-04
1.952000e-02	2.077136e-04
1.953000e-02	2.078438e-04
1.954000e-02	2.079741e-04
1.955000e-02	2.081043e-04
1.956000e-02	2.082345e-04
1.957000e-02	2.083647e-04
1.958000e-02	2.084949e-04
1.959000e-02	2.086251e-04
1.960000e-02	2.087553e-04
1.961000e-02	2.088855e-04
1.962000e-02	2.090158e-04
1.963000e-02	2.091460e-04
1.964000e-02	2.092762e-04
1.965000e-02	2.094064e-04
1.966000e-02	2.095366e-04
1.967000e-02	2.096668e-04
1.968000e-02	2.097970e-04
1.969000e-02	2.099273e-04
1.970000e-02	2.100575e-04
1.971000e-02	2.101877e-04
1.972000e-02	2.103179e-04
1.973000e-02	2.104481e-04
1.974000e-02	2.105783e-04
1.975000e-02	2.107085e-04
1.976000e-02	2.108388e-04
1.977000e-02	2.109690e-04
1.978000e-02	2.110992e-04
1.979000e-02	2.112294e-04
1.980000e-02	2.113596e-04
1.981000e-02	2.114898e-04
1.982000e-02	2.116200e-04
1.983000e-02	2.117502e-04
1.984000e-02	2.118805e-04
1.985000e-02	2.120107e-04
1.986000e-02	2.121409e-04
1.987000e-02	2.122711e-04
1.988000e-02	2.124013e-04
1.989000e-02	2.125315e-04
1.990000e-02	2.126617e-04
1.991000e-02	2.127920e-04
1.992000e-02	2.129222e-04
1.993000e-02	2.130524e-04
1.994000e-02	2.131826e-04
1.995000e-02	2.133128e-04
1.996000e-02	2.134430e-04
1.997000e-02	2.135732e-04
1.998000e-02	2.137035e-04
1.999000e-02	2.138337e-04
2.000000e-02	2.139639e-04
2.001000e-02	2.140941e-04
2.002000e-02	2.142243e-04
2.003000e-02	2.143545e-04
2.004000e-02	2.144847e-04
2.005000e-02	2.146149e-04
2.006000e-02	2.147452e-04
2.007000e-02	2.148754e-04
2.008000e-02	2.150056e-04
2.009000e-02	2.151358e-04
2.010000e-02	2.152660e-04
2.011000e-02	2.153962e-04
2.012000e-02	2.155264e-04
2.013000e-02	2.156567e-04
2.014000e-02	2.157869e-04
2.015000e-02	2.159171e-04
2.016000e-02	2.160473e-04
2.017000e-02	2.161775e-04
2.018000e-02	2.163077e-04
2.019000e-02	2.164379e-04
2.020000e-02	2.165682e-04
2.021000e-02	2.166984e-04
2.022000e-02	2.168286e-04
2.023000e-02	2.169588e-04
2.024000e-02	2.170890e-04
2.025000e-02	2.172192e-04
2.026000e-02	2.173494e-04
2.027000e-02	2.174796e-04
2.028000e-02	2.176099e-04
2.029000e-02	2.177401e-04
2.030000e-02	2.178703e-04
2.031000e-02	2.180005e-04
2.032000e-02	2.181307e-04
2.033000e-02	2.182609e-04
2.034000e-02	2.183911e-04
2.035000e-02	2.185214e-04
2.036000e-02	2.186516e-04
2.037000e-02	2.187818e-04
2.038000e-02	2.189120e-04
2.039000e-02	2.190422e-04
2.040000e-02	2.191724e-04
2.041000e-02	2.193026e-04
2.042000e-02	2.194328e-04
2.043000e-02	2.195631e-04
2.044000e-02	2.196933e-04
2.045000e-02	2.198235e-04
2.046000e-02	2.199537e-04
2.047000e-02	2.200839e-04
2.048000e-02	2.202141e-04
2.049000e-02	2.203443e-04
2.050000e-02	2.204746e-04
2.051000e-02	2.206048e-04
2.052000e-02	2.207350e-04
2.053000e-02	2.208652e-04
2.054000e-02	2.209954e-04
2.055000e-02	2.211256e-04
2.056000e-02	2.212558e-04
2.057000e-02	2.213861e-04
2.058000e-02	2.215163e-04
2.059000e-02	2.216465e-04
2.060000e-02	2.217767e-04
2.061000e-02	2.219069e-04
2.062000e-02	2.220371e-04
2.063000e-02	2.221673e-04
2.064000e-02	2.222975e-04
2.065000e-02	2.224278e-04
2.066000e-02	2.225580e-04
2.067000e-02	2.226882e-04
2.068000e-02	2.228184e-04
2.069000e-02	2.229486e-04
2.070000e-02	2.230788e-04
2.071000e-02	2.232090e-04
2.072000e-02	2.233393e-04
2.073000e-02	2.234695e-04
2.074000e-02	2.235997e-04
2.075000e-02	2.237299e-04
2.076000e-02	2.238601e-04
2.077000e-02	2.239903e-04
2.078000e-02	2.241205e-04
2.079000e-02	2.242508e-04
2.080000e-02	2.243810e-04
2.081000e-02	2.245112e-04
2.082000e-02	2.246414e-04
2.083000e-02	2.247716e-04
2.084000e-02	2.249018e-04
2.085000e-02	2.250320e-04
2.086000e-02	2.251622e-04
2.087000e-02	2.252925e-04
2.088000e-02	2.254227e-04
2.089000e-02	2.255529e-04
2.090000e-02	2.256831e-04
2.091000e-02	2.258133e-04
2.092000e-02	2.259435e-04
2.093000e-02	2.260737e-04
2.094000e-02	2.262040e-04
2.095000e-02	2.263342e-04
2.096000e-02	2.264644e-04
2.097000e-02	2.265946e-04
2.098000e-02	2.267248e-04
2.099000e-02	2.268550e-04
2.100000e-02	2.269852e-04
2.101000e-02	2.271280e-04
2.102000e-02	2.272708e-04
2.103000e-02	2.274136e-04
2.104000e-02	2.275563e-04
2.105000e-02	2.276991e-04
2.106000e-02	2.278419e-04
2.107000e-02	2.279847e-04
2.108000e-02	2.281275e-04
2.109000e-02	2.282702e-04
2.110000e-02	2.284130e-04
2.111000e-02	2.285558e-04
2.112000e-02	2.286986e-04
2.113000e-02	2.288413e-04
2.114000e-02	2.289841e-04
2.115000e-02	2.291269e-04
2.116000e-02	2.292697e-04
2.117000e-02	2.294124e-04
2.118000e-02	2.295552e-04
2.119000e-02	2.296980e-04
2.120000e-02	2.298408e-04
2.121000e-02	2.299835e-04
2.122000e-02	2.301263e-04
2.123000e-02	2.302691e-04
2.124000e-02	2.304119e-04
2.125000e-02	2.305547e-04
2.126000e-02	2.306974e-04
2.127000e-02	2.308402e-04
2.128000e-02	2.309830e-04
2.129000e-02	2.311258e-04
2.130000e-02	2.312685e-04
2.131000e-02	2.314113e-04
2.132000e-02	2.315541e-04
2.133000e-02	2.316969e-04
2.134000e-02	2.318396e-04
2.135000e-02	2.319824e-04
2.136000e-02	2.321252e-04
2.137000e-02	2.322680e-04
2.138000e-02	2.324107e-04
2.139000e-02	2.325535e-04
2.140000e-02	2.326963e-04
2.141000e-02	2.328391e-04
2.142000e-02	2.329819e-04
2.143000e-02	2.331246e-04
2.144000e-02	2.332674e-04
2.145000e-02	2.334102e-04
2.146000e-02	2.335530e-04
2.147000e-02	2.336957e-04
2.148000e-02	2.338385e-04
2.149000e-02	2.339813e-04
2.150000e-02	2.341241e-04
2.151000e-02	2.342668e-04
2.152000e-02	2.344096e-04
2.153000e-02	2.345524e-04
2.154000e-02	2.346952e-04
2.155000e-02	2.348379e-04
2.156000e-02	2.349807e-04
2.157000e-02	2.351235e-04
2.158000e-02	2.352663e-04
2.159000e-02	2.354091e-04
2.160000e-02	2.355518e-04
2.161000e-02	2.356946e-04
2.162000e-02	2.358374e-04
2.163000e-02	2.359802e-04
2.164000e-02	2.361229e-04
2.165000e-02	2.362657e-04
2.166000e-02	2.364085e-04
2.167000e-02	2.365513e-04
2.168000e-02	2.366940e-04
2.169000e-02	2.368368e-04
2.170000e-02	2.369796e-04
2.171000e-02	2.371224e-04
2.172000e-02	2.372651e-04
2.173000e-02	2.374079e-04
2.174000e-02	2.375507e-04
2.175000e-02	2.376935e-04
2.176000e-02	2.378363e-04
2.177000e-02	2.379790e-04
2.178000e-02	2.381218e-04
2.179000e-02	2.382646e-04
2.180000e-02	2.384074e-04
2.181000e-02	2.385501e-04
2.182000e-02	2.386929e-04
2.183000e-02	2.388357e-04
2.184000e-02	2.389785e-04
2.185000e-02	2.391212e-04
2.186000e-02	2.392640e-04
2.187000e-02	2.394068e-04
2.188000e-02	2.395496e-04
2.189000e-02	2.396923e-04
2.190000e-02	2.398351e-04
2.191000e-02	2.399779e-04
2.192000e-02	2.401207e-04
2.193000e-02	2.402635e-04
2.194000e-02	2.404062e-04
2.195000e-02	2.405490e-04
2.196000e-02	2.406918e-04
2.197000e-02	2.408346e-04
2.198000e-02	2.409773e-04
2.199000e-02	2.411201e-04
2.200000e-02	2.412629e-04
2.201000e-02	2.414061e-04
2.202000e-02	2.415494e-04
2.203000e-02	2.416926e-04
2.204000e-02	2.418359e-04
2.205000e-02	2.419792e-04
2.206000e-02	2.421224e-04
2.207000e-02	2.422657e-04
2.208000e-02	2.424089e-04
2.209000e-02	2.425522e-04
2.210000e-02	2.426954e-04
2.211000e-02	2.428387e-04
2.212000e-02	2.429819e-04
2.213000e-02	2.431252e-04
2.214000e-02	2.432684e-04
2.215000e-02	2.434117e-04
2.216000e-02	2.435550e-04
2.217000e-02	2.436982e-04
2.218000e-02	2.438415e-04
2.219000e-02	2.439847e-04
2.220000e-02	2.441280e-04
2.221000e-02	2.442712e-04
2.222000e-02	2.444145e-04
2.223000e-02	2.445577e-04
2.224000e-02	2.447010e-04
2.225000e-02	2.448442e-04
2.226000e-02	2.449875e-04
2.227000e-02	2.451308e-04
2.228000e-02	2.452740e-04
2.229000e-02	2.454173e-04
2.230000e-02	2.455605e-04
2.231000e-02	2.457038e-04
2.232000e-02	2.458470e-04
2.233000e-02	2.459903e-04
2.234000e-02	2.461335e-04
2.235000e-02	2.462768e-04
2.236000e-02	2.464200e-04
2.237000e-02	2.465633e-04
2.238000e-02	2.467066e-04
2.239000e-02	2.468498e-04
2.240000e-02	2.469931e-04
2.241000e-02	2.471363e-04
2.242000e-02	2.472796e-04
2.243000e-02	2.474228e-04
2.244000e-02	2.475661e-04
2.245000e-02	2.477093e-04
2.246000e-02	2.478526e-04
2.247000e-02	2.479958e-04
2.248000e-02	2.481391e-04
2.249000e-02	2.482824e-04
2.250000e-02	2.484256e-04
2.251000e-02	2.485689e-04
2.252000e-02	2.487121e-04
2.253000e-02	2.488554e-04
2.254000e-02	2.489986e-04
2.255000e-02	2.491419e-04
2.256000e-02	2.492851e-04
2.257000e-02	2.494284e-04
2.258000e-02	2.495716e-04
2.259000e-02	2.497149e-04
2.260000e-02	2.498581e-04
2.261000e-02	2.500014e-04
2.262000e-02	2.501447e-04
2.263000e-02	2.502879e-04
2.264000e-02	2.504312e-04
2.265000e-02	2.505744e-04
2.266000e-02	2.507177e-04
2.267000e-02	2.508609e-04
2.268000e-02	2.510042e-04
2.269000e-02	2.511474e-04
2.270000e-02	2.512907e-04
2.271000e-02	2.514339e-04
2.272000e-02	2.515772e-04
2.273000e-02	2.517205e-04
2.274000e-02	2.518637e-04
2.275000e-02	2.520070e-04
2.276000e-02	2.521502e-04
2.277000e-02	2.522935e-04
2.278000e-02	2.524367e-04
2.279000e-02	2.525800e-04
2.280000e-02	2.527232e-04
2.281000e-02	2.528665e-04
2.282000e-02	2.530097e-04
2.283000e-02	2.531530e-04
2.284000e-02	2.532963e-04
2.285000e-02	2.534395e-04
2.286000e-02	2.535828e-04
2.287000e-02	2.537260e-04
2.288000e-02	2.538693e-04
2.289000e-02	2.540125e-04
2.290000e-02	2.541558e-04
2.291000e-02	2.542990e-04
2.292000e-02	2.544423e-04
2.293000e-02	2.545855e-04
2.294000e-02	2.547288e-04
2.295000e-02	2.548721e-04
2.296000e-02	2.550153e-04
2.297000e-02	2.551586e-04
2.298000e-02	2.553018e-04
2.299000e-02	2.554451e-04
2.300000e-02	2.555883e-04
2.301000e-02	2.557320e-04
2.302000e-02	2.558756e-04
2.303000e-02	2.560193e-04
2.304000e-02	2.561629e-04
2.305000e-02	2.563066e-04
2.306000e-02	2.564503e-04
2.307000e-02	2.565939e-04
2.308000e-02	2.567376e-04
2.309000e-02	2.568812e-04
2.310000e-02	2.570249e-04
2.311000e-02	2.571685e-04
2.312000e-02	2.573122e-04
2.313000e-02	2.574559e-04
2.314000e-02	2.575995e-04
2.315000e-02	2.577432e-04
2.316000e-02	2.578868e-04
2.317000e-02	2.580305e-04
2.318000e-02	2.581741e-04
2.319000e-02	2.583178e-04
2.320000e-02	2.584614e-04
2.321000e-02	2.586051e-04
2.322000e-02	2.587488e-04
2.323000e-02	2.588924e-04
2.324000e-02	2.590361e-04
2.325000e-02	2.591797e-04
2.326000e-02	2.593234e-04
2.327000e-02	2.594670e-04
2.328000e-02	2.596107e-04
2.329000e-02	2.597544e-04
2.330000e-02	2.598980e-04
2.331000e-02	2.600417e-04
2.332000e-02	2.601853e-04
2.333000e-02	2.603290e-04
2.334000e-02	2.604726e-04
2.335000e-02	2.606163e-04
2.336000e-02	2.607599e-04
2.337000e-02	2.609036e-04
2.338000e-02	2.610473e-04
2.339000e-02	2.611909e-04
2.340000e-02	2.613346e-04
2.341000e-02	2.614782e-04
2.342000e-02	2.616219e-04
2.343000e-02	2.617655e-04
2.344000e-02	2.619092e-04
2.345000e-02	2.620529e-04
2.346000e-02	2.621965e-04
2.347000e-02	2.623402e-04
2.348000e-02	2.624838e-04
2.349000e-02	2.626275e-04
2.350000e-02	2.627711e-04
2.351000e-02	2.629148e-04
2.352000e-02	2.630584e-04
2.353000e-02	2.632021e-04
2.354000e-02	2.633458e-04
2.355000e-02	2.634894e-04
2.356000e-02	2.636331e-04
2.357000e-02	2.637767e-04
2.358000e-02	2.639204e-04
2.359000e-02	2.640640e-04
2.360000e-02	2.642077e-04
2.361000e-02	2.643514e-04
2.362000e-02	2.644950e-04
2.363000e-02	2.646387e-04
2.364000e-02	2.647823e-04
2.365000e-02	2.649260e-04
2.366000e-02	2.650696e-04
2.367000e-02	2.652133e-04
2.368000e-02	2.653569e-04
2.369000e-02	2.655006e-04
2.370000e-02	2.656443e-04
2.371000e-02	2.657879e-04
2.372000e-02	2.659316e-04
2.373000e-02	2.660752e-04
2.374000e-02	2.662189e-04
2.375000e-02	2.663625e-04
2.376000e-02	2.665062e-04
2.377000e-02	2.666498e-04
2.378000e-02	2.667935e-04
2.379000e-02	2.669372e-04
2.380000e-02	2.670808e-04
2.381000e-02	2.672245e-04
2.382000e-02	2.673681e-04
2.383000e-02	2.675118e-04
2.384000e-02	2.676554e-04
2.385000e-02	2.677991e-04
2.386000e-02	2.679428e-04
2.387000e-02	2.680864e-04
2.388000e-02	2.682301e-04
2.389000e-02	2.683737e-04
2.390000e-02	2.685174e-04
2.391000e-02	2.686610e-04
2.392000e-02	2.688047e-04
2.393000e-02	2.689483e-04
2.394000e-02	2.690920e-04
2.395000e-02	2.692357e-04
2.396000e-02	2.693793e-04
2.397000e-02	2.695230e-04
2.398000e-02	2.696666e-04
2.399000e-02	2.698103e-04
2.400000e-02	2.699539e-04
2.401000e-02	2.700979e-04
2.402000e-02	2.702419e-04
2.403000e-02	2.703859e-04
2.404000e-02	2.705299e-04
2.405000e-02	2.706739e-04
2.406000e-02	2.708179e-04
2.407000e-02	2.709619e-04
2.408000e-02	2.711059e-04
2.409000e-02	2.712499e-04
2.410000e-02	2.713939e-04
2.411000e-02	2.715379e-04
2.412000e-02	2.716819e-04
2.413000e-02	2.718259e-04
2.414000e-02	2.719699e-04
2.415000e-02	2.721139e-04
2.416000e-02	2.722579e-04
2.417000e-02	2.724019e-04
2.418000e-02	2.725459e-04
2.419000e-02	2.726899e-04
2.420000e-02	2.728339e-04
2.421000e-02	2.729779e-04
2.422000e-02	2.731219e-04
2.423000e-02	2.732659e-04
2.424000e-02	2.734099e-04
2.425000e-02	2.735539e-04
2.426000e-02	2.736979e-04
2.427000e-02	2.738419e-04
2.428000e-02	2.739859e-04
2.429000e-02	2.741299e-04
2.430000e-02	2.742739e-04
2.431000e-02	2.744179e-04
2.432000e-02	2.745618e-04
2.433000e-02	2.747058e-04
2.434000e-02	2.748498e-04
2.435000e-02	2.749938e-04
2.436000e-02	2.751378e-04
2.437000e-02	2.752818e-04
2.438000e-02	2.754258e-04
2.439000e-02	2.755698e-04
2.440000e-02	2.757138e-04
2.441000e-02	2.758578e-04
2.442000e-02	2.760018e-04
2.443000e-02	2.761458e-04
2.444000e-02	2.762898e-04
2.445000e-02	2.764338e-04
2.446000e-02	2.765778e-04
2.447000e-02	2.767218e-04
2.448000e-02	2.768658e-04
2.449000e-02	2.770098e-04
2.450000e-02	2.771538e-04
2.451000e-02	2.772978e-04
2.452000e-02	2.774418e-04
2.453000e-02	2.775858e-04
2.454000e-02	2.777298e-04
2.455000e-02	2.778738e-04
2.456000e-02	2.780178e-04
2.457000e-02	2.781618e-04
2.458000e-02	2.783058e-04
2.459000e-02	2.784498e-04
2.460000e-02	2.785938e-04
2.461000e-02	2.787378e-04
2.462000e-02	2.788818e-04
2.463000e-02	2.790258e-04
2.464000e-02	2.791698e-04
2.465000e-02	2.793138e-04
2.466000e-02	2.794578e-04
2.467000e-02	2.796017e-04
2.468000e-02	2.797457e-04
2.469000e-02	2.798897e-04
2.470000e-02	2.800337e-04
2.471000e-02	2.801777e-04
2.472000e-02	2.803217e-04
2.473000e-02	2.804657e-04
2.474000e-02	2.806097e-04
2.475000e-02	2.807537e-04
2.476000e-02	2.808977e-04
2.477000e-02	2.810417e-04
2.478000e-02	2.811857e-04
2.479000e-02	2.813297e-04
2.480000e-02	2.814737e-04
2.481000e-02	2.816177e-04
2.482000e-02	2.817617e-04
2.483000e-02	2.819057e-04
2.484000e-02	2.820497e-04
2.485000e-02	2.821937e-04
2.486000e-02	2.823377e-04
2.487000e-02	2.824817e-04
2.488000e-02	2.826257e-04
2.489000e-02	2.827697e-04
2.490000e-02	2.829137e-04
2.491000e-02	2.830577e-04
2.492000e-02	2.832017e-04
2.493000e-02	2.833457e-04
2.494000e-02	2.834897e-04
2.495000e-02	2.836337e-04
2.496000e-02	2.837777e-04
2.497000e-02	2.839217e-04
2.498000e-02	2.840657e-04
2.499000e-02	2.842097e-04
