z1_new_m	d1_new_long_m
-1.000000e-02	2.314740e-04
-9.990000e-03	2.313397e-04
-9.980000e-03	2.312054e-04
-9.970000e-03	2.310711e-04
-9.960000e-03	2.309367e-04
-9.950000e-03	2.308024e-04
-9.940000e-03	2.306681e-04
-9.930000e-03	2.305338e-04
-9.920000e-03	2.303995e-04
-9.910000e-03	2.302652e-04
-9.900000e-03	2.301309e-04
-9.890000e-03	2.299966e-04
-9.880000e-03	2.298623e-04
-9.870000e-03	2.297280e-04
-9.860000e-03	2.295936e-04
-9.850000e-03	2.294593e-04
-9.840000e-03	2.293250e-04
-9.830000e-03	2.291907e-04
-9.820000e-03	2.290564e-04
-9.810000e-03	2.289221e-04
-9.800000e-03	2.287878e-04
-9.790000e-03	2.286535e-04
-9.780000e-03	2.285192e-04
-9.770000e-03	2.283849e-04
-9.760000e-03	2.282505e-04
-9.750000e-03	2.281162e-04
-9.740000e-03	2.279819e-04
-9.730000e-03	2.278476e-04
-9.720000e-03	2.277133e-04
-9.710000e-03	2.275790e-04
-9.700000e-03	2.274447e-04
-9.690000e-03	2.273104e-04
-9.680000e-03	2.271761e-04
-9.670000e-03	2.270418e-04
-9.660000e-03	2.269074e-04
-9.650000e-03	2.267731e-04
-9.640000e-03	2.266388e-04
-9.630000e-03	2.265045e-04
-9.620000e-03	2.263702e-04
-9.610000e-03	2.262359e-04
-9.600000e-03	2.261016e-04
-9.590000e-03	2.259673e-04
-9.580000e-03	2.258330e-04
-9.570000e-03	2.256987e-04
-9.560000e-03	2.255643e-04
-9.550000e-03	2.254300e-04
-9.540000e-03	2.252957e-04
-9.530000e-03	2.251614e-04
-9.520000e-03	2.250271e-04
-9.510000e-03	2.248928e-04
-9.500000e-03	2.247585e-04
-9.490000e-03	2.246242e-04
-9.480000e-03	2.244899e-04
-9.470000e-03	2.243556e-04
-9.460000e-03	2.242212e-04
-9.450000e-03	2.240869e-04
-9.440000e-03	2.239526e-04
-9.430000e-03	2.238183e-04
-9.420000e-03	2.236840e-04
-9.410000e-03	2.235497e-04
-9.400000e-03	2.234154e-04
-9.390000e-03	2.232811e-04
-9.380000e-03	2.231468e-04
-9.370000e-03	2.230125e-04
-9.360000e-03	2.228782e-04
-9.350000e-03	2.227438e-04
-9.340000e-03	2.226095e-04
-9.330000e-03	2.224752e-04
-9.320000e-03	2.223409e-04
-9.310000e-03	2.222066e-04
-9.300000e-03	2.220723e-04
-9.290000e-03	2.219380e-04
-9.280000e-03	2.218037e-04
-9.270000e-03	2.216694e-04
-9.260000e-03	2.215351e-04
-9.250000e-03	2.214007e-04
-9.240000e-03	2.212664e-04
-9.230000e-03	2.211321e-04
-9.220000e-03	2.209978e-04
-9.210000e-03	2.208635e-04
-9.200000e-03	2.207292e-04
-9.190000e-03	2.205949e-04
-9.180000e-03	2.204606e-04
-9.170000e-03	2.203263e-04
-9.160000e-03	2.201920e-04
-9.150000e-03	2.200576e-04
-9.140000e-03	2.199233e-04
-9.130000e-03	2.197890e-04
-9.120000e-03	2.196547e-04
-9.110000e-03	2.195204e-04
-9.100000e-03	2.193861e-04
-9.090000e-03	2.192518e-04
-9.080000e-03	2.191175e-04
-9.070000e-03	2.189832e-04
-9.060000e-03	2.188489e-04
-9.050000e-03	2.187145e-04
-9.040000e-03	2.185802e-04
-9.030000e-03	2.184459e-04
-9.020000e-03	2.183116e-04
-9.010000e-03	2.181773e-04
-9.000000e-03	2.180430e-04
-8.990000e-03	2.179099e-04
-8.980000e-03	2.177767e-04
-8.970000e-03	2.176436e-04
-8.960000e-03	2.175105e-04
-8.950000e-03	2.173773e-04
-8.940000e-03	2.172442e-04
-8.930000e-03	2.171111e-04
-8.920000e-03	2.169779e-04
-8.910000e-03	2.168448e-04
-8.900000e-03	2.167117e-04
-8.890000e-03	2.165785e-04
-8.880000e-03	2.164454e-04
-8.870000e-03	2.163123e-04
-8.860000e-03	2.161791e-04
-8.850000e-03	2.160460e-04
-8.840000e-03	2.159129e-04
-8.830000e-03	2.157797e-04
-8.820000e-03	2.156466e-04
-8.810000e-03	2.155135e-04
-8.800000e-03	2.153804e-04
-8.790000e-03	2.152472e-04
-8.780000e-03	2.151141e-04
-8.770000e-03	2.149810e-04
-8.760000e-03	2.148478e-04
-8.750000e-03	2.147147e-04
-8.740000e-03	2.145816e-04
-8.730000e-03	2.144484e-04
-8.720000e-03	2.143153e-04
-8.710000e-03	2.141822e-04
-8.700000e-03	2.140490e-04
-8.690000e-03	2.139159e-04
-8.680000e-03	2.137828e-04
-8.670000e-03	2.136496e-04
-8.660000e-03	2.135165e-04
-8.650000e-03	2.133834e-04
-8.640000e-03	2.132502e-04
-8.630000e-03	2.131171e-04
-8.620000e-03	2.129840e-04
-8.610000e-03	2.128508e-04
-8.600000e-03	2.127177e-04
-8.590000e-03	2.125846e-04
-8.580000e-03	2.124514e-04
-8.570000e-03	2.123183e-04
-8.560000e-03	2.121852e-04
-8.550000e-03	2.120521e-04
-8.540000e-03	2.119189e-04
-8.530000e-03	2.117858e-04
-8.520000e-03	2.116527e-04
-8.510000e-03	2.115195e-04
-8.500000e-03	2.113864e-04
-8.490000e-03	2.112533e-04
-8.480000e-03	2.111201e-04
-8.470000e-03	2.109870e-04
-8.460000e-03	2.108539e-04
-8.450000e-03	2.107207e-04
-8.440000e-03	2.105876e-04
-8.430000e-03	2.104545e-04
-8.420000e-03	2.103213e-04
-8.410000e-03	2.101882e-04
-8.400000e-03	2.100551e-04
-8.390000e-03	2.099219e-04
-8.380000e-03	2.097888e-04
-8.370000e-03	2.096557e-04
-8.360000e-03	2.095225e-04
-8.350000e-03	2.093894e-04
-8.340000e-03	2.092563e-04
-8.330000e-03	2.091231e-04
-8.320000e-03	2.089900e-04
-8.310000e-03	2.088569e-04
-8.300000e-03	2.087238e-04
-8.290000e-03	2.085906e-04
-8.280000e-03	2.084575e-04
-8.270000e-03	2.083244e-04
-8.260000e-03	2.081912e-04
-8.250000e-03	2.080581e-04
-8.240000e-03	2.079250e-04
-8.230000e-03	2.077918e-04
-8.220000e-03	2.076587e-04
-8.210000e-03	2.075256e-04
-8.200000e-03	2.073924e-04
-8.190000e-03	2.072593e-04
-8.180000e-03	2.071262e-04
-8.170000e-03	2.069930e-04
-8.160000e-03	2.068599e-04
-8.150000e-03	2.067268e-04
-8.140000e-03	2.065936e-04
-8.130000e-03	2.064605e-04
-8.120000e-03	2.063274e-04
-8.110000e-03	2.061942e-04
-8.100000e-03	2.060611e-04
-8.090000e-03	2.059280e-04
-8.080000e-03	2.057948e-04
-8.070000e-03	2.056617e-04
-8.060000e-03	2.055286e-04
-8.050000e-03	2.053954e-04
-8.040000e-03	2.052623e-04
-8.030000e-03	2.051292e-04
-8.020000e-03	2.049961e-04
-8.010000e-03	2.048629e-04
-8.000000e-03	2.047298e-04
-7.990000e-03	2.045981e-04
-7.980000e-03	2.044664e-04
-7.970000e-03	2.043347e-04
-7.960000e-03	2.042030e-04
-7.950000e-03	2.040712e-04
-7.940000e-03	2.039395e-04
-7.930000e-03	2.038078e-04
-7.920000e-03	2.036761e-04
-7.910000e-03	2.035444e-04
-7.900000e-03	2.034127e-04
-7.890000e-03	2.032810e-04
-7.880000e-03	2.031493e-04
-7.870000e-03	2.030176e-04
-7.860000e-03	2.028859e-04
-7.850000e-03	2.027542e-04
-7.840000e-03	2.026225e-04
-7.830000e-03	2.024907e-04
-7.820000e-03	2.023590e-04
-7.810000e-03	2.022273e-04
-7.800000e-03	2.020956e-04
-7.790000e-03	2.019639e-04
-7.780000e-03	2.018322e-04
-7.770000e-03	2.017005e-04
-7.760000e-03	2.015688e-04
-7.750000e-03	2.014371e-04
-7.740000e-03	2.013054e-04
-7.730000e-03	2.011737e-04
-7.720000e-03	2.010419e-04
-7.710000e-03	2.009102e-04
-7.700000e-03	2.007785e-04
-7.690000e-03	2.006468e-04
-7.680000e-03	2.005151e-04
-7.670000e-03	2.003834e-04
-7.660000e-03	2.002517e-04
-7.650000e-03	2.001200e-04
-7.640000e-03	1.999883e-04
-7.630000e-03	1.998566e-04
-7.620000e-03	1.997249e-04
-7.610000e-03	1.995932e-04
-7.600000e-03	1.994614e-04
-7.590000e-03	1.993297e-04
-7.580000e-03	1.991980e-04
-7.570000e-03	1.990663e-04
-7.560000e-03	1.989346e-04
-7.550000e-03	1.988029e-04
-7.540000e-03	1.986712e-04
-7.530000e-03	1.985395e-04
-7.520000e-03	1.984078e-04
-7.510000e-03	1.982761e-04
-7.500000e-03	1.981444e-04
-7.490000e-03	1.980127e-04
-7.480000e-03	1.978809e-04
-7.470000e-03	1.977492e-04
-7.460000e-03	1.976175e-04
-7.450000e-03	1.974858e-04
-7.440000e-03	1.973541e-04
-7.430000e-03	1.972224e-04
-7.420000e-03	1.970907e-04
-7.410000e-03	1.969590e-04
-7.400000e-03	1.968273e-04
-7.390000e-03	1.966956e-04
-7.380000e-03	1.965639e-04
-7.370000e-03	1.964321e-04
-7.360000e-03	1.963004e-04
-7.350000e-03	1.961687e-04
-7.340000e-03	1.960370e-04
-7.330000e-03	1.959053e-04
-7.320000e-03	1.957736e-04
-7.310000e-03	1.956419e-04
-7.300000e-03	1.955102e-04
-7.290000e-03	1.953785e-04
-7.280000e-03	1.952468e-04
-7.270000e-03	1.951151e-04
-7.260000e-03	1.949834e-04
-7.250000e-03	1.948516e-04
-7.240000e-03	1.947199e-04
-7.230000e-03	1.945882e-04
-7.220000e-03	1.944565e-04
-7.210000e-03	1.943248e-04
-7.200000e-03	1.941931e-04
-7.190000e-03	1.940614e-04
-7.180000e-03	1.939297e-04
-7.170000e-03	1.937980e-04
-7.160000e-03	1.936663e-04
-7.150000e-03	1.935346e-04
-7.140000e-03	1.934029e-04
-7.130000e-03	1.932711e-04
-7.120000e-03	1.931394e-04
-7.110000e-03	1.930077e-04
-7.100000e-03	1.928760e-04
-7.090000e-03	1.927443e-04
-7.080000e-03	1.926126e-04
-7.070000e-03	1.924809e-04
-7.060000e-03	1.923492e-04
-7.050000e-03	1.922175e-04
-7.040000e-03	1.920858e-04
-7.030000e-03	1.919541e-04
-7.020000e-03	1.918224e-04
-7.010000e-03	1.916906e-04
-7.000000e-03	1.915589e-04
-6.990000e-03	1.914290e-04
-6.980000e-03	1.912990e-04
-6.970000e-03	1.911690e-04
-6.960000e-03	1.910391e-04
-6.950000e-03	1.909091e-04
-6.940000e-03	1.907791e-04
-6.930000e-03	1.906491e-04
-6.920000e-03	1.905192e-04
-6.910000e-03	1.903892e-04
-6.900000e-03	1.902592e-04
-6.890000e-03	1.901293e-04
-6.880000e-03	1.899993e-04
-6.870000e-03	1.898693e-04
-6.860000e-03	1.897394e-04
-6.850000e-03	1.896094e-04
-6.840000e-03	1.894794e-04
-6.830000e-03	1.893494e-04
-6.820000e-03	1.892195e-04
-6.810000e-03	1.890895e-04
-6.800000e-03	1.889595e-04
-6.790000e-03	1.888296e-04
-6.780000e-03	1.886996e-04
-6.770000e-03	1.885696e-04
-6.760000e-03	1.884397e-04
-6.750000e-03	1.883097e-04
-6.740000e-03	1.881797e-04
-6.730000e-03	1.880497e-04
-6.720000e-03	1.879198e-04
-6.710000e-03	1.877898e-04
-6.700000e-03	1.876598e-04
-6.690000e-03	1.875299e-04
-6.680000e-03	1.873999e-04
-6.670000e-03	1.872699e-04
-6.660000e-03	1.871400e-04
-6.650000e-03	1.870100e-04
-6.640000e-03	1.868800e-04
-6.630000e-03	1.867500e-04
-6.620000e-03	1.866201e-04
-6.610000e-03	1.864901e-04
-6.600000e-03	1.863601e-04
-6.590000e-03	1.862302e-04
-6.580000e-03	1.861002e-04
-6.570000e-03	1.859702e-04
-6.560000e-03	1.858403e-04
-6.550000e-03	1.857103e-04
-6.540000e-03	1.855803e-04
-6.530000e-03	1.854503e-04
-6.520000e-03	1.853204e-04
-6.510000e-03	1.851904e-04
-6.500000e-03	1.850604e-04
-6.490000e-03	1.849305e-04
-6.480000e-03	1.848005e-04
-6.470000e-03	1.846705e-04
-6.460000e-03	1.845406e-04
-6.450000e-03	1.844106e-04
-6.440000e-03	1.842806e-04
-6.430000e-03	1.841506e-04
-6.420000e-03	1.840207e-04
-6.410000e-03	1.838907e-04
-6.400000e-03	1.837607e-04
-6.390000e-03	1.836308e-04
-6.380000e-03	1.835008e-04
-6.370000e-03	1.833708e-04
-6.360000e-03	1.832408e-04
-6.350000e-03	1.831109e-04
-6.340000e-03	1.829809e-04
-6.330000e-03	1.828509e-04
-6.320000e-03	1.827210e-04
-6.310000e-03	1.825910e-04
-6.300000e-03	1.824610e-04
-6.290000e-03	1.823311e-04
-6.280000e-03	1.822011e-04
-6.270000e-03	1.820711e-04
-6.260000e-03	1.819411e-04
-6.250000e-03	1.818112e-04
-6.240000e-03	1.816812e-04
-6.230000e-03	1.815512e-04
-6.220000e-03	1.814213e-04
-6.210000e-03	1.812913e-04
-6.200000e-03	1.811613e-04
-6.190000e-03	1.810314e-04
-6.180000e-03	1.809014e-04
-6.170000e-03	1.807714e-04
-6.160000e-03	1.806414e-04
-6.150000e-03	1.805115e-04
-6.140000e-03	1.803815e-04
-6.130000e-03	1.802515e-04
-6.120000e-03	1.801216e-04
-6.110000e-03	1.799916e-04
-6.100000e-03	1.798616e-04
-6.090000e-03	1.797317e-04
-6.080000e-03	1.796017e-04
-6.070000e-03	1.794717e-04
-6.060000e-03	1.793417e-04
-6.050000e-03	1.792118e-04
-6.040000e-03	1.790818e-04
-6.030000e-03	1.789518e-04
-6.020000e-03	1.788219e-04
-6.010000e-03	1.786919e-04
-6.000000e-03	1.785619e-04
-5.990000e-03	1.784473e-04
-5.980000e-03	1.783326e-04
-5.970000e-03	1.782180e-04
-5.960000e-03	1.781033e-04
-5.950000e-03	1.779886e-04
-5.940000e-03	1.778740e-04
-5.930000e-03	1.777593e-04
-5.920000e-03	1.776447e-04
-5.910000e-03	1.775300e-04
-5.900000e-03	1.774153e-04
-5.890000e-03	1.773007e-04
-5.880000e-03	1.771860e-04
-5.870000e-03	1.770714e-04
-5.860000e-03	1.769567e-04
-5.850000e-03	1.768421e-04
-5.840000e-03	1.767274e-04
-5.830000e-03	1.766127e-04
-5.820000e-03	1.764981e-04
-5.810000e-03	1.763834e-04
-5.800000e-03	1.762688e-04
-5.790000e-03	1.761541e-04
-5.780000e-03	1.760394e-04
-5.770000e-03	1.759248e-04
-5.760000e-03	1.758101e-04
-5.750000e-03	1.756955e-04
-5.740000e-03	1.755808e-04
-5.730000e-03	1.754661e-04
-5.720000e-03	1.753515e-04
-5.710000e-03	1.752368e-04
-5.700000e-03	1.751222e-04
-5.690000e-03	1.750075e-04
-5.680000e-03	1.748929e-04
-5.670000e-03	1.747782e-04
-5.660000e-03	1.746635e-04
-5.650000e-03	1.745489e-04
-5.640000e-03	1.744342e-04
-5.630000e-03	1.743196e-04
-5.620000e-03	1.742049e-04
-5.610000e-03	1.740902e-04
-5.600000e-03	1.739756e-04
-5.590000e-03	1.738609e-04
-5.580000e-03	1.737463e-04
-5.570000e-03	1.736316e-04
-5.560000e-03	1.735170e-04
-5.550000e-03	1.734023e-04
-5.540000e-03	1.732876e-04
-5.530000e-03	1.731730e-04
-5.520000e-03	1.730583e-04
-5.510000e-03	1.729437e-04
-5.500000e-03	1.728290e-04
-5.490000e-03	1.727143e-04
-5.480000e-03	1.725997e-04
-5.470000e-03	1.724850e-04
-5.460000e-03	1.723704e-04
-5.450000e-03	1.722557e-04
-5.440000e-03	1.721411e-04
-5.430000e-03	1.720264e-04
-5.420000e-03	1.719117e-04
-5.410000e-03	1.717971e-04
-5.400000e-03	1.716824e-04
-5.390000e-03	1.715678e-04
-5.380000e-03	1.714531e-04
-5.370000e-03	1.713384e-04
-5.360000e-03	1.712238e-04
-5.350000e-03	1.711091e-04
-5.340000e-03	1.709945e-04
-5.330000e-03	1.708798e-04
-5.320000e-03	1.707652e-04
-5.310000e-03	1.706505e-04
-5.300000e-03	1.705358e-04
-5.290000e-03	1.704212e-04
-5.280000e-03	1.703065e-04
-5.270000e-03	1.701919e-04
-5.260000e-03	1.700772e-04
-5.250000e-03	1.699625e-04
-5.240000e-03	1.698479e-04
-5.230000e-03	1.697332e-04
-5.220000e-03	1.696186e-04
-5.210000e-03	1.695039e-04
-5.200000e-03	1.693893e-04
-5.190000e-03	1.692746e-04
-5.180000e-03	1.691599e-04
-5.170000e-03	1.690453e-04
-5.160000e-03	1.689306e-04
-5.150000e-03	1.688160e-04
-5.140000e-03	1.687013e-04
-5.130000e-03	1.685866e-04
-5.120000e-03	1.684720e-04
-5.110000e-03	1.683573e-04
-5.100000e-03	1.682427e-04
-5.090000e-03	1.681280e-04
-5.080000e-03	1.680133e-04
-5.070000e-03	1.678987e-04
-5.060000e-03	1.677840e-04
-5.050000e-03	1.676694e-04
-5.040000e-03	1.675547e-04
-5.030000e-03	1.674401e-04
-5.020000e-03	1.673254e-04
-5.010000e-03	1.672107e-04
-5.000000e-03	1.670961e-04
-4.990000e-03	1.669814e-04
-4.980000e-03	1.668668e-04
-4.970000e-03	1.667521e-04
-4.960000e-03	1.666374e-04
-4.950000e-03	1.665228e-04
-4.940000e-03	1.664081e-04
-4.930000e-03	1.662935e-04
-4.920000e-03	1.661788e-04
-4.910000e-03	1.660642e-04
-4.900000e-03	1.659495e-04
-4.890000e-03	1.658348e-04
-4.880000e-03	1.657202e-04
-4.870000e-03	1.656055e-04
-4.860000e-03	1.654909e-04
-4.850000e-03	1.653762e-04
-4.840000e-03	1.652615e-04
-4.830000e-03	1.651469e-04
-4.820000e-03	1.650322e-04
-4.810000e-03	1.649176e-04
-4.800000e-03	1.648029e-04
-4.790000e-03	1.646883e-04
-4.780000e-03	1.645736e-04
-4.770000e-03	1.644589e-04
-4.760000e-03	1.643443e-04
-4.750000e-03	1.642296e-04
-4.740000e-03	1.641150e-04
-4.730000e-03	1.640003e-04
-4.720000e-03	1.638856e-04
-4.710000e-03	1.637710e-04
-4.700000e-03	1.636563e-04
-4.690000e-03	1.635417e-04
-4.680000e-03	1.634270e-04
-4.670000e-03	1.633124e-04
-4.660000e-03	1.631977e-04
-4.650000e-03	1.630830e-04
-4.640000e-03	1.629684e-04
-4.630000e-03	1.628537e-04
-4.620000e-03	1.627391e-04
-4.610000e-03	1.626244e-04
-4.600000e-03	1.625097e-04
-4.590000e-03	1.623951e-04
-4.580000e-03	1.622804e-04
-4.570000e-03	1.621658e-04
-4.560000e-03	1.620511e-04
-4.550000e-03	1.619365e-04
-4.540000e-03	1.618218e-04
-4.530000e-03	1.617071e-04
-4.520000e-03	1.615925e-04
-4.510000e-03	1.614778e-04
-4.500000e-03	1.613632e-04
-4.490000e-03	1.612485e-04
-4.480000e-03	1.611338e-04
-4.470000e-03	1.610192e-04
-4.460000e-03	1.609045e-04
-4.450000e-03	1.607899e-04
-4.440000e-03	1.606752e-04
-4.430000e-03	1.605606e-04
-4.420000e-03	1.604459e-04
-4.410000e-03	1.603312e-04
-4.400000e-03	1.602166e-04
-4.390000e-03	1.601019e-04
-4.380000e-03	1.599873e-04
-4.370000e-03	1.598726e-04
-4.360000e-03	1.597579e-04
-4.350000e-03	1.596433e-04
-4.340000e-03	1.595286e-04
-4.330000e-03	1.594140e-04
-4.320000e-03	1.592993e-04
-4.310000e-03	1.591846e-04
-4.300000e-03	1.590700e-04
-4.290000e-03	1.589553e-04
-4.280000e-03	1.588407e-04
-4.270000e-03	1.587260e-04
-4.260000e-03	1.586114e-04
-4.250000e-03	1.584967e-04
-4.240000e-03	1.583820e-04
-4.230000e-03	1.582674e-04
-4.220000e-03	1.581527e-04
-4.210000e-03	1.580381e-04
-4.200000e-03	1.579234e-04
-4.190000e-03	1.578087e-04
-4.180000e-03	1.576941e-04
-4.170000e-03	1.575794e-04
-4.160000e-03	1.574648e-04
-4.150000e-03	1.573501e-04
-4.140000e-03	1.572355e-04
-4.130000e-03	1.571208e-04
-4.120000e-03	1.570061e-04
-4.110000e-03	1.568915e-04
-4.100000e-03	1.567768e-04
-4.090000e-03	1.566622e-04
-4.080000e-03	1.565475e-04
-4.070000e-03	1.564328e-04
-4.060000e-03	1.563182e-04
-4.050000e-03	1.562035e-04
-4.040000e-03	1.560889e-04
-4.030000e-03	1.559742e-04
-4.020000e-03	1.558596e-04
-4.010000e-03	1.557449e-04
-4.000000e-03	1.556302e-04
-3.990000e-03	1.555156e-04
-3.980000e-03	1.554009e-04
-3.970000e-03	1.552863e-04
-3.960000e-03	1.551716e-04
-3.950000e-03	1.550569e-04
-3.940000e-03	1.549423e-04
-3.930000e-03	1.548276e-04
-3.920000e-03	1.547130e-04
-3.910000e-03	1.545983e-04
-3.900000e-03	1.544837e-04
-3.890000e-03	1.543690e-04
-3.880000e-03	1.542543e-04
-3.870000e-03	1.541397e-04
-3.860000e-03	1.540250e-04
-3.850000e-03	1.539104e-04
-3.840000e-03	1.537957e-04
-3.830000e-03	1.536810e-04
-3.820000e-03	1.535664e-04
-3.810000e-03	1.534517e-04
-3.800000e-03	1.533371e-04
-3.790000e-03	1.532224e-04
-3.780000e-03	1.531078e-04
-3.770000e-03	1.529931e-04
-3.760000e-03	1.528784e-04
-3.750000e-03	1.527638e-04
-3.740000e-03	1.526491e-04
-3.730000e-03	1.525345e-04
-3.720000e-03	1.524198e-04
-3.710000e-03	1.523051e-04
-3.700000e-03	1.521905e-04
-3.690000e-03	1.520758e-04
-3.680000e-03	1.519612e-04
-3.670000e-03	1.518465e-04
-3.660000e-03	1.517318e-04
-3.650000e-03	1.516172e-04
-3.640000e-03	1.515025e-04
-3.630000e-03	1.513879e-04
-3.620000e-03	1.512732e-04
-3.610000e-03	1.511586e-04
-3.600000e-03	1.510439e-04
-3.590000e-03	1.509292e-04
-3.580000e-03	1.508146e-04
-3.570000e-03	1.506999e-04
-3.560000e-03	1.505853e-04
-3.550000e-03	1.504706e-04
-3.540000e-03	1.503559e-04
-3.530000e-03	1.502413e-04
-3.520000e-03	1.501266e-04
-3.510000e-03	1.500120e-04
-3.500000e-03	1.498973e-04
-3.490000e-03	1.497827e-04
-3.480000e-03	1.496680e-04
-3.470000e-03	1.495533e-04
-3.460000e-03	1.494387e-04
-3.450000e-03	1.493240e-04
-3.440000e-03	1.492094e-04
-3.430000e-03	1.490947e-04
-3.420000e-03	1.489800e-04
-3.410000e-03	1.488654e-04
-3.400000e-03	1.487507e-04
-3.390000e-03	1.486361e-04
-3.380000e-03	1.485214e-04
-3.370000e-03	1.484068e-04
-3.360000e-03	1.482921e-04
-3.350000e-03	1.481774e-04
-3.340000e-03	1.480628e-04
-3.330000e-03	1.479481e-04
-3.320000e-03	1.478335e-04
-3.310000e-03	1.477188e-04
-3.300000e-03	1.476041e-04
-3.290000e-03	1.474895e-04
-3.280000e-03	1.473748e-04
-3.270000e-03	1.472602e-04
-3.260000e-03	1.471455e-04
-3.250000e-03	1.470309e-04
-3.240000e-03	1.469162e-04
-3.230000e-03	1.468015e-04
-3.220000e-03	1.466869e-04
-3.210000e-03	1.465722e-04
-3.200000e-03	1.464576e-04
-3.190000e-03	1.463429e-04
-3.180000e-03	1.462282e-04
-3.170000e-03	1.461136e-04
-3.160000e-03	1.459989e-04
-3.150000e-03	1.458843e-04
-3.140000e-03	1.457696e-04
-3.130000e-03	1.456550e-04
-3.120000e-03	1.455403e-04
-3.110000e-03	1.454256e-04
-3.100000e-03	1.453110e-04
-3.090000e-03	1.451963e-04
-3.080000e-03	1.450817e-04
-3.070000e-03	1.449670e-04
-3.060000e-03	1.448523e-04
-3.050000e-03	1.447377e-04
-3.040000e-03	1.446230e-04
-3.030000e-03	1.445084e-04
-3.020000e-03	1.443937e-04
-3.010000e-03	1.442790e-04
-3.000000e-03	1.441644e-04
-2.990000e-03	1.440497e-04
-2.980000e-03	1.439351e-04
-2.970000e-03	1.438204e-04
-2.960000e-03	1.437058e-04
-2.950000e-03	1.435911e-04
-2.940000e-03	1.434764e-04
-2.930000e-03	1.433618e-04
-2.920000e-03	1.432471e-04
-2.910000e-03	1.431325e-04
-2.900000e-03	1.430178e-04
-2.890000e-03	1.429031e-04
-2.880000e-03	1.427885e-04
-2.870000e-03	1.426738e-04
-2.860000e-03	1.425592e-04
-2.850000e-03	1.424445e-04
-2.840000e-03	1.423299e-04
-2.830000e-03	1.422152e-04
-2.820000e-03	1.421005e-04
-2.810000e-03	1.419859e-04
-2.800000e-03	1.418712e-04
-2.790000e-03	1.417566e-04
-2.780000e-03	1.416419e-04
-2.770000e-03	1.415272e-04
-2.760000e-03	1.414126e-04
-2.750000e-03	1.412979e-04
-2.740000e-03	1.411833e-04
-2.730000e-03	1.410686e-04
-2.720000e-03	1.409540e-04
-2.710000e-03	1.408393e-04
-2.700000e-03	1.407246e-04
-2.690000e-03	1.406100e-04
-2.680000e-03	1.404953e-04
-2.670000e-03	1.403807e-04
-2.660000e-03	1.402660e-04
-2.650000e-03	1.401513e-04
-2.640000e-03	1.400367e-04
-2.630000e-03	1.399220e-04
-2.620000e-03	1.398074e-04
-2.610000e-03	1.396927e-04
-2.600000e-03	1.395781e-04
-2.590000e-03	1.394634e-04
-2.580000e-03	1.393487e-04
-2.570000e-03	1.392341e-04
-2.560000e-03	1.391194e-04
-2.550000e-03	1.390048e-04
-2.540000e-03	1.388901e-04
-2.530000e-03	1.387754e-04
-2.520000e-03	1.386608e-04
-2.510000e-03	1.385461e-04
-2.500000e-03	1.384315e-04
-2.490000e-03	1.383168e-04
-2.480000e-03	1.382022e-04
-2.470000e-03	1.380875e-04
-2.460000e-03	1.379728e-04
-2.450000e-03	1.378582e-04
-2.440000e-03	1.377435e-04
-2.430000e-03	1.376289e-04
-2.420000e-03	1.375142e-04
-2.410000e-03	1.373995e-04
-2.400000e-03	1.372849e-04
-2.390000e-03	1.371702e-04
-2.380000e-03	1.370556e-04
-2.370000e-03	1.369409e-04
-2.360000e-03	1.368262e-04
-2.350000e-03	1.367116e-04
-2.340000e-03	1.365969e-04
-2.330000e-03	1.364823e-04
-2.320000e-03	1.363676e-04
-2.310000e-03	1.362530e-04
-2.300000e-03	1.361383e-04
-2.290000e-03	1.360236e-04
-2.280000e-03	1.359090e-04
-2.270000e-03	1.357943e-04
-2.260000e-03	1.356797e-04
-2.250000e-03	1.355650e-04
-2.240000e-03	1.354503e-04
-2.230000e-03	1.353357e-04
-2.220000e-03	1.352210e-04
-2.210000e-03	1.351064e-04
-2.200000e-03	1.349917e-04
-2.190000e-03	1.348771e-04
-2.180000e-03	1.347624e-04
-2.170000e-03	1.346477e-04
-2.160000e-03	1.345331e-04
-2.150000e-03	1.344184e-04
-2.140000e-03	1.343038e-04
-2.130000e-03	1.341891e-04
-2.120000e-03	1.340744e-04
-2.110000e-03	1.339598e-04
-2.100000e-03	1.338451e-04
-2.090000e-03	1.337305e-04
-2.080000e-03	1.336158e-04
-2.070000e-03	1.335012e-04
-2.060000e-03	1.333865e-04
-2.050000e-03	1.332718e-04
-2.040000e-03	1.331572e-04
-2.030000e-03	1.330425e-04
-2.020000e-03	1.329279e-04
-2.010000e-03	1.328132e-04
-2.000000e-03	1.326985e-04
-1.990000e-03	1.325839e-04
-1.980000e-03	1.324692e-04
-1.970000e-03	1.323546e-04
-1.960000e-03	1.322399e-04
-1.950000e-03	1.321253e-04
-1.940000e-03	1.320106e-04
-1.930000e-03	1.318959e-04
-1.920000e-03	1.317813e-04
-1.910000e-03	1.316666e-04
-1.900000e-03	1.315520e-04
-1.890000e-03	1.314373e-04
-1.880000e-03	1.313226e-04
-1.870000e-03	1.312080e-04
-1.860000e-03	1.310933e-04
-1.850000e-03	1.309787e-04
-1.840000e-03	1.308640e-04
-1.830000e-03	1.307494e-04
-1.820000e-03	1.306347e-04
-1.810000e-03	1.305200e-04
-1.800000e-03	1.304054e-04
-1.790000e-03	1.302907e-04
-1.780000e-03	1.301761e-04
-1.770000e-03	1.300614e-04
-1.760000e-03	1.299467e-04
-1.750000e-03	1.298321e-04
-1.740000e-03	1.297174e-04
-1.730000e-03	1.296028e-04
-1.720000e-03	1.294881e-04
-1.710000e-03	1.293735e-04
-1.700000e-03	1.292588e-04
-1.690000e-03	1.291441e-04
-1.680000e-03	1.290295e-04
-1.670000e-03	1.289148e-04
-1.660000e-03	1.288002e-04
-1.650000e-03	1.286855e-04
-1.640000e-03	1.285708e-04
-1.630000e-03	1.284562e-04
-1.620000e-03	1.283415e-04
-1.610000e-03	1.282269e-04
-1.600000e-03	1.281122e-04
-1.590000e-03	1.279975e-04
-1.580000e-03	1.278829e-04
-1.570000e-03	1.277682e-04
-1.560000e-03	1.276536e-04
-1.550000e-03	1.275389e-04
-1.540000e-03	1.274243e-04
-1.530000e-03	1.273096e-04
-1.520000e-03	1.271949e-04
-1.510000e-03	1.270803e-04
-1.500000e-03	1.269656e-04
-1.490000e-03	1.268510e-04
-1.480000e-03	1.267363e-04
-1.470000e-03	1.266216e-04
-1.460000e-03	1.265070e-04
-1.450000e-03	1.263923e-04
-1.440000e-03	1.262777e-04
-1.430000e-03	1.261630e-04
-1.420000e-03	1.260484e-04
-1.410000e-03	1.259337e-04
-1.400000e-03	1.258190e-04
-1.390000e-03	1.257044e-04
-1.380000e-03	1.255897e-04
-1.370000e-03	1.254751e-04
-1.360000e-03	1.253604e-04
-1.350000e-03	1.252457e-04
-1.340000e-03	1.251311e-04
-1.330000e-03	1.250164e-04
-1.320000e-03	1.249018e-04
-1.310000e-03	1.247871e-04
-1.300000e-03	1.246725e-04
-1.290000e-03	1.245578e-04
-1.280000e-03	1.244431e-04
-1.270000e-03	1.243285e-04
-1.260000e-03	1.242138e-04
-1.250000e-03	1.240992e-04
-1.240000e-03	1.239845e-04
-1.230000e-03	1.238698e-04
-1.220000e-03	1.237552e-04
-1.210000e-03	1.236405e-04
-1.200000e-03	1.235259e-04
-1.190000e-03	1.234112e-04
-1.180000e-03	1.232966e-04
-1.170000e-03	1.231819e-04
-1.160000e-03	1.230672e-04
-1.150000e-03	1.229526e-04
-1.140000e-03	1.228379e-04
-1.130000e-03	1.227233e-04
-1.120000e-03	1.226086e-04
-1.110000e-03	1.224939e-04
-1.100000e-03	1.223793e-04
-1.090000e-03	1.222646e-04
-1.080000e-03	1.221500e-04
-1.070000e-03	1.220353e-04
-1.060000e-03	1.219207e-04
-1.050000e-03	1.218060e-04
-1.040000e-03	1.216913e-04
-1.030000e-03	1.215767e-04
-1.020000e-03	1.214620e-04
-1.010000e-03	1.213474e-04
-1.000000e-03	1.212327e-04
-9.900000e-04	1.211180e-04
-9.800000e-04	1.210034e-04
-9.700000e-04	1.208887e-04
-9.600000e-04	1.207741e-04
-9.500000e-04	1.206594e-04
-9.400000e-04	1.205447e-04
-9.300000e-04	1.204301e-04
-9.200000e-04	1.203154e-04
-9.100000e-04	1.202008e-04
-9.000000e-04	1.200861e-04
-8.900000e-04	1.199715e-04
-8.800000e-04	1.198568e-04
-8.700000e-04	1.197421e-04
-8.600000e-04	1.196275e-04
-8.500000e-04	1.195128e-04
-8.400000e-04	1.193982e-04
-8.300000e-04	1.192835e-04
-8.200000e-04	1.191688e-04
-8.100000e-04	1.190542e-04
-8.000000e-04	1.189395e-04
-7.900000e-04	1.188249e-04
-7.800000e-04	1.187102e-04
-7.700000e-04	1.185956e-04
-7.600000e-04	1.184809e-04
-7.500000e-04	1.183662e-04
-7.400000e-04	1.182516e-04
-7.300000e-04	1.181369e-04
-7.200000e-04	1.180223e-04
-7.100000e-04	1.179076e-04
-7.000000e-04	1.177929e-04
-6.900000e-04	1.176783e-04
-6.800000e-04	1.175636e-04
-6.700000e-04	1.174490e-04
-6.600000e-04	1.173343e-04
-6.500000e-04	1.172197e-04
-6.400000e-04	1.171050e-04
-6.300000e-04	1.169903e-04
-6.200000e-04	1.168757e-04
-6.100000e-04	1.167610e-04
-6.000000e-04	1.166464e-04
-5.900000e-04	1.165317e-04
-5.800000e-04	1.164170e-04
-5.700000e-04	1.163024e-04
-5.600000e-04	1.161877e-04
-5.500000e-04	1.160731e-04
-5.400000e-04	1.159584e-04
-5.300000e-04	1.158438e-04
-5.200000e-04	1.157291e-04
-5.100000e-04	1.156144e-04
-5.000000e-04	1.154998e-04
-4.900000e-04	1.153851e-04
-4.800000e-04	1.152705e-04
-4.700000e-04	1.151558e-04
-4.600000e-04	1.150411e-04
-4.500000e-04	1.149265e-04
-4.400000e-04	1.148118e-04
-4.300000e-04	1.146972e-04
-4.200000e-04	1.145825e-04
-4.100000e-04	1.144679e-04
-4.000000e-04	1.143532e-04
-3.900000e-04	1.142385e-04
-3.800000e-04	1.141239e-04
-3.700000e-04	1.140092e-04
-3.600000e-04	1.138946e-04
-3.500000e-04	1.137799e-04
-3.400000e-04	1.136652e-04
-3.300000e-04	1.135506e-04
-3.200000e-04	1.134359e-04
-3.100000e-04	1.133213e-04
-3.000000e-04	1.132066e-04
-2.900000e-04	1.130919e-04
-2.800000e-04	1.129773e-04
-2.700000e-04	1.128626e-04
-2.600000e-04	1.127480e-04
-2.500000e-04	1.126333e-04
-2.400000e-04	1.125187e-04
-2.300000e-04	1.124040e-04
-2.200000e-04	1.122893e-04
-2.100000e-04	1.121747e-04
-2.000000e-04	1.120600e-04
-1.900000e-04	1.119454e-04
-1.800000e-04	1.118307e-04
-1.700000e-04	1.117160e-04
-1.600000e-04	1.116014e-04
-1.500000e-04	1.114867e-04
-1.400000e-04	1.113721e-04
-1.300000e-04	1.112574e-04
-1.200000e-04	1.111428e-04
-1.100000e-04	1.110281e-04
-1.000000e-04	1.109134e-04
-9.000000e-05	1.107988e-04
-8.000000e-05	1.106841e-04
-7.000000e-05	1.105695e-04
-6.000000e-05	1.104548e-04
-5.000000e-05	1.103401e-04
-4.000000e-05	1.102255e-04
-3.000000e-05	1.101108e-04
-2.000000e-05	1.099962e-04
-1.000000e-05	1.098815e-04
-4.076600e-16	1.097669e-04
1.000000e-05	1.096522e-04
2.000000e-05	1.095375e-04
3.000000e-05	1.094229e-04
4.000000e-05	1.093082e-04
5.000000e-05	1.091936e-04
6.000000e-05	1.090789e-04
7.000000e-05	1.089642e-04
8.000000e-05	1.088496e-04
9.000000e-05	1.087349e-04
1.000000e-04	1.086203e-04
1.100000e-04	1.085056e-04
1.200000e-04	1.083910e-04
1.300000e-04	1.082763e-04
1.400000e-04	1.081616e-04
1.500000e-04	1.080470e-04
1.600000e-04	1.079323e-04
1.700000e-04	1.078177e-04
1.800000e-04	1.077030e-04
1.900000e-04	1.075883e-04
2.000000e-04	1.074737e-04
2.100000e-04	1.073590e-04
2.200000e-04	1.072444e-04
2.300000e-04	1.071297e-04
2.400000e-04	1.070151e-04
2.500000e-04	1.069004e-04
2.600000e-04	1.067857e-04
2.700000e-04	1.066711e-04
2.800000e-04	1.065564e-04
2.900000e-04	1.064418e-04
3.000000e-04	1.063271e-04
3.100000e-04	1.062124e-04
3.200000e-04	1.060978e-04
3.300000e-04	1.059831e-04
3.400000e-04	1.058685e-04
3.500000e-04	1.057538e-04
3.600000e-04	1.056391e-04
3.700000e-04	1.055245e-04
3.800000e-04	1.054098e-04
3.900000e-04	1.052952e-04
4.000000e-04	1.051805e-04
4.100000e-04	1.050659e-04
4.200000e-04	1.049512e-04
4.300000e-04	1.048365e-04
4.400000e-04	1.047219e-04
4.500000e-04	1.046072e-04
4.600000e-04	1.044926e-04
4.700000e-04	1.043779e-04
4.800000e-04	1.042632e-04
4.900000e-04	1.041486e-04
5.000000e-04	1.040339e-04
5.100000e-04	1.039193e-04
5.200000e-04	1.038046e-04
5.300000e-04	1.036900e-04
5.400000e-04	1.035753e-04
5.500000e-04	1.034606e-04
5.600000e-04	1.033460e-04
5.700000e-04	1.032313e-04
5.800000e-04	1.031167e-04
5.900000e-04	1.030020e-04
6.000000e-04	1.028873e-04
6.100000e-04	1.027727e-04
6.200000e-04	1.026580e-04
6.300000e-04	1.025434e-04
6.400000e-04	1.024287e-04
6.500000e-04	1.023141e-04
6.600000e-04	1.021994e-04
6.700000e-04	1.020847e-04
6.800000e-04	1.019701e-04
6.900000e-04	1.018554e-04
7.000000e-04	1.017408e-04
7.100000e-04	1.016261e-04
7.200000e-04	1.015114e-04
7.300000e-04	1.013968e-04
7.400000e-04	1.012821e-04
7.500000e-04	1.011675e-04
7.600000e-04	1.010528e-04
7.700000e-04	1.009382e-04
7.800000e-04	1.008235e-04
7.900000e-04	1.007088e-04
8.000000e-04	1.005942e-04
8.100000e-04	1.004795e-04
8.200000e-04	1.003649e-04
8.300000e-04	1.002502e-04
8.400000e-04	1.001355e-04
8.500000e-04	1.000209e-04
8.600000e-04	9.990623e-05
8.700000e-04	9.979157e-05
8.800000e-04	9.967691e-05
8.900000e-04	9.956225e-05
9.000000e-04	9.944759e-05
9.100000e-04	9.933293e-05
9.200000e-04	9.921828e-05
9.300000e-04	9.910362e-05
9.400000e-04	9.898896e-05
9.500000e-04	9.887430e-05
9.600000e-04	9.875964e-05
9.700000e-04	9.864498e-05
9.800000e-04	9.853033e-05
9.900000e-04	9.841567e-05
1.000000e-03	9.830101e-05
1.010000e-03	9.821936e-05
1.020000e-03	9.813772e-05
1.030000e-03	9.805608e-05
1.040000e-03	9.797443e-05
1.050000e-03	9.789279e-05
1.060000e-03	9.781115e-05
1.070000e-03	9.772950e-05
1.080000e-03	9.764786e-05
1.090000e-03	9.756622e-05
1.100000e-03	9.748457e-05
1.110000e-03	9.740293e-05
1.120000e-03	9.732129e-05
1.130000e-03	9.723964e-05
1.140000e-03	9.715800e-05
1.150000e-03	9.707635e-05
1.160000e-03	9.699471e-05
1.170000e-03	9.691307e-05
1.180000e-03	9.683142e-05
1.190000e-03	9.674978e-05
1.200000e-03	9.666814e-05
1.210000e-03	9.658649e-05
1.220000e-03	9.650485e-05
1.230000e-03	9.642321e-05
1.240000e-03	9.634156e-05
1.250000e-03	9.625992e-05
1.260000e-03	9.617828e-05
1.270000e-03	9.609663e-05
1.280000e-03	9.601499e-05
1.290000e-03	9.593334e-05
1.300000e-03	9.585170e-05
1.310000e-03	9.577006e-05
1.320000e-03	9.568841e-05
1.330000e-03	9.560677e-05
1.340000e-03	9.552513e-05
1.350000e-03	9.544348e-05
1.360000e-03	9.536184e-05
1.370000e-03	9.528020e-05
1.380000e-03	9.519855e-05
1.390000e-03	9.511691e-05
1.400000e-03	9.503526e-05
1.410000e-03	9.495362e-05
1.420000e-03	9.487198e-05
1.430000e-03	9.479033e-05
1.440000e-03	9.470869e-05
1.450000e-03	9.462705e-05
1.460000e-03	9.454540e-05
1.470000e-03	9.446376e-05
1.480000e-03	9.438212e-05
1.490000e-03	9.430047e-05
1.500000e-03	9.421883e-05
1.510000e-03	9.413719e-05
1.520000e-03	9.405554e-05
1.530000e-03	9.397390e-05
1.540000e-03	9.389225e-05
1.550000e-03	9.381061e-05
1.560000e-03	9.372897e-05
1.570000e-03	9.364732e-05
1.580000e-03	9.356568e-05
1.590000e-03	9.348404e-05
1.600000e-03	9.340239e-05
1.610000e-03	9.332075e-05
1.620000e-03	9.323911e-05
1.630000e-03	9.315746e-05
1.640000e-03	9.307582e-05
1.650000e-03	9.299418e-05
1.660000e-03	9.291253e-05
1.670000e-03	9.283089e-05
1.680000e-03	9.274924e-05
1.690000e-03	9.266760e-05
1.700000e-03	9.258596e-05
1.710000e-03	9.250431e-05
1.720000e-03	9.242267e-05
1.730000e-03	9.234103e-05
1.740000e-03	9.225938e-05
1.750000e-03	9.217774e-05
1.760000e-03	9.209610e-05
1.770000e-03	9.201445e-05
1.780000e-03	9.193281e-05
1.790000e-03	9.185116e-05
1.800000e-03	9.176952e-05
1.810000e-03	9.168788e-05
1.820000e-03	9.160623e-05
1.830000e-03	9.152459e-05
1.840000e-03	9.144295e-05
1.850000e-03	9.136130e-05
1.860000e-03	9.127966e-05
1.870000e-03	9.119802e-05
1.880000e-03	9.111637e-05
1.890000e-03	9.103473e-05
1.900000e-03	9.095309e-05
1.910000e-03	9.087144e-05
1.920000e-03	9.078980e-05
1.930000e-03	9.070815e-05
1.940000e-03	9.062651e-05
1.950000e-03	9.054487e-05
1.960000e-03	9.046322e-05
1.970000e-03	9.038158e-05
1.980000e-03	9.029994e-05
1.990000e-03	9.021829e-05
2.000000e-03	9.013665e-05
2.010000e-03	9.007165e-05
2.020000e-03	9.000666e-05
2.030000e-03	8.994166e-05
2.040000e-03	8.987666e-05
2.050000e-03	8.981167e-05
2.060000e-03	8.974667e-05
2.070000e-03	8.968167e-05
2.080000e-03	8.961667e-05
2.090000e-03	8.955168e-05
2.100000e-03	8.948668e-05
2.110000e-03	8.942168e-05
2.120000e-03	8.935669e-05
2.130000e-03	8.929169e-05
2.140000e-03	8.922669e-05
2.150000e-03	8.916170e-05
2.160000e-03	8.909670e-05
2.170000e-03	8.903170e-05
2.180000e-03	8.896671e-05
2.190000e-03	8.890171e-05
2.200000e-03	8.883671e-05
2.210000e-03	8.877172e-05
2.220000e-03	8.870672e-05
2.230000e-03	8.864172e-05
2.240000e-03	8.857673e-05
2.250000e-03	8.851173e-05
2.260000e-03	8.844673e-05
2.270000e-03	8.838173e-05
2.280000e-03	8.831674e-05
2.290000e-03	8.825174e-05
2.300000e-03	8.818674e-05
2.310000e-03	8.812175e-05
2.320000e-03	8.805675e-05
2.330000e-03	8.799175e-05
2.340000e-03	8.792676e-05
2.350000e-03	8.786176e-05
2.360000e-03	8.779676e-05
2.370000e-03	8.773177e-05
2.380000e-03	8.766677e-05
2.390000e-03	8.760177e-05
2.400000e-03	8.753678e-05
2.410000e-03	8.747178e-05
2.420000e-03	8.740678e-05
2.430000e-03	8.734178e-05
2.440000e-03	8.727679e-05
2.450000e-03	8.721179e-05
2.460000e-03	8.714679e-05
2.470000e-03	8.708180e-05
2.480000e-03	8.701680e-05
2.490000e-03	8.695180e-05
2.500000e-03	8.688681e-05
2.510000e-03	8.682181e-05
2.520000e-03	8.675681e-05
2.530000e-03	8.669182e-05
2.540000e-03	8.662682e-05
2.550000e-03	8.656182e-05
2.560000e-03	8.649683e-05
2.570000e-03	8.643183e-05
2.580000e-03	8.636683e-05
2.590000e-03	8.630184e-05
2.600000e-03	8.623684e-05
2.610000e-03	8.617184e-05
2.620000e-03	8.610684e-05
2.630000e-03	8.604185e-05
2.640000e-03	8.597685e-05
2.650000e-03	8.591185e-05
2.660000e-03	8.584686e-05
2.670000e-03	8.578186e-05
2.680000e-03	8.571686e-05
2.690000e-03	8.565187e-05
2.700000e-03	8.558687e-05
2.710000e-03	8.552187e-05
2.720000e-03	8.545688e-05
2.730000e-03	8.539188e-05
2.740000e-03	8.532688e-05
2.750000e-03	8.526189e-05
2.760000e-03	8.519689e-05
2.770000e-03	8.513189e-05
2.780000e-03	8.506690e-05
2.790000e-03	8.500190e-05
2.800000e-03	8.493690e-05
2.810000e-03	8.487190e-05
2.820000e-03	8.480691e-05
2.830000e-03	8.474191e-05
2.840000e-03	8.467691e-05
2.850000e-03	8.461192e-05
2.860000e-03	8.454692e-05
2.870000e-03	8.448192e-05
2.880000e-03	8.441693e-05
2.890000e-03	8.435193e-05
2.900000e-03	8.428693e-05
2.910000e-03	8.422194e-05
2.920000e-03	8.415694e-05
2.930000e-03	8.409194e-05
2.940000e-03	8.402695e-05
2.950000e-03	8.396195e-05
2.960000e-03	8.389695e-05
2.970000e-03	8.383195e-05
2.980000e-03	8.376696e-05
2.990000e-03	8.370196e-05
3.000000e-03	8.363696e-05
3.010000e-03	8.359272e-05
3.020000e-03	8.354848e-05
3.030000e-03	8.350424e-05
3.040000e-03	8.346000e-05
3.050000e-03	8.341576e-05
3.060000e-03	8.337151e-05
3.070000e-03	8.332727e-05
3.080000e-03	8.328303e-05
3.090000e-03	8.323879e-05
3.100000e-03	8.319455e-05
3.110000e-03	8.315031e-05
3.120000e-03	8.310606e-05
3.130000e-03	8.306182e-05
3.140000e-03	8.301758e-05
3.150000e-03	8.297334e-05
3.160000e-03	8.292910e-05
3.170000e-03	8.288486e-05
3.180000e-03	8.284061e-05
3.190000e-03	8.279637e-05
3.200000e-03	8.275213e-05
3.210000e-03	8.270789e-05
3.220000e-03	8.266365e-05
3.230000e-03	8.261941e-05
3.240000e-03	8.257516e-05
3.250000e-03	8.253092e-05
3.260000e-03	8.248668e-05
3.270000e-03	8.244244e-05
3.280000e-03	8.239820e-05
3.290000e-03	8.235395e-05
3.300000e-03	8.230971e-05
3.310000e-03	8.226547e-05
3.320000e-03	8.222123e-05
3.330000e-03	8.217699e-05
3.340000e-03	8.213275e-05
3.350000e-03	8.208850e-05
3.360000e-03	8.204426e-05
3.370000e-03	8.200002e-05
3.380000e-03	8.195578e-05
3.390000e-03	8.191154e-05
3.400000e-03	8.186730e-05
3.410000e-03	8.182305e-05
3.420000e-03	8.177881e-05
3.430000e-03	8.173457e-05
3.440000e-03	8.169033e-05
3.450000e-03	8.164609e-05
3.460000e-03	8.160185e-05
3.470000e-03	8.155760e-05
3.480000e-03	8.151336e-05
3.490000e-03	8.146912e-05
3.500000e-03	8.142488e-05
3.510000e-03	8.138064e-05
3.520000e-03	8.133640e-05
3.530000e-03	8.129215e-05
3.540000e-03	8.124791e-05
3.550000e-03	8.120367e-05
3.560000e-03	8.115943e-05
3.570000e-03	8.111519e-05
3.580000e-03	8.107095e-05
3.590000e-03	8.102670e-05
3.600000e-03	8.098246e-05
3.610000e-03	8.093822e-05
3.620000e-03	8.089398e-05
3.630000e-03	8.084974e-05
3.640000e-03	8.080550e-05
3.650000e-03	8.076125e-05
3.660000e-03	8.071701e-05
3.670000e-03	8.067277e-05
3.680000e-03	8.062853e-05
3.690000e-03	8.058429e-05
3.700000e-03	8.054005e-05
3.710000e-03	8.049580e-05
3.720000e-03	8.045156e-05
3.730000e-03	8.040732e-05
3.740000e-03	8.036308e-05
3.750000e-03	8.031884e-05
3.760000e-03	8.027459e-05
3.770000e-03	8.023035e-05
3.780000e-03	8.018611e-05
3.790000e-03	8.014187e-05
3.800000e-03	8.009763e-05
3.810000e-03	8.005339e-05
3.820000e-03	8.000914e-05
3.830000e-03	7.996490e-05
3.840000e-03	7.992066e-05
3.850000e-03	7.987642e-05
3.860000e-03	7.983218e-05
3.870000e-03	7.978794e-05
3.880000e-03	7.974369e-05
3.890000e-03	7.969945e-05
3.900000e-03	7.965521e-05
3.910000e-03	7.961097e-05
3.920000e-03	7.956673e-05
3.930000e-03	7.952249e-05
3.940000e-03	7.947824e-05
3.950000e-03	7.943400e-05
3.960000e-03	7.938976e-05
3.970000e-03	7.934552e-05
3.980000e-03	7.930128e-05
3.990000e-03	7.925704e-05
4.000000e-03	7.921279e-05
4.010000e-03	7.919288e-05
4.020000e-03	7.917297e-05
4.030000e-03	7.915306e-05
4.040000e-03	7.913315e-05
4.050000e-03	7.911324e-05
4.060000e-03	7.909333e-05
4.070000e-03	7.907342e-05
4.080000e-03	7.905351e-05
4.090000e-03	7.903360e-05
4.100000e-03	7.901368e-05
4.110000e-03	7.899377e-05
4.120000e-03	7.897386e-05
4.130000e-03	7.895395e-05
4.140000e-03	7.893404e-05
4.150000e-03	7.891413e-05
4.160000e-03	7.889422e-05
4.170000e-03	7.887431e-05
4.180000e-03	7.885440e-05
4.190000e-03	7.883449e-05
4.200000e-03	7.881457e-05
4.210000e-03	7.879466e-05
4.220000e-03	7.877475e-05
4.230000e-03	7.875484e-05
4.240000e-03	7.873493e-05
4.250000e-03	7.871502e-05
4.260000e-03	7.869511e-05
4.270000e-03	7.867520e-05
4.280000e-03	7.865529e-05
4.290000e-03	7.863538e-05
4.300000e-03	7.861546e-05
4.310000e-03	7.859555e-05
4.320000e-03	7.857564e-05
4.330000e-03	7.855573e-05
4.340000e-03	7.853582e-05
4.350000e-03	7.851591e-05
4.360000e-03	7.849600e-05
4.370000e-03	7.847609e-05
4.380000e-03	7.845618e-05
4.390000e-03	7.843627e-05
4.400000e-03	7.841636e-05
4.410000e-03	7.839644e-05
4.420000e-03	7.837653e-05
4.430000e-03	7.835662e-05
4.440000e-03	7.833671e-05
4.450000e-03	7.831680e-05
4.460000e-03	7.829689e-05
4.470000e-03	7.827698e-05
4.480000e-03	7.825707e-05
4.490000e-03	7.823716e-05
4.500000e-03	7.821725e-05
4.510000e-03	7.819733e-05
4.520000e-03	7.817742e-05
4.530000e-03	7.815751e-05
4.540000e-03	7.813760e-05
4.550000e-03	7.811769e-05
4.560000e-03	7.809778e-05
4.570000e-03	7.807787e-05
4.580000e-03	7.805796e-05
4.590000e-03	7.803805e-05
4.600000e-03	7.801814e-05
4.610000e-03	7.799822e-05
4.620000e-03	7.797831e-05
4.630000e-03	7.795840e-05
4.640000e-03	7.793849e-05
4.650000e-03	7.791858e-05
4.660000e-03	7.789867e-05
4.670000e-03	7.787876e-05
4.680000e-03	7.785885e-05
4.690000e-03	7.783894e-05
4.700000e-03	7.781903e-05
4.710000e-03	7.779912e-05
4.720000e-03	7.777920e-05
4.730000e-03	7.775929e-05
4.740000e-03	7.773938e-05
4.750000e-03	7.771947e-05
4.760000e-03	7.769956e-05
4.770000e-03	7.767965e-05
4.780000e-03	7.765974e-05
4.790000e-03	7.763983e-05
4.800000e-03	7.761992e-05
4.810000e-03	7.760001e-05
4.820000e-03	7.758009e-05
4.830000e-03	7.756018e-05
4.840000e-03	7.754027e-05
4.850000e-03	7.752036e-05
4.860000e-03	7.750045e-05
4.870000e-03	7.748054e-05
4.880000e-03	7.746063e-05
4.890000e-03	7.744072e-05
4.900000e-03	7.742081e-05
4.910000e-03	7.740090e-05
4.920000e-03	7.738098e-05
4.930000e-03	7.736107e-05
4.940000e-03	7.734116e-05
4.950000e-03	7.732125e-05
4.960000e-03	7.730134e-05
4.970000e-03	7.728143e-05
4.980000e-03	7.726152e-05
4.990000e-03	7.724161e-05
5.000000e-03	7.722170e-05
5.010000e-03	7.722799e-05
5.020000e-03	7.723427e-05
5.030000e-03	7.724056e-05
5.040000e-03	7.724685e-05
5.050000e-03	7.725314e-05
5.060000e-03	7.725943e-05
5.070000e-03	7.726572e-05
5.080000e-03	7.727201e-05
5.090000e-03	7.727830e-05
5.100000e-03	7.728459e-05
5.110000e-03	7.729087e-05
5.120000e-03	7.729716e-05
5.130000e-03	7.730345e-05
5.140000e-03	7.730974e-05
5.150000e-03	7.731603e-05
5.160000e-03	7.732232e-05
5.170000e-03	7.732861e-05
5.180000e-03	7.733490e-05
5.190000e-03	7.734118e-05
5.200000e-03	7.734747e-05
5.210000e-03	7.735376e-05
5.220000e-03	7.736005e-05
5.230000e-03	7.736634e-05
5.240000e-03	7.737263e-05
5.250000e-03	7.737892e-05
5.260000e-03	7.738521e-05
5.270000e-03	7.739150e-05
5.280000e-03	7.739778e-05
5.290000e-03	7.740407e-05
5.300000e-03	7.741036e-05
5.310000e-03	7.741665e-05
5.320000e-03	7.742294e-05
5.330000e-03	7.742923e-05
5.340000e-03	7.743552e-05
5.350000e-03	7.744181e-05
5.360000e-03	7.744810e-05
5.370000e-03	7.745438e-05
5.380000e-03	7.746067e-05
5.390000e-03	7.746696e-05
5.400000e-03	7.747325e-05
5.410000e-03	7.747954e-05
5.420000e-03	7.748583e-05
5.430000e-03	7.749212e-05
5.440000e-03	7.749841e-05
5.450000e-03	7.750469e-05
5.460000e-03	7.751098e-05
5.470000e-03	7.751727e-05
5.480000e-03	7.752356e-05
5.490000e-03	7.752985e-05
5.500000e-03	7.753614e-05
5.510000e-03	7.754243e-05
5.520000e-03	7.754872e-05
5.530000e-03	7.755501e-05
5.540000e-03	7.756129e-05
5.550000e-03	7.756758e-05
5.560000e-03	7.757387e-05
5.570000e-03	7.758016e-05
5.580000e-03	7.758645e-05
5.590000e-03	7.759274e-05
5.600000e-03	7.759903e-05
5.610000e-03	7.760532e-05
5.620000e-03	7.761160e-05
5.630000e-03	7.761789e-05
5.640000e-03	7.762418e-05
5.650000e-03	7.763047e-05
5.660000e-03	7.763676e-05
5.670000e-03	7.764305e-05
5.680000e-03	7.764934e-05
5.690000e-03	7.765563e-05
5.700000e-03	7.766192e-05
5.710000e-03	7.766820e-05
5.720000e-03	7.767449e-05
5.730000e-03	7.768078e-05
5.740000e-03	7.768707e-05
5.750000e-03	7.769336e-05
5.760000e-03	7.769965e-05
5.770000e-03	7.770594e-05
5.780000e-03	7.771223e-05
5.790000e-03	7.771852e-05
5.800000e-03	7.772480e-05
5.810000e-03	7.773109e-05
5.820000e-03	7.773738e-05
5.830000e-03	7.774367e-05
5.840000e-03	7.774996e-05
5.850000e-03	7.775625e-05
5.860000e-03	7.776254e-05
5.870000e-03	7.776883e-05
5.880000e-03	7.777511e-05
5.890000e-03	7.778140e-05
5.900000e-03	7.778769e-05
5.910000e-03	7.779398e-05
5.920000e-03	7.780027e-05
5.930000e-03	7.780656e-05
5.940000e-03	7.781285e-05
5.950000e-03	7.781914e-05
5.960000e-03	7.782543e-05
5.970000e-03	7.783171e-05
5.980000e-03	7.783800e-05
5.990000e-03	7.784429e-05
6.000000e-03	7.785058e-05
6.010000e-03	7.788246e-05
6.020000e-03	7.791434e-05
6.030000e-03	7.794622e-05
6.040000e-03	7.797810e-05
6.050000e-03	7.800998e-05
6.060000e-03	7.804185e-05
6.070000e-03	7.807373e-05
6.080000e-03	7.810561e-05
6.090000e-03	7.813749e-05
6.100000e-03	7.816937e-05
6.110000e-03	7.820125e-05
6.120000e-03	7.823313e-05
6.130000e-03	7.826501e-05
6.140000e-03	7.829689e-05
6.150000e-03	7.832876e-05
6.160000e-03	7.836064e-05
6.170000e-03	7.839252e-05
6.180000e-03	7.842440e-05
6.190000e-03	7.845628e-05
6.200000e-03	7.848816e-05
6.210000e-03	7.852004e-05
6.220000e-03	7.855192e-05
6.230000e-03	7.858380e-05
6.240000e-03	7.861568e-05
6.250000e-03	7.864755e-05
6.260000e-03	7.867943e-05
6.270000e-03	7.871131e-05
6.280000e-03	7.874319e-05
6.290000e-03	7.877507e-05
6.300000e-03	7.880695e-05
6.310000e-03	7.883883e-05
6.320000e-03	7.887071e-05
6.330000e-03	7.890259e-05
6.340000e-03	7.893446e-05
6.350000e-03	7.896634e-05
6.360000e-03	7.899822e-05
6.370000e-03	7.903010e-05
6.380000e-03	7.906198e-05
6.390000e-03	7.909386e-05
6.400000e-03	7.912574e-05
6.410000e-03	7.915762e-05
6.420000e-03	7.918950e-05
6.430000e-03	7.922137e-05
6.440000e-03	7.925325e-05
6.450000e-03	7.928513e-05
6.460000e-03	7.931701e-05
6.470000e-03	7.934889e-05
6.480000e-03	7.938077e-05
6.490000e-03	7.941265e-05
6.500000e-03	7.944453e-05
6.510000e-03	7.947641e-05
6.520000e-03	7.950829e-05
6.530000e-03	7.954016e-05
6.540000e-03	7.957204e-05
6.550000e-03	7.960392e-05
6.560000e-03	7.963580e-05
6.570000e-03	7.966768e-05
6.580000e-03	7.969956e-05
6.590000e-03	7.973144e-05
6.600000e-03	7.976332e-05
6.610000e-03	7.979520e-05
6.620000e-03	7.982707e-05
6.630000e-03	7.985895e-05
6.640000e-03	7.989083e-05
6.650000e-03	7.992271e-05
6.660000e-03	7.995459e-05
6.670000e-03	7.998647e-05
6.680000e-03	8.001835e-05
6.690000e-03	8.005023e-05
6.700000e-03	8.008211e-05
6.710000e-03	8.011398e-05
6.720000e-03	8.014586e-05
6.730000e-03	8.017774e-05
6.740000e-03	8.020962e-05
6.750000e-03	8.024150e-05
6.760000e-03	8.027338e-05
6.770000e-03	8.030526e-05
6.780000e-03	8.033714e-05
6.790000e-03	8.036902e-05
6.800000e-03	8.040090e-05
6.810000e-03	8.043277e-05
6.820000e-03	8.046465e-05
6.830000e-03	8.049653e-05
6.840000e-03	8.052841e-05
6.850000e-03	8.056029e-05
6.860000e-03	8.059217e-05
6.870000e-03	8.062405e-05
6.880000e-03	8.065593e-05
6.890000e-03	8.068781e-05
6.900000e-03	8.071968e-05
6.910000e-03	8.075156e-05
6.920000e-03	8.078344e-05
6.930000e-03	8.081532e-05
6.940000e-03	8.084720e-05
6.950000e-03	8.087908e-05
6.960000e-03	8.091096e-05
6.970000e-03	8.094284e-05
6.980000e-03	8.097472e-05
6.990000e-03	8.100659e-05
7.000000e-03	8.103847e-05
7.010000e-03	8.109312e-05
7.020000e-03	8.114776e-05
7.030000e-03	8.120241e-05
7.040000e-03	8.125705e-05
7.050000e-03	8.131170e-05
7.060000e-03	8.136634e-05
7.070000e-03	8.142098e-05
7.080000e-03	8.147563e-05
7.090000e-03	8.153027e-05
7.100000e-03	8.158492e-05
7.110000e-03	8.163956e-05
7.120000e-03	8.169421e-05
7.130000e-03	8.174885e-05
7.140000e-03	8.180350e-05
7.150000e-03	8.185814e-05
7.160000e-03	8.191278e-05
7.170000e-03	8.196743e-05
7.180000e-03	8.202207e-05
7.190000e-03	8.207672e-05
7.200000e-03	8.213136e-05
7.210000e-03	8.218601e-05
7.220000e-03	8.224065e-05
7.230000e-03	8.229530e-05
7.240000e-03	8.234994e-05
7.250000e-03	8.240458e-05
7.260000e-03	8.245923e-05
7.270000e-03	8.251387e-05
7.280000e-03	8.256852e-05
7.290000e-03	8.262316e-05
7.300000e-03	8.267781e-05
7.310000e-03	8.273245e-05
7.320000e-03	8.278709e-05
7.330000e-03	8.284174e-05
7.340000e-03	8.289638e-05
7.350000e-03	8.295103e-05
7.360000e-03	8.300567e-05
7.370000e-03	8.306032e-05
7.380000e-03	8.311496e-05
7.390000e-03	8.316961e-05
7.400000e-03	8.322425e-05
7.410000e-03	8.327889e-05
7.420000e-03	8.333354e-05
7.430000e-03	8.338818e-05
7.440000e-03	8.344283e-05
7.450000e-03	8.349747e-05
7.460000e-03	8.355212e-05
7.470000e-03	8.360676e-05
7.480000e-03	8.366141e-05
7.490000e-03	8.371605e-05
7.500000e-03	8.377069e-05
7.510000e-03	8.382534e-05
7.520000e-03	8.387998e-05
7.530000e-03	8.393463e-05
7.540000e-03	8.398927e-05
7.550000e-03	8.404392e-05
7.560000e-03	8.409856e-05
7.570000e-03	8.415321e-05
7.580000e-03	8.420785e-05
7.590000e-03	8.426249e-05
7.600000e-03	8.431714e-05
7.610000e-03	8.437178e-05
7.620000e-03	8.442643e-05
7.630000e-03	8.448107e-05
7.640000e-03	8.453572e-05
7.650000e-03	8.459036e-05
7.660000e-03	8.464500e-05
7.670000e-03	8.469965e-05
7.680000e-03	8.475429e-05
7.690000e-03	8.480894e-05
7.700000e-03	8.486358e-05
7.710000e-03	8.491823e-05
7.720000e-03	8.497287e-05
7.730000e-03	8.502752e-05
7.740000e-03	8.508216e-05
7.750000e-03	8.513680e-05
7.760000e-03	8.519145e-05
7.770000e-03	8.524609e-05
7.780000e-03	8.530074e-05
7.790000e-03	8.535538e-05
7.800000e-03	8.541003e-05
7.810000e-03	8.546467e-05
7.820000e-03	8.551932e-05
7.830000e-03	8.557396e-05
7.840000e-03	8.562860e-05
7.850000e-03	8.568325e-05
7.860000e-03	8.573789e-05
7.870000e-03	8.579254e-05
7.880000e-03	8.584718e-05
7.890000e-03	8.590183e-05
7.900000e-03	8.595647e-05
7.910000e-03	8.601112e-05
7.920000e-03	8.606576e-05
7.930000e-03	8.612040e-05
7.940000e-03	8.617505e-05
7.950000e-03	8.622969e-05
7.960000e-03	8.628434e-05
7.970000e-03	8.633898e-05
7.980000e-03	8.639363e-05
7.990000e-03	8.644827e-05
8.000000e-03	8.650291e-05
8.010000e-03	8.657636e-05
8.020000e-03	8.664980e-05
8.030000e-03	8.672324e-05
8.040000e-03	8.679668e-05
8.050000e-03	8.687012e-05
8.060000e-03	8.694356e-05
8.070000e-03	8.701701e-05
8.080000e-03	8.709045e-05
8.090000e-03	8.716389e-05
8.100000e-03	8.723733e-05
8.110000e-03	8.731077e-05
8.120000e-03	8.738421e-05
8.130000e-03	8.745766e-05
8.140000e-03	8.753110e-05
8.150000e-03	8.760454e-05
8.160000e-03	8.767798e-05
8.170000e-03	8.775142e-05
8.180000e-03	8.782486e-05
8.190000e-03	8.789830e-05
8.200000e-03	8.797175e-05
8.210000e-03	8.804519e-05
8.220000e-03	8.811863e-05
8.230000e-03	8.819207e-05
8.240000e-03	8.826551e-05
8.250000e-03	8.833895e-05
8.260000e-03	8.841240e-05
8.270000e-03	8.848584e-05
8.280000e-03	8.855928e-05
8.290000e-03	8.863272e-05
8.300000e-03	8.870616e-05
8.310000e-03	8.877960e-05
8.320000e-03	8.885305e-05
8.330000e-03	8.892649e-05
8.340000e-03	8.899993e-05
8.350000e-03	8.907337e-05
8.360000e-03	8.914681e-05
8.370000e-03	8.922025e-05
8.380000e-03	8.929369e-05
8.390000e-03	8.936714e-05
8.400000e-03	8.944058e-05
8.410000e-03	8.951402e-05
8.420000e-03	8.958746e-05
8.430000e-03	8.966090e-05
8.440000e-03	8.973434e-05
8.450000e-03	8.980779e-05
8.460000e-03	8.988123e-05
8.470000e-03	8.995467e-05
8.480000e-03	9.002811e-05
8.490000e-03	9.010155e-05
8.500000e-03	9.017499e-05
8.510000e-03	9.024844e-05
8.520000e-03	9.032188e-05
8.530000e-03	9.039532e-05
8.540000e-03	9.046876e-05
8.550000e-03	9.054220e-05
8.560000e-03	9.061564e-05
8.570000e-03	9.068908e-05
8.580000e-03	9.076253e-05
8.590000e-03	9.083597e-05
8.600000e-03	9.090941e-05
8.610000e-03	9.098285e-05
8.620000e-03	9.105629e-05
8.630000e-03	9.112973e-05
8.640000e-03	9.120318e-05
8.650000e-03	9.127662e-05
8.660000e-03	9.135006e-05
8.670000e-03	9.142350e-05
8.680000e-03	9.149694e-05
8.690000e-03	9.157038e-05
8.700000e-03	9.164383e-05
8.710000e-03	9.171727e-05
8.720000e-03	9.179071e-05
8.730000e-03	9.186415e-05
8.740000e-03	9.193759e-05
8.750000e-03	9.201103e-05
8.760000e-03	9.208447e-05
8.770000e-03	9.215792e-05
8.780000e-03	9.223136e-05
8.790000e-03	9.230480e-05
8.800000e-03	9.237824e-05
8.810000e-03	9.245168e-05
8.820000e-03	9.252512e-05
8.830000e-03	9.259857e-05
8.840000e-03	9.267201e-05
8.850000e-03	9.274545e-05
8.860000e-03	9.281889e-05
8.870000e-03	9.289233e-05
8.880000e-03	9.296577e-05
8.890000e-03	9.303922e-05
8.900000e-03	9.311266e-05
8.910000e-03	9.318610e-05
8.920000e-03	9.325954e-05
8.930000e-03	9.333298e-05
8.940000e-03	9.340642e-05
8.950000e-03	9.347986e-05
8.960000e-03	9.355331e-05
8.970000e-03	9.362675e-05
8.980000e-03	9.370019e-05
8.990000e-03	9.377363e-05
9.000000e-03	9.384707e-05
9.010000e-03	9.393529e-05
9.020000e-03	9.402350e-05
9.030000e-03	9.411171e-05
9.040000e-03	9.419992e-05
9.050000e-03	9.428814e-05
9.060000e-03	9.437635e-05
9.070000e-03	9.446456e-05
9.080000e-03	9.455278e-05
9.090000e-03	9.464099e-05
9.100000e-03	9.472920e-05
9.110000e-03	9.481741e-05
9.120000e-03	9.490563e-05
9.130000e-03	9.499384e-05
9.140000e-03	9.508205e-05
9.150000e-03	9.517026e-05
9.160000e-03	9.525848e-05
9.170000e-03	9.534669e-05
9.180000e-03	9.543490e-05
9.190000e-03	9.552312e-05
9.200000e-03	9.561133e-05
9.210000e-03	9.569954e-05
9.220000e-03	9.578775e-05
9.230000e-03	9.587597e-05
9.240000e-03	9.596418e-05
9.250000e-03	9.605239e-05
9.260000e-03	9.614061e-05
9.270000e-03	9.622882e-05
9.280000e-03	9.631703e-05
9.290000e-03	9.640524e-05
9.300000e-03	9.649346e-05
9.310000e-03	9.658167e-05
9.320000e-03	9.666988e-05
9.330000e-03	9.675810e-05
9.340000e-03	9.684631e-05
9.350000e-03	9.693452e-05
9.360000e-03	9.702273e-05
9.370000e-03	9.711095e-05
9.380000e-03	9.719916e-05
9.390000e-03	9.728737e-05
9.400000e-03	9.737558e-05
9.410000e-03	9.746380e-05
9.420000e-03	9.755201e-05
9.430000e-03	9.764022e-05
9.440000e-03	9.772844e-05
9.450000e-03	9.781665e-05
9.460000e-03	9.790486e-05
9.470000e-03	9.799307e-05
9.480000e-03	9.808129e-05
9.490000e-03	9.816950e-05
9.500000e-03	9.825771e-05
9.510000e-03	9.834593e-05
9.520000e-03	9.843414e-05
9.530000e-03	9.852235e-05
9.540000e-03	9.861056e-05
9.550000e-03	9.869878e-05
9.560000e-03	9.878699e-05
9.570000e-03	9.887520e-05
9.580000e-03	9.896342e-05
9.590000e-03	9.905163e-05
9.600000e-03	9.913984e-05
9.610000e-03	9.922805e-05
9.620000e-03	9.931627e-05
9.630000e-03	9.940448e-05
9.640000e-03	9.949269e-05
9.650000e-03	9.958090e-05
9.660000e-03	9.966912e-05
9.670000e-03	9.975733e-05
9.680000e-03	9.984554e-05
9.690000e-03	9.993376e-05
9.700000e-03	1.000220e-04
9.710000e-03	1.001102e-04
9.720000e-03	1.001984e-04
9.730000e-03	1.002866e-04
9.740000e-03	1.003748e-04
9.750000e-03	1.004630e-04
9.760000e-03	1.005512e-04
9.770000e-03	1.006395e-04
9.780000e-03	1.007277e-04
9.790000e-03	1.008159e-04
9.800000e-03	1.009041e-04
9.810000e-03	1.009923e-04
9.820000e-03	1.010805e-04
9.830000e-03	1.011687e-04
9.840000e-03	1.012569e-04
9.850000e-03	1.013452e-04
9.860000e-03	1.014334e-04
9.870000e-03	1.015216e-04
9.880000e-03	1.016098e-04
9.890000e-03	1.016980e-04
9.900000e-03	1.017862e-04
9.910000e-03	1.018744e-04
9.920000e-03	1.019627e-04
9.930000e-03	1.020509e-04
9.940000e-03	1.021391e-04
9.950000e-03	1.022273e-04
9.960000e-03	1.023155e-04
9.970000e-03	1.024037e-04
9.980000e-03	1.024919e-04
9.990000e-03	1.025801e-04
1.000000e-02	1.026684e-04
1.001000e-02	1.027901e-04
1.002000e-02	1.029119e-04
1.003000e-02	1.030337e-04
1.004000e-02	1.031554e-04
1.005000e-02	1.032772e-04
1.006000e-02	1.033990e-04
1.007000e-02	1.035207e-04
1.008000e-02	1.036425e-04
1.009000e-02	1.037642e-04
1.010000e-02	1.038860e-04
1.011000e-02	1.040078e-04
1.012000e-02	1.041295e-04
1.013000e-02	1.042513e-04
1.014000e-02	1.043731e-04
1.015000e-02	1.044948e-04
1.016000e-02	1.046166e-04
1.017000e-02	1.047384e-04
1.018000e-02	1.048601e-04
1.019000e-02	1.049819e-04
1.020000e-02	1.051037e-04
1.021000e-02	1.052254e-04
1.022000e-02	1.053472e-04
1.023000e-02	1.054690e-04
1.024000e-02	1.055907e-04
1.025000e-02	1.057125e-04
1.026000e-02	1.058343e-04
1.027000e-02	1.059560e-04
1.028000e-02	1.060778e-04
1.029000e-02	1.061996e-04
1.030000e-02	1.063213e-04
1.031000e-02	1.064431e-04
1.032000e-02	1.065649e-04
1.033000e-02	1.066866e-04
1.034000e-02	1.068084e-04
1.035000e-02	1.069302e-04
1.036000e-02	1.070519e-04
1.037000e-02	1.071737e-04
1.038000e-02	1.072955e-04
1.039000e-02	1.074172e-04
1.040000e-02	1.075390e-04
1.041000e-02	1.076608e-04
1.042000e-02	1.077825e-04
1.043000e-02	1.079043e-04
1.044000e-02	1.080261e-04
1.045000e-02	1.081478e-04
1.046000e-02	1.082696e-04
1.047000e-02	1.083914e-04
1.048000e-02	1.085131e-04
1.049000e-02	1.086349e-04
1.050000e-02	1.087567e-04
1.051000e-02	1.088784e-04
1.052000e-02	1.090002e-04
1.053000e-02	1.091220e-04
1.054000e-02	1.092437e-04
1.055000e-02	1.093655e-04
1.056000e-02	1.094873e-04
1.057000e-02	1.096090e-04
1.058000e-02	1.097308e-04
1.059000e-02	1.098526e-04
1.060000e-02	1.099743e-04
1.061000e-02	1.100961e-04
1.062000e-02	1.102179e-04
1.063000e-02	1.103396e-04
1.064000e-02	1.104614e-04
1.065000e-02	1.105832e-04
1.066000e-02	1.107049e-04
1.067000e-02	1.108267e-04
1.068000e-02	1.109485e-04
1.069000e-02	1.110702e-04
1.070000e-02	1.111920e-04
1.071000e-02	1.113138e-04
1.072000e-02	1.114355e-04
1.073000e-02	1.115573e-04
1.074000e-02	1.116791e-04
1.075000e-02	1.118008e-04
1.076000e-02	1.119226e-04
1.077000e-02	1.120444e-04
1.078000e-02	1.121661e-04
1.079000e-02	1.122879e-04
1.080000e-02	1.124097e-04
1.081000e-02	1.125314e-04
1.082000e-02	1.126532e-04
1.083000e-02	1.127750e-04
1.084000e-02	1.128967e-04
1.085000e-02	1.130185e-04
1.086000e-02	1.131403e-04
1.087000e-02	1.132620e-04
1.088000e-02	1.133838e-04
1.089000e-02	1.135056e-04
1.090000e-02	1.136273e-04
1.091000e-02	1.137491e-04
1.092000e-02	1.138708e-04
1.093000e-02	1.139926e-04
1.094000e-02	1.141144e-04
1.095000e-02	1.142361e-04
1.096000e-02	1.143579e-04
1.097000e-02	1.144797e-04
1.098000e-02	1.146014e-04
1.099000e-02	1.147232e-04
1.100000e-02	1.148450e-04
1.101000e-02	1.149667e-04
1.102000e-02	1.150885e-04
1.103000e-02	1.152103e-04
1.104000e-02	1.153320e-04
1.105000e-02	1.154538e-04
1.106000e-02	1.155756e-04
1.107000e-02	1.156973e-04
1.108000e-02	1.158191e-04
1.109000e-02	1.159409e-04
1.110000e-02	1.160626e-04
1.111000e-02	1.161844e-04
1.112000e-02	1.163062e-04
1.113000e-02	1.164279e-04
1.114000e-02	1.165497e-04
1.115000e-02	1.166715e-04
1.116000e-02	1.167932e-04
1.117000e-02	1.169150e-04
1.118000e-02	1.170368e-04
1.119000e-02	1.171585e-04
1.120000e-02	1.172803e-04
1.121000e-02	1.174021e-04
1.122000e-02	1.175238e-04
1.123000e-02	1.176456e-04
1.124000e-02	1.177674e-04
1.125000e-02	1.178891e-04
1.126000e-02	1.180109e-04
1.127000e-02	1.181327e-04
1.128000e-02	1.182544e-04
1.129000e-02	1.183762e-04
1.130000e-02	1.184980e-04
1.131000e-02	1.186197e-04
1.132000e-02	1.187415e-04
1.133000e-02	1.188633e-04
1.134000e-02	1.189850e-04
1.135000e-02	1.191068e-04
1.136000e-02	1.192286e-04
1.137000e-02	1.193503e-04
1.138000e-02	1.194721e-04
1.139000e-02	1.195939e-04
1.140000e-02	1.197156e-04
1.141000e-02	1.198374e-04
1.142000e-02	1.199592e-04
1.143000e-02	1.200809e-04
1.144000e-02	1.202027e-04
1.145000e-02	1.203245e-04
1.146000e-02	1.204462e-04
1.147000e-02	1.205680e-04
1.148000e-02	1.206898e-04
1.149000e-02	1.208115e-04
1.150000e-02	1.209333e-04
1.151000e-02	1.210551e-04
1.152000e-02	1.211768e-04
1.153000e-02	1.212986e-04
1.154000e-02	1.214204e-04
1.155000e-02	1.215421e-04
1.156000e-02	1.216639e-04
1.157000e-02	1.217857e-04
1.158000e-02	1.219074e-04
1.159000e-02	1.220292e-04
1.160000e-02	1.221510e-04
1.161000e-02	1.222727e-04
1.162000e-02	1.223945e-04
1.163000e-02	1.225163e-04
1.164000e-02	1.226380e-04
1.165000e-02	1.227598e-04
1.166000e-02	1.228816e-04
1.167000e-02	1.230033e-04
1.168000e-02	1.231251e-04
1.169000e-02	1.232469e-04
1.170000e-02	1.233686e-04
1.171000e-02	1.234904e-04
1.172000e-02	1.236122e-04
1.173000e-02	1.237339e-04
1.174000e-02	1.238557e-04
1.175000e-02	1.239774e-04
1.176000e-02	1.240992e-04
1.177000e-02	1.242210e-04
1.178000e-02	1.243427e-04
1.179000e-02	1.244645e-04
1.180000e-02	1.245863e-04
1.181000e-02	1.247080e-04
1.182000e-02	1.248298e-04
1.183000e-02	1.249516e-04
1.184000e-02	1.250733e-04
1.185000e-02	1.251951e-04
1.186000e-02	1.253169e-04
1.187000e-02	1.254386e-04
1.188000e-02	1.255604e-04
1.189000e-02	1.256822e-04
1.190000e-02	1.258039e-04
1.191000e-02	1.259257e-04
1.192000e-02	1.260475e-04
1.193000e-02	1.261692e-04
1.194000e-02	1.262910e-04
1.195000e-02	1.264128e-04
1.196000e-02	1.265345e-04
1.197000e-02	1.266563e-04
1.198000e-02	1.267781e-04
1.199000e-02	1.268998e-04
1.200000e-02	1.270216e-04
1.201000e-02	1.271434e-04
1.202000e-02	1.272651e-04
1.203000e-02	1.273869e-04
1.204000e-02	1.275087e-04
1.205000e-02	1.276304e-04
1.206000e-02	1.277522e-04
1.207000e-02	1.278740e-04
1.208000e-02	1.279957e-04
1.209000e-02	1.281175e-04
1.210000e-02	1.282393e-04
1.211000e-02	1.283610e-04
1.212000e-02	1.284828e-04
1.213000e-02	1.286046e-04
1.214000e-02	1.287263e-04
1.215000e-02	1.288481e-04
1.216000e-02	1.289699e-04
1.217000e-02	1.290916e-04
1.218000e-02	1.292134e-04
1.219000e-02	1.293352e-04
1.220000e-02	1.294569e-04
1.221000e-02	1.295787e-04
1.222000e-02	1.297005e-04
1.223000e-02	1.298222e-04
1.224000e-02	1.299440e-04
1.225000e-02	1.300658e-04
1.226000e-02	1.301875e-04
1.227000e-02	1.303093e-04
1.228000e-02	1.304311e-04
1.229000e-02	1.305528e-04
1.230000e-02	1.306746e-04
1.231000e-02	1.307964e-04
1.232000e-02	1.309181e-04
1.233000e-02	1.310399e-04
1.234000e-02	1.311617e-04
1.235000e-02	1.312834e-04
1.236000e-02	1.314052e-04
1.237000e-02	1.315270e-04
1.238000e-02	1.316487e-04
1.239000e-02	1.317705e-04
1.240000e-02	1.318923e-04
1.241000e-02	1.320140e-04
1.242000e-02	1.321358e-04
1.243000e-02	1.322576e-04
1.244000e-02	1.323793e-04
1.245000e-02	1.325011e-04
1.246000e-02	1.326229e-04
1.247000e-02	1.327446e-04
1.248000e-02	1.328664e-04
1.249000e-02	1.329882e-04
1.250000e-02	1.331099e-04
1.251000e-02	1.332317e-04
1.252000e-02	1.333535e-04
1.253000e-02	1.334752e-04
1.254000e-02	1.335970e-04
1.255000e-02	1.337188e-04
1.256000e-02	1.338405e-04
1.257000e-02	1.339623e-04
1.258000e-02	1.340841e-04
1.259000e-02	1.342058e-04
1.260000e-02	1.343276e-04
1.261000e-02	1.344493e-04
1.262000e-02	1.345711e-04
1.263000e-02	1.346929e-04
1.264000e-02	1.348146e-04
1.265000e-02	1.349364e-04
1.266000e-02	1.350582e-04
1.267000e-02	1.351799e-04
1.268000e-02	1.353017e-04
1.269000e-02	1.354235e-04
1.270000e-02	1.355452e-04
1.271000e-02	1.356670e-04
1.272000e-02	1.357888e-04
1.273000e-02	1.359105e-04
1.274000e-02	1.360323e-04
1.275000e-02	1.361541e-04
1.276000e-02	1.362758e-04
1.277000e-02	1.363976e-04
1.278000e-02	1.365194e-04
1.279000e-02	1.366411e-04
1.280000e-02	1.367629e-04
1.281000e-02	1.368847e-04
1.282000e-02	1.370064e-04
1.283000e-02	1.371282e-04
1.284000e-02	1.372500e-04
1.285000e-02	1.373717e-04
1.286000e-02	1.374935e-04
1.287000e-02	1.376153e-04
1.288000e-02	1.377370e-04
1.289000e-02	1.378588e-04
1.290000e-02	1.379806e-04
1.291000e-02	1.381023e-04
1.292000e-02	1.382241e-04
1.293000e-02	1.383459e-04
1.294000e-02	1.384676e-04
1.295000e-02	1.385894e-04
1.296000e-02	1.387112e-04
1.297000e-02	1.388329e-04
1.298000e-02	1.389547e-04
1.299000e-02	1.390765e-04
1.300000e-02	1.391982e-04
1.301000e-02	1.393200e-04
1.302000e-02	1.394418e-04
1.303000e-02	1.395635e-04
1.304000e-02	1.396853e-04
1.305000e-02	1.398071e-04
1.306000e-02	1.399288e-04
1.307000e-02	1.400506e-04
1.308000e-02	1.401724e-04
1.309000e-02	1.402941e-04
1.310000e-02	1.404159e-04
1.311000e-02	1.405377e-04
1.312000e-02	1.406594e-04
1.313000e-02	1.407812e-04
1.314000e-02	1.409030e-04
1.315000e-02	1.410247e-04
1.316000e-02	1.411465e-04
1.317000e-02	1.412683e-04
1.318000e-02	1.413900e-04
1.319000e-02	1.415118e-04
1.320000e-02	1.416336e-04
1.321000e-02	1.417553e-04
1.322000e-02	1.418771e-04
1.323000e-02	1.419989e-04
1.324000e-02	1.421206e-04
1.325000e-02	1.422424e-04
1.326000e-02	1.423642e-04
1.327000e-02	1.424859e-04
1.328000e-02	1.426077e-04
1.329000e-02	1.427295e-04
1.330000e-02	1.428512e-04
1.331000e-02	1.429730e-04
1.332000e-02	1.430948e-04
1.333000e-02	1.432165e-04
1.334000e-02	1.433383e-04
1.335000e-02	1.434601e-04
1.336000e-02	1.435818e-04
1.337000e-02	1.437036e-04
1.338000e-02	1.438254e-04
1.339000e-02	1.439471e-04
1.340000e-02	1.440689e-04
1.341000e-02	1.441907e-04
1.342000e-02	1.443124e-04
1.343000e-02	1.444342e-04
1.344000e-02	1.445559e-04
1.345000e-02	1.446777e-04
1.346000e-02	1.447995e-04
1.347000e-02	1.449212e-04
1.348000e-02	1.450430e-04
1.349000e-02	1.451648e-04
1.350000e-02	1.452865e-04
1.351000e-02	1.454083e-04
1.352000e-02	1.455301e-04
1.353000e-02	1.456518e-04
1.354000e-02	1.457736e-04
1.355000e-02	1.458954e-04
1.356000e-02	1.460171e-04
1.357000e-02	1.461389e-04
1.358000e-02	1.462607e-04
1.359000e-02	1.463824e-04
1.360000e-02	1.465042e-04
1.361000e-02	1.466260e-04
1.362000e-02	1.467477e-04
1.363000e-02	1.468695e-04
1.364000e-02	1.469913e-04
1.365000e-02	1.471130e-04
1.366000e-02	1.472348e-04
1.367000e-02	1.473566e-04
1.368000e-02	1.474783e-04
1.369000e-02	1.476001e-04
1.370000e-02	1.477219e-04
1.371000e-02	1.478436e-04
1.372000e-02	1.479654e-04
1.373000e-02	1.480872e-04
1.374000e-02	1.482089e-04
1.375000e-02	1.483307e-04
1.376000e-02	1.484525e-04
1.377000e-02	1.485742e-04
1.378000e-02	1.486960e-04
1.379000e-02	1.488178e-04
1.380000e-02	1.489395e-04
1.381000e-02	1.490613e-04
1.382000e-02	1.491831e-04
1.383000e-02	1.493048e-04
1.384000e-02	1.494266e-04
1.385000e-02	1.495484e-04
1.386000e-02	1.496701e-04
1.387000e-02	1.497919e-04
1.388000e-02	1.499137e-04
1.389000e-02	1.500354e-04
1.390000e-02	1.501572e-04
1.391000e-02	1.502790e-04
1.392000e-02	1.504007e-04
1.393000e-02	1.505225e-04
1.394000e-02	1.506443e-04
1.395000e-02	1.507660e-04
1.396000e-02	1.508878e-04
1.397000e-02	1.510096e-04
1.398000e-02	1.511313e-04
1.399000e-02	1.512531e-04
1.400000e-02	1.513749e-04
1.401000e-02	1.514966e-04
1.402000e-02	1.516184e-04
1.403000e-02	1.517402e-04
1.404000e-02	1.518619e-04
1.405000e-02	1.519837e-04
1.406000e-02	1.521055e-04
1.407000e-02	1.522272e-04
1.408000e-02	1.523490e-04
1.409000e-02	1.524708e-04
1.410000e-02	1.525925e-04
1.411000e-02	1.527143e-04
1.412000e-02	1.528361e-04
1.413000e-02	1.529578e-04
1.414000e-02	1.530796e-04
1.415000e-02	1.532014e-04
1.416000e-02	1.533231e-04
1.417000e-02	1.534449e-04
1.418000e-02	1.535667e-04
1.419000e-02	1.536884e-04
1.420000e-02	1.538102e-04
1.421000e-02	1.539320e-04
1.422000e-02	1.540537e-04
1.423000e-02	1.541755e-04
1.424000e-02	1.542973e-04
1.425000e-02	1.544190e-04
1.426000e-02	1.545408e-04
1.427000e-02	1.546625e-04
1.428000e-02	1.547843e-04
1.429000e-02	1.549061e-04
1.430000e-02	1.550278e-04
1.431000e-02	1.551496e-04
1.432000e-02	1.552714e-04
1.433000e-02	1.553931e-04
1.434000e-02	1.555149e-04
1.435000e-02	1.556367e-04
1.436000e-02	1.557584e-04
1.437000e-02	1.558802e-04
1.438000e-02	1.560020e-04
1.439000e-02	1.561237e-04
1.440000e-02	1.562455e-04
1.441000e-02	1.563673e-04
1.442000e-02	1.564890e-04
1.443000e-02	1.566108e-04
1.444000e-02	1.567326e-04
1.445000e-02	1.568543e-04
1.446000e-02	1.569761e-04
1.447000e-02	1.570979e-04
1.448000e-02	1.572196e-04
1.449000e-02	1.573414e-04
1.450000e-02	1.574632e-04
1.451000e-02	1.575849e-04
1.452000e-02	1.577067e-04
1.453000e-02	1.578285e-04
1.454000e-02	1.579502e-04
1.455000e-02	1.580720e-04
1.456000e-02	1.581938e-04
1.457000e-02	1.583155e-04
1.458000e-02	1.584373e-04
1.459000e-02	1.585591e-04
1.460000e-02	1.586808e-04
1.461000e-02	1.588026e-04
1.462000e-02	1.589244e-04
1.463000e-02	1.590461e-04
1.464000e-02	1.591679e-04
1.465000e-02	1.592897e-04
1.466000e-02	1.594114e-04
1.467000e-02	1.595332e-04
1.468000e-02	1.596550e-04
1.469000e-02	1.597767e-04
1.470000e-02	1.598985e-04
1.471000e-02	1.600203e-04
1.472000e-02	1.601420e-04
1.473000e-02	1.602638e-04
1.474000e-02	1.603856e-04
1.475000e-02	1.605073e-04
1.476000e-02	1.606291e-04
1.477000e-02	1.607509e-04
1.478000e-02	1.608726e-04
1.479000e-02	1.609944e-04
1.480000e-02	1.611162e-04
1.481000e-02	1.612379e-04
1.482000e-02	1.613597e-04
1.483000e-02	1.614815e-04
1.484000e-02	1.616032e-04
1.485000e-02	1.617250e-04
1.486000e-02	1.618468e-04
1.487000e-02	1.619685e-04
1.488000e-02	1.620903e-04
1.489000e-02	1.622121e-04
1.490000e-02	1.623338e-04
1.491000e-02	1.624556e-04
1.492000e-02	1.625774e-04
1.493000e-02	1.626991e-04
1.494000e-02	1.628209e-04
1.495000e-02	1.629427e-04
1.496000e-02	1.630644e-04
1.497000e-02	1.631862e-04
1.498000e-02	1.633080e-04
1.499000e-02	1.634297e-04
1.500000e-02	1.635515e-04
1.501000e-02	1.636733e-04
1.502000e-02	1.637950e-04
1.503000e-02	1.639168e-04
1.504000e-02	1.640386e-04
1.505000e-02	1.641603e-04
1.506000e-02	1.642821e-04
1.507000e-02	1.644039e-04
1.508000e-02	1.645256e-04
1.509000e-02	1.646474e-04
1.510000e-02	1.647691e-04
1.511000e-02	1.648909e-04
1.512000e-02	1.650127e-04
1.513000e-02	1.651344e-04
1.514000e-02	1.652562e-04
1.515000e-02	1.653780e-04
1.516000e-02	1.654997e-04
1.517000e-02	1.656215e-04
1.518000e-02	1.657433e-04
1.519000e-02	1.658650e-04
1.520000e-02	1.659868e-04
1.521000e-02	1.661086e-04
1.522000e-02	1.662303e-04
1.523000e-02	1.663521e-04
1.524000e-02	1.664739e-04
1.525000e-02	1.665956e-04
1.526000e-02	1.667174e-04
1.527000e-02	1.668392e-04
1.528000e-02	1.669609e-04
1.529000e-02	1.670827e-04
1.530000e-02	1.672045e-04
1.531000e-02	1.673262e-04
1.532000e-02	1.674480e-04
1.533000e-02	1.675698e-04
1.534000e-02	1.676915e-04
1.535000e-02	1.678133e-04
1.536000e-02	1.679351e-04
1.537000e-02	1.680568e-04
1.538000e-02	1.681786e-04
1.539000e-02	1.683004e-04
1.540000e-02	1.684221e-04
1.541000e-02	1.685439e-04
1.542000e-02	1.686657e-04
1.543000e-02	1.687874e-04
1.544000e-02	1.689092e-04
1.545000e-02	1.690310e-04
1.546000e-02	1.691527e-04
1.547000e-02	1.692745e-04
1.548000e-02	1.693963e-04
1.549000e-02	1.695180e-04
1.550000e-02	1.696398e-04
1.551000e-02	1.697616e-04
1.552000e-02	1.698833e-04
1.553000e-02	1.700051e-04
1.554000e-02	1.701269e-04
1.555000e-02	1.702486e-04
1.556000e-02	1.703704e-04
1.557000e-02	1.704922e-04
1.558000e-02	1.706139e-04
1.559000e-02	1.707357e-04
1.560000e-02	1.708575e-04
1.561000e-02	1.709792e-04
1.562000e-02	1.711010e-04
1.563000e-02	1.712228e-04
1.564000e-02	1.713445e-04
1.565000e-02	1.714663e-04
1.566000e-02	1.715881e-04
1.567000e-02	1.717098e-04
1.568000e-02	1.718316e-04
1.569000e-02	1.719534e-04
1.570000e-02	1.720751e-04
1.571000e-02	1.721969e-04
1.572000e-02	1.723187e-04
1.573000e-02	1.724404e-04
1.574000e-02	1.725622e-04
1.575000e-02	1.726840e-04
1.576000e-02	1.728057e-04
1.577000e-02	1.729275e-04
1.578000e-02	1.730493e-04
1.579000e-02	1.731710e-04
1.580000e-02	1.732928e-04
1.581000e-02	1.734146e-04
1.582000e-02	1.735363e-04
1.583000e-02	1.736581e-04
1.584000e-02	1.737799e-04
1.585000e-02	1.739016e-04
1.586000e-02	1.740234e-04
1.587000e-02	1.741452e-04
1.588000e-02	1.742669e-04
1.589000e-02	1.743887e-04
1.590000e-02	1.745105e-04
1.591000e-02	1.746322e-04
1.592000e-02	1.747540e-04
1.593000e-02	1.748758e-04
1.594000e-02	1.749975e-04
1.595000e-02	1.751193e-04
1.596000e-02	1.752410e-04
1.597000e-02	1.753628e-04
1.598000e-02	1.754846e-04
1.599000e-02	1.756063e-04
1.600000e-02	1.757281e-04
1.601000e-02	1.758499e-04
1.602000e-02	1.759716e-04
1.603000e-02	1.760934e-04
1.604000e-02	1.762152e-04
1.605000e-02	1.763369e-04
1.606000e-02	1.764587e-04
1.607000e-02	1.765805e-04
1.608000e-02	1.767022e-04
1.609000e-02	1.768240e-04
1.610000e-02	1.769458e-04
1.611000e-02	1.770675e-04
1.612000e-02	1.771893e-04
1.613000e-02	1.773111e-04
1.614000e-02	1.774328e-04
1.615000e-02	1.775546e-04
1.616000e-02	1.776764e-04
1.617000e-02	1.777981e-04
1.618000e-02	1.779199e-04
1.619000e-02	1.780417e-04
1.620000e-02	1.781634e-04
1.621000e-02	1.782852e-04
1.622000e-02	1.784070e-04
1.623000e-02	1.785287e-04
1.624000e-02	1.786505e-04
1.625000e-02	1.787723e-04
1.626000e-02	1.788940e-04
1.627000e-02	1.790158e-04
1.628000e-02	1.791376e-04
1.629000e-02	1.792593e-04
1.630000e-02	1.793811e-04
1.631000e-02	1.795029e-04
1.632000e-02	1.796246e-04
1.633000e-02	1.797464e-04
1.634000e-02	1.798682e-04
1.635000e-02	1.799899e-04
1.636000e-02	1.801117e-04
1.637000e-02	1.802335e-04
1.638000e-02	1.803552e-04
1.639000e-02	1.804770e-04
1.640000e-02	1.805988e-04
1.641000e-02	1.807205e-04
1.642000e-02	1.808423e-04
1.643000e-02	1.809641e-04
1.644000e-02	1.810858e-04
1.645000e-02	1.812076e-04
1.646000e-02	1.813294e-04
1.647000e-02	1.814511e-04
1.648000e-02	1.815729e-04
1.649000e-02	1.816947e-04
1.650000e-02	1.818164e-04
1.651000e-02	1.819382e-04
1.652000e-02	1.820600e-04
1.653000e-02	1.821817e-04
1.654000e-02	1.823035e-04
1.655000e-02	1.824253e-04
1.656000e-02	1.825470e-04
1.657000e-02	1.826688e-04
1.658000e-02	1.827906e-04
1.659000e-02	1.829123e-04
1.660000e-02	1.830341e-04
1.661000e-02	1.831559e-04
1.662000e-02	1.832776e-04
1.663000e-02	1.833994e-04
1.664000e-02	1.835212e-04
1.665000e-02	1.836429e-04
1.666000e-02	1.837647e-04
1.667000e-02	1.838865e-04
1.668000e-02	1.840082e-04
1.669000e-02	1.841300e-04
1.670000e-02	1.842518e-04
1.671000e-02	1.843735e-04
1.672000e-02	1.844953e-04
1.673000e-02	1.846171e-04
1.674000e-02	1.847388e-04
1.675000e-02	1.848606e-04
1.676000e-02	1.849824e-04
1.677000e-02	1.851041e-04
1.678000e-02	1.852259e-04
1.679000e-02	1.853476e-04
1.680000e-02	1.854694e-04
1.681000e-02	1.855912e-04
1.682000e-02	1.857129e-04
1.683000e-02	1.858347e-04
1.684000e-02	1.859565e-04
1.685000e-02	1.860782e-04
1.686000e-02	1.862000e-04
1.687000e-02	1.863218e-04
1.688000e-02	1.864435e-04
1.689000e-02	1.865653e-04
1.690000e-02	1.866871e-04
1.691000e-02	1.868088e-04
1.692000e-02	1.869306e-04
1.693000e-02	1.870524e-04
1.694000e-02	1.871741e-04
1.695000e-02	1.872959e-04
1.696000e-02	1.874177e-04
1.697000e-02	1.875394e-04
1.698000e-02	1.876612e-04
1.699000e-02	1.877830e-04
1.700000e-02	1.879047e-04
1.701000e-02	1.880265e-04
1.702000e-02	1.881483e-04
1.703000e-02	1.882700e-04
1.704000e-02	1.883918e-04
1.705000e-02	1.885136e-04
1.706000e-02	1.886353e-04
1.707000e-02	1.887571e-04
1.708000e-02	1.888789e-04
1.709000e-02	1.890006e-04
1.710000e-02	1.891224e-04
1.711000e-02	1.892442e-04
1.712000e-02	1.893659e-04
1.713000e-02	1.894877e-04
1.714000e-02	1.896095e-04
1.715000e-02	1.897312e-04
1.716000e-02	1.898530e-04
1.717000e-02	1.899748e-04
1.718000e-02	1.900965e-04
1.719000e-02	1.902183e-04
1.720000e-02	1.903401e-04
1.721000e-02	1.904618e-04
1.722000e-02	1.905836e-04
1.723000e-02	1.907054e-04
1.724000e-02	1.908271e-04
1.725000e-02	1.909489e-04
1.726000e-02	1.910707e-04
1.727000e-02	1.911924e-04
1.728000e-02	1.913142e-04
1.729000e-02	1.914360e-04
1.730000e-02	1.915577e-04
1.731000e-02	1.916795e-04
1.732000e-02	1.918013e-04
1.733000e-02	1.919230e-04
1.734000e-02	1.920448e-04
1.735000e-02	1.921666e-04
1.736000e-02	1.922883e-04
1.737000e-02	1.924101e-04
1.738000e-02	1.925319e-04
1.739000e-02	1.926536e-04
1.740000e-02	1.927754e-04
1.741000e-02	1.928972e-04
1.742000e-02	1.930189e-04
1.743000e-02	1.931407e-04
1.744000e-02	1.932625e-04
1.745000e-02	1.933842e-04
1.746000e-02	1.935060e-04
1.747000e-02	1.936278e-04
1.748000e-02	1.937495e-04
1.749000e-02	1.938713e-04
1.750000e-02	1.939931e-04
1.751000e-02	1.941148e-04
1.752000e-02	1.942366e-04
1.753000e-02	1.943584e-04
1.754000e-02	1.944801e-04
1.755000e-02	1.946019e-04
1.756000e-02	1.947237e-04
1.757000e-02	1.948454e-04
1.758000e-02	1.949672e-04
1.759000e-02	1.950890e-04
1.760000e-02	1.952107e-04
1.761000e-02	1.953325e-04
1.762000e-02	1.954542e-04
1.763000e-02	1.955760e-04
1.764000e-02	1.956978e-04
1.765000e-02	1.958195e-04
1.766000e-02	1.959413e-04
1.767000e-02	1.960631e-04
1.768000e-02	1.961848e-04
1.769000e-02	1.963066e-04
1.770000e-02	1.964284e-04
1.771000e-02	1.965501e-04
1.772000e-02	1.966719e-04
1.773000e-02	1.967937e-04
1.774000e-02	1.969154e-04
1.775000e-02	1.970372e-04
1.776000e-02	1.971590e-04
1.777000e-02	1.972807e-04
1.778000e-02	1.974025e-04
1.779000e-02	1.975243e-04
1.780000e-02	1.976460e-04
1.781000e-02	1.977678e-04
1.782000e-02	1.978896e-04
1.783000e-02	1.980113e-04
1.784000e-02	1.981331e-04
1.785000e-02	1.982549e-04
1.786000e-02	1.983766e-04
1.787000e-02	1.984984e-04
1.788000e-02	1.986202e-04
1.789000e-02	1.987419e-04
1.790000e-02	1.988637e-04
1.791000e-02	1.989855e-04
1.792000e-02	1.991072e-04
1.793000e-02	1.992290e-04
1.794000e-02	1.993508e-04
1.795000e-02	1.994725e-04
1.796000e-02	1.995943e-04
1.797000e-02	1.997161e-04
1.798000e-02	1.998378e-04
1.799000e-02	1.999596e-04
1.800000e-02	2.000814e-04
1.801000e-02	2.002031e-04
1.802000e-02	2.003249e-04
1.803000e-02	2.004467e-04
1.804000e-02	2.005684e-04
1.805000e-02	2.006902e-04
1.806000e-02	2.008120e-04
1.807000e-02	2.009337e-04
1.808000e-02	2.010555e-04
1.809000e-02	2.011773e-04
1.810000e-02	2.012990e-04
1.811000e-02	2.014208e-04
1.812000e-02	2.015426e-04
1.813000e-02	2.016643e-04
1.814000e-02	2.017861e-04
1.815000e-02	2.019079e-04
1.816000e-02	2.020296e-04
1.817000e-02	2.021514e-04
1.818000e-02	2.022732e-04
1.819000e-02	2.023949e-04
1.820000e-02	2.025167e-04
1.821000e-02	2.026385e-04
1.822000e-02	2.027602e-04
1.823000e-02	2.028820e-04
1.824000e-02	2.030038e-04
1.825000e-02	2.031255e-04
1.826000e-02	2.032473e-04
1.827000e-02	2.033691e-04
1.828000e-02	2.034908e-04
1.829000e-02	2.036126e-04
1.830000e-02	2.037344e-04
1.831000e-02	2.038561e-04
1.832000e-02	2.039779e-04
1.833000e-02	2.040997e-04
1.834000e-02	2.042214e-04
1.835000e-02	2.043432e-04
1.836000e-02	2.044650e-04
1.837000e-02	2.045867e-04
1.838000e-02	2.047085e-04
1.839000e-02	2.048303e-04
1.840000e-02	2.049520e-04
1.841000e-02	2.050738e-04
1.842000e-02	2.051956e-04
1.843000e-02	2.053173e-04
1.844000e-02	2.054391e-04
1.845000e-02	2.055608e-04
1.846000e-02	2.056826e-04
1.847000e-02	2.058044e-04
1.848000e-02	2.059261e-04
1.849000e-02	2.060479e-04
1.850000e-02	2.061697e-04
1.851000e-02	2.062914e-04
1.852000e-02	2.064132e-04
1.853000e-02	2.065350e-04
1.854000e-02	2.066567e-04
1.855000e-02	2.067785e-04
1.856000e-02	2.069003e-04
1.857000e-02	2.070220e-04
1.858000e-02	2.071438e-04
1.859000e-02	2.072656e-04
1.860000e-02	2.073873e-04
1.861000e-02	2.075091e-04
1.862000e-02	2.076309e-04
1.863000e-02	2.077526e-04
1.864000e-02	2.078744e-04
1.865000e-02	2.079962e-04
1.866000e-02	2.081179e-04
1.867000e-02	2.082397e-04
1.868000e-02	2.083615e-04
1.869000e-02	2.084832e-04
1.870000e-02	2.086050e-04
1.871000e-02	2.087268e-04
1.872000e-02	2.088485e-04
1.873000e-02	2.089703e-04
1.874000e-02	2.090921e-04
1.875000e-02	2.092138e-04
1.876000e-02	2.093356e-04
1.877000e-02	2.094574e-04
1.878000e-02	2.095791e-04
1.879000e-02	2.097009e-04
1.880000e-02	2.098227e-04
1.881000e-02	2.099444e-04
1.882000e-02	2.100662e-04
1.883000e-02	2.101880e-04
1.884000e-02	2.103097e-04
1.885000e-02	2.104315e-04
1.886000e-02	2.105533e-04
1.887000e-02	2.106750e-04
1.888000e-02	2.107968e-04
1.889000e-02	2.109186e-04
1.890000e-02	2.110403e-04
1.891000e-02	2.111621e-04
1.892000e-02	2.112839e-04
1.893000e-02	2.114056e-04
1.894000e-02	2.115274e-04
1.895000e-02	2.116492e-04
1.896000e-02	2.117709e-04
1.897000e-02	2.118927e-04
1.898000e-02	2.120145e-04
1.899000e-02	2.121362e-04
1.900000e-02	2.122580e-04
1.901000e-02	2.123798e-04
1.902000e-02	2.125015e-04
1.903000e-02	2.126233e-04
1.904000e-02	2.127451e-04
1.905000e-02	2.128668e-04
1.906000e-02	2.129886e-04
1.907000e-02	2.131104e-04
1.908000e-02	2.132321e-04
1.909000e-02	2.133539e-04
1.910000e-02	2.134757e-04
1.911000e-02	2.135974e-04
1.912000e-02	2.137192e-04
1.913000e-02	2.138410e-04
1.914000e-02	2.139627e-04
1.915000e-02	2.140845e-04
1.916000e-02	2.142063e-04
1.917000e-02	2.143280e-04
1.918000e-02	2.144498e-04
1.919000e-02	2.145716e-04
1.920000e-02	2.146933e-04
1.921000e-02	2.148151e-04
1.922000e-02	2.149369e-04
1.923000e-02	2.150586e-04
1.924000e-02	2.151804e-04
1.925000e-02	2.153022e-04
1.926000e-02	2.154239e-04
1.927000e-02	2.155457e-04
1.928000e-02	2.156674e-04
1.929000e-02	2.157892e-04
1.930000e-02	2.159110e-04
1.931000e-02	2.160327e-04
1.932000e-02	2.161545e-04
1.933000e-02	2.162763e-04
1.934000e-02	2.163980e-04
1.935000e-02	2.165198e-04
1.936000e-02	2.166416e-04
1.937000e-02	2.167633e-04
1.938000e-02	2.168851e-04
1.939000e-02	2.170069e-04
1.940000e-02	2.171286e-04
1.941000e-02	2.172504e-04
1.942000e-02	2.173722e-04
1.943000e-02	2.174939e-04
1.944000e-02	2.176157e-04
1.945000e-02	2.177375e-04
1.946000e-02	2.178592e-04
1.947000e-02	2.179810e-04
1.948000e-02	2.181028e-04
1.949000e-02	2.182245e-04
1.950000e-02	2.183463e-04
1.951000e-02	2.184681e-04
1.952000e-02	2.185898e-04
1.953000e-02	2.187116e-04
1.954000e-02	2.188334e-04
1.955000e-02	2.189551e-04
1.956000e-02	2.190769e-04
1.957000e-02	2.191987e-04
1.958000e-02	2.193204e-04
1.959000e-02	2.194422e-04
1.960000e-02	2.195640e-04
1.961000e-02	2.196857e-04
1.962000e-02	2.198075e-04
1.963000e-02	2.199293e-04
1.964000e-02	2.200510e-04
1.965000e-02	2.201728e-04
1.966000e-02	2.202946e-04
1.967000e-02	2.204163e-04
1.968000e-02	2.205381e-04
1.969000e-02	2.206599e-04
1.970000e-02	2.207816e-04
1.971000e-02	2.209034e-04
1.972000e-02	2.210252e-04
1.973000e-02	2.211469e-04
1.974000e-02	2.212687e-04
1.975000e-02	2.213905e-04
1.976000e-02	2.215122e-04
1.977000e-02	2.216340e-04
1.978000e-02	2.217558e-04
1.979000e-02	2.218775e-04
1.980000e-02	2.219993e-04
1.981000e-02	2.221211e-04
1.982000e-02	2.222428e-04
1.983000e-02	2.223646e-04
1.984000e-02	2.224864e-04
1.985000e-02	2.226081e-04
1.986000e-02	2.227299e-04
1.987000e-02	2.228517e-04
1.988000e-02	2.229734e-04
1.989000e-02	2.230952e-04
1.990000e-02	2.232170e-04
1.991000e-02	2.233387e-04
1.992000e-02	2.234605e-04
1.993000e-02	2.235823e-04
1.994000e-02	2.237040e-04
1.995000e-02	2.238258e-04
1.996000e-02	2.239476e-04
1.997000e-02	2.240693e-04
1.998000e-02	2.241911e-04
1.999000e-02	2.243129e-04
2.000000e-02	2.244346e-04
2.001000e-02	2.245694e-04
2.002000e-02	2.247042e-04
2.003000e-02	2.248390e-04
2.004000e-02	2.249738e-04
2.005000e-02	2.251086e-04
2.006000e-02	2.252434e-04
2.007000e-02	2.253782e-04
2.008000e-02	2.255130e-04
2.009000e-02	2.256478e-04
2.010000e-02	2.257826e-04
2.011000e-02	2.259174e-04
2.012000e-02	2.260522e-04
2.013000e-02	2.261870e-04
2.014000e-02	2.263218e-04
2.015000e-02	2.264566e-04
2.016000e-02	2.265914e-04
2.017000e-02	2.267262e-04
2.018000e-02	2.268610e-04
2.019000e-02	2.269958e-04
2.020000e-02	2.271306e-04
2.021000e-02	2.272654e-04
2.022000e-02	2.274002e-04
2.023000e-02	2.275350e-04
2.024000e-02	2.276698e-04
2.025000e-02	2.278046e-04
2.026000e-02	2.279394e-04
2.027000e-02	2.280742e-04
2.028000e-02	2.282090e-04
2.029000e-02	2.283438e-04
2.030000e-02	2.284786e-04
2.031000e-02	2.286134e-04
2.032000e-02	2.287482e-04
2.033000e-02	2.288830e-04
2.034000e-02	2.290178e-04
2.035000e-02	2.291526e-04
2.036000e-02	2.292874e-04
2.037000e-02	2.294222e-04
2.038000e-02	2.295571e-04
2.039000e-02	2.296919e-04
2.040000e-02	2.298267e-04
2.041000e-02	2.299615e-04
2.042000e-02	2.300963e-04
2.043000e-02	2.302311e-04
2.044000e-02	2.303659e-04
2.045000e-02	2.305007e-04
2.046000e-02	2.306355e-04
2.047000e-02	2.307703e-04
2.048000e-02	2.309051e-04
2.049000e-02	2.310399e-04
2.050000e-02	2.311747e-04
2.051000e-02	2.313095e-04
2.052000e-02	2.314443e-04
2.053000e-02	2.315791e-04
2.054000e-02	2.317139e-04
2.055000e-02	2.318487e-04
2.056000e-02	2.319835e-04
2.057000e-02	2.321183e-04
2.058000e-02	2.322531e-04
2.059000e-02	2.323879e-04
2.060000e-02	2.325227e-04
2.061000e-02	2.326575e-04
2.062000e-02	2.327923e-04
2.063000e-02	2.329271e-04
2.064000e-02	2.330619e-04
2.065000e-02	2.331967e-04
2.066000e-02	2.333315e-04
2.067000e-02	2.334663e-04
2.068000e-02	2.336011e-04
2.069000e-02	2.337359e-04
2.070000e-02	2.338707e-04
2.071000e-02	2.340055e-04
2.072000e-02	2.341403e-04
2.073000e-02	2.342751e-04
2.074000e-02	2.344099e-04
2.075000e-02	2.345447e-04
2.076000e-02	2.346795e-04
2.077000e-02	2.348143e-04
2.078000e-02	2.349491e-04
2.079000e-02	2.350839e-04
2.080000e-02	2.352187e-04
2.081000e-02	2.353535e-04
2.082000e-02	2.354883e-04
2.083000e-02	2.356231e-04
2.084000e-02	2.357579e-04
2.085000e-02	2.358927e-04
2.086000e-02	2.360275e-04
2.087000e-02	2.361623e-04
2.088000e-02	2.362971e-04
2.089000e-02	2.364319e-04
2.090000e-02	2.365667e-04
2.091000e-02	2.367015e-04
2.092000e-02	2.368363e-04
2.093000e-02	2.369711e-04
2.094000e-02	2.371059e-04
2.095000e-02	2.372407e-04
2.096000e-02	2.373755e-04
2.097000e-02	2.375103e-04
2.098000e-02	2.376451e-04
2.099000e-02	2.377799e-04
2.100000e-02	2.379147e-04
2.101000e-02	2.380504e-04
2.102000e-02	2.381861e-04
2.103000e-02	2.383218e-04
2.104000e-02	2.384575e-04
2.105000e-02	2.385932e-04
2.106000e-02	2.387289e-04
2.107000e-02	2.388646e-04
2.108000e-02	2.390004e-04
2.109000e-02	2.391361e-04
2.110000e-02	2.392718e-04
2.111000e-02	2.394075e-04
2.112000e-02	2.395432e-04
2.113000e-02	2.396789e-04
2.114000e-02	2.398146e-04
2.115000e-02	2.399503e-04
2.116000e-02	2.400860e-04
2.117000e-02	2.402217e-04
2.118000e-02	2.403574e-04
2.119000e-02	2.404931e-04
2.120000e-02	2.406288e-04
2.121000e-02	2.407645e-04
2.122000e-02	2.409003e-04
2.123000e-02	2.410360e-04
2.124000e-02	2.411717e-04
2.125000e-02	2.413074e-04
2.126000e-02	2.414431e-04
2.127000e-02	2.415788e-04
2.128000e-02	2.417145e-04
2.129000e-02	2.418502e-04
2.130000e-02	2.419859e-04
2.131000e-02	2.421216e-04
2.132000e-02	2.422573e-04
2.133000e-02	2.423930e-04
2.134000e-02	2.425287e-04
2.135000e-02	2.426644e-04
2.136000e-02	2.428002e-04
2.137000e-02	2.429359e-04
2.138000e-02	2.430716e-04
2.139000e-02	2.432073e-04
2.140000e-02	2.433430e-04
2.141000e-02	2.434787e-04
2.142000e-02	2.436144e-04
2.143000e-02	2.437501e-04
2.144000e-02	2.438858e-04
2.145000e-02	2.440215e-04
2.146000e-02	2.441572e-04
2.147000e-02	2.442929e-04
2.148000e-02	2.444286e-04
2.149000e-02	2.445643e-04
2.150000e-02	2.447000e-04
2.151000e-02	2.448358e-04
2.152000e-02	2.449715e-04
2.153000e-02	2.451072e-04
2.154000e-02	2.452429e-04
2.155000e-02	2.453786e-04
2.156000e-02	2.455143e-04
2.157000e-02	2.456500e-04
2.158000e-02	2.457857e-04
2.159000e-02	2.459214e-04
2.160000e-02	2.460571e-04
2.161000e-02	2.461928e-04
2.162000e-02	2.463285e-04
2.163000e-02	2.464642e-04
2.164000e-02	2.465999e-04
2.165000e-02	2.467357e-04
2.166000e-02	2.468714e-04
2.167000e-02	2.470071e-04
2.168000e-02	2.471428e-04
2.169000e-02	2.472785e-04
2.170000e-02	2.474142e-04
2.171000e-02	2.475499e-04
2.172000e-02	2.476856e-04
2.173000e-02	2.478213e-04
2.174000e-02	2.479570e-04
2.175000e-02	2.480927e-04
2.176000e-02	2.482284e-04
2.177000e-02	2.483641e-04
2.178000e-02	2.484998e-04
2.179000e-02	2.486356e-04
2.180000e-02	2.487713e-04
2.181000e-02	2.489070e-04
2.182000e-02	2.490427e-04
2.183000e-02	2.491784e-04
2.184000e-02	2.493141e-04
2.185000e-02	2.494498e-04
2.186000e-02	2.495855e-04
2.187000e-02	2.497212e-04
2.188000e-02	2.498569e-04
2.189000e-02	2.499926e-04
2.190000e-02	2.501283e-04
2.191000e-02	2.502640e-04
2.192000e-02	2.503997e-04
2.193000e-02	2.505355e-04
2.194000e-02	2.506712e-04
2.195000e-02	2.508069e-04
2.196000e-02	2.509426e-04
2.197000e-02	2.510783e-04
2.198000e-02	2.512140e-04
2.199000e-02	2.513497e-04
2.200000e-02	2.514854e-04
2.201000e-02	2.516219e-04
2.202000e-02	2.517583e-04
2.203000e-02	2.518948e-04
2.204000e-02	2.520313e-04
2.205000e-02	2.521678e-04
2.206000e-02	2.523042e-04
2.207000e-02	2.524407e-04
2.208000e-02	2.525772e-04
2.209000e-02	2.527137e-04
2.210000e-02	2.528501e-04
2.211000e-02	2.529866e-04
2.212000e-02	2.531231e-04
2.213000e-02	2.532596e-04
2.214000e-02	2.533960e-04
2.215000e-02	2.535325e-04
2.216000e-02	2.536690e-04
2.217000e-02	2.538055e-04
2.218000e-02	2.539419e-04
2.219000e-02	2.540784e-04
2.220000e-02	2.542149e-04
2.221000e-02	2.543514e-04
2.222000e-02	2.544878e-04
2.223000e-02	2.546243e-04
2.224000e-02	2.547608e-04
2.225000e-02	2.548973e-04
2.226000e-02	2.550337e-04
2.227000e-02	2.551702e-04
2.228000e-02	2.553067e-04
2.229000e-02	2.554431e-04
2.230000e-02	2.555796e-04
2.231000e-02	2.557161e-04
2.232000e-02	2.558526e-04
2.233000e-02	2.559890e-04
2.234000e-02	2.561255e-04
2.235000e-02	2.562620e-04
2.236000e-02	2.563985e-04
2.237000e-02	2.565349e-04
2.238000e-02	2.566714e-04
2.239000e-02	2.568079e-04
2.240000e-02	2.569444e-04
2.241000e-02	2.570808e-04
2.242000e-02	2.572173e-04
2.243000e-02	2.573538e-04
2.244000e-02	2.574903e-04
2.245000e-02	2.576267e-04
2.246000e-02	2.577632e-04
2.247000e-02	2.578997e-04
2.248000e-02	2.580362e-04
2.249000e-02	2.581726e-04
2.250000e-02	2.583091e-04
2.251000e-02	2.584456e-04
2.252000e-02	2.585821e-04
2.253000e-02	2.587185e-04
2.254000e-02	2.588550e-04
2.255000e-02	2.589915e-04
2.256000e-02	2.591280e-04
2.257000e-02	2.592644e-04
2.258000e-02	2.594009e-04
2.259000e-02	2.595374e-04
2.260000e-02	2.596738e-04
2.261000e-02	2.598103e-04
2.262000e-02	2.599468e-04
2.263000e-02	2.600833e-04
2.264000e-02	2.602197e-04
2.265000e-02	2.603562e-04
2.266000e-02	2.604927e-04
2.267000e-02	2.606292e-04
2.268000e-02	2.607656e-04
2.269000e-02	2.609021e-04
2.270000e-02	2.610386e-04
2.271000e-02	2.611751e-04
2.272000e-02	2.613115e-04
2.273000e-02	2.614480e-04
2.274000e-02	2.615845e-04
2.275000e-02	2.617210e-04
2.276000e-02	2.618574e-04
2.277000e-02	2.619939e-04
2.278000e-02	2.621304e-04
2.279000e-02	2.622669e-04
2.280000e-02	2.624033e-04
2.281000e-02	2.625398e-04
2.282000e-02	2.626763e-04
2.283000e-02	2.628128e-04
2.284000e-02	2.629492e-04
2.285000e-02	2.630857e-04
2.286000e-02	2.632222e-04
2.287000e-02	2.633586e-04
2.288000e-02	2.634951e-04
2.289000e-02	2.636316e-04
2.290000e-02	2.637681e-04
2.291000e-02	2.639045e-04
2.292000e-02	2.640410e-04
2.293000e-02	2.641775e-04
2.294000e-02	2.643140e-04
2.295000e-02	2.644504e-04
2.296000e-02	2.645869e-04
2.297000e-02	2.647234e-04
2.298000e-02	2.648599e-04
2.299000e-02	2.649963e-04
2.300000e-02	2.651328e-04
2.301000e-02	2.652699e-04
2.302000e-02	2.654071e-04
2.303000e-02	2.655442e-04
2.304000e-02	2.656813e-04
2.305000e-02	2.658185e-04
2.306000e-02	2.659556e-04
2.307000e-02	2.660927e-04
2.308000e-02	2.662298e-04
2.309000e-02	2.663670e-04
2.310000e-02	2.665041e-04
2.311000e-02	2.666412e-04
2.312000e-02	2.667784e-04
2.313000e-02	2.669155e-04
2.314000e-02	2.670526e-04
2.315000e-02	2.671897e-04
2.316000e-02	2.673269e-04
2.317000e-02	2.674640e-04
2.318000e-02	2.676011e-04
2.319000e-02	2.677383e-04
2.320000e-02	2.678754e-04
2.321000e-02	2.680125e-04
2.322000e-02	2.681496e-04
2.323000e-02	2.682868e-04
2.324000e-02	2.684239e-04
2.325000e-02	2.685610e-04
2.326000e-02	2.686982e-04
2.327000e-02	2.688353e-04
2.328000e-02	2.689724e-04
2.329000e-02	2.691095e-04
2.330000e-02	2.692467e-04
2.331000e-02	2.693838e-04
2.332000e-02	2.695209e-04
2.333000e-02	2.696581e-04
2.334000e-02	2.697952e-04
2.335000e-02	2.699323e-04
2.336000e-02	2.700694e-04
2.337000e-02	2.702066e-04
2.338000e-02	2.703437e-04
2.339000e-02	2.704808e-04
2.340000e-02	2.706180e-04
2.341000e-02	2.707551e-04
2.342000e-02	2.708922e-04
2.343000e-02	2.710293e-04
2.344000e-02	2.711665e-04
2.345000e-02	2.713036e-04
2.346000e-02	2.714407e-04
2.347000e-02	2.715779e-04
2.348000e-02	2.717150e-04
2.349000e-02	2.718521e-04
2.350000e-02	2.719892e-04
2.351000e-02	2.721264e-04
2.352000e-02	2.722635e-04
2.353000e-02	2.724006e-04
2.354000e-02	2.725378e-04
2.355000e-02	2.726749e-04
2.356000e-02	2.728120e-04
2.357000e-02	2.729491e-04
2.358000e-02	2.730863e-04
2.359000e-02	2.732234e-04
2.360000e-02	2.733605e-04
2.361000e-02	2.734977e-04
2.362000e-02	2.736348e-04
2.363000e-02	2.737719e-04
2.364000e-02	2.739090e-04
2.365000e-02	2.740462e-04
2.366000e-02	2.741833e-04
2.367000e-02	2.743204e-04
2.368000e-02	2.744576e-04
2.369000e-02	2.745947e-04
2.370000e-02	2.747318e-04
2.371000e-02	2.748689e-04
2.372000e-02	2.750061e-04
2.373000e-02	2.751432e-04
2.374000e-02	2.752803e-04
2.375000e-02	2.754175e-04
2.376000e-02	2.755546e-04
2.377000e-02	2.756917e-04
2.378000e-02	2.758288e-04
2.379000e-02	2.759660e-04
2.380000e-02	2.761031e-04
2.381000e-02	2.762402e-04
2.382000e-02	2.763774e-04
2.383000e-02	2.765145e-04
2.384000e-02	2.766516e-04
2.385000e-02	2.767887e-04
2.386000e-02	2.769259e-04
2.387000e-02	2.770630e-04
2.388000e-02	2.772001e-04
2.389000e-02	2.773373e-04
2.390000e-02	2.774744e-04
2.391000e-02	2.776115e-04
2.392000e-02	2.777486e-04
2.393000e-02	2.778858e-04
2.394000e-02	2.780229e-04
2.395000e-02	2.781600e-04
2.396000e-02	2.782972e-04
2.397000e-02	2.784343e-04
2.398000e-02	2.785714e-04
2.399000e-02	2.787085e-04
2.400000e-02	2.788457e-04
2.401000e-02	2.789834e-04
2.402000e-02	2.791211e-04
2.403000e-02	2.792587e-04
2.404000e-02	2.793964e-04
2.405000e-02	2.795341e-04
2.406000e-02	2.796718e-04
2.407000e-02	2.798095e-04
2.408000e-02	2.799472e-04
2.409000e-02	2.800849e-04
2.410000e-02	2.802226e-04
2.411000e-02	2.803603e-04
2.412000e-02	2.804980e-04
2.413000e-02	2.806357e-04
2.414000e-02	2.807733e-04
2.415000e-02	2.809110e-04
2.416000e-02	2.810487e-04
2.417000e-02	2.811864e-04
2.418000e-02	2.813241e-04
2.419000e-02	2.814618e-04
2.420000e-02	2.815995e-04
2.421000e-02	2.817372e-04
2.422000e-02	2.818749e-04
2.423000e-02	2.820126e-04
2.424000e-02	2.821503e-04
2.425000e-02	2.822879e-04
2.426000e-02	2.824256e-04
2.427000e-02	2.825633e-04
2.428000e-02	2.827010e-04
2.429000e-02	2.828387e-04
2.430000e-02	2.829764e-04
2.431000e-02	2.831141e-04
2.432000e-02	2.832518e-04
2.433000e-02	2.833895e-04
2.434000e-02	2.835272e-04
2.435000e-02	2.836649e-04
2.436000e-02	2.838025e-04
2.437000e-02	2.839402e-04
2.438000e-02	2.840779e-04
2.439000e-02	2.842156e-04
2.440000e-02	2.843533e-04
2.441000e-02	2.844910e-04
2.442000e-02	2.846287e-04
2.443000e-02	2.847664e-04
2.444000e-02	2.849041e-04
2.445000e-02	2.850418e-04
2.446000e-02	2.851795e-04
2.447000e-02	2.853172e-04
2.448000e-02	2.854548e-04
2.449000e-02	2.855925e-04
2.450000e-02	2.857302e-04
2.451000e-02	2.858679e-04
2.452000e-02	2.860056e-04
2.453000e-02	2.861433e-04
2.454000e-02	2.862810e-04
2.455000e-02	2.864187e-04
2.456000e-02	2.865564e-04
2.457000e-02	2.866941e-04
2.458000e-02	2.868318e-04
2.459000e-02	2.869694e-04
2.460000e-02	2.871071e-04
2.461000e-02	2.872448e-04
2.462000e-02	2.873825e-04
2.463000e-02	2.875202e-04
2.464000e-02	2.876579e-04
2.465000e-02	2.877956e-04
2.466000e-02	2.879333e-04
2.467000e-02	2.880710e-04
2.468000e-02	2.882087e-04
2.469000e-02	2.883464e-04
2.470000e-02	2.884840e-04
2.471000e-02	2.886217e-04
2.472000e-02	2.887594e-04
2.473000e-02	2.888971e-04
2.474000e-02	2.890348e-04
2.475000e-02	2.891725e-04
2.476000e-02	2.893102e-04
2.477000e-02	2.894479e-04
2.478000e-02	2.895856e-04
2.479000e-02	2.897233e-04
2.480000e-02	2.898610e-04
2.481000e-02	2.899986e-04
2.482000e-02	2.901363e-04
2.483000e-02	2.902740e-04
2.484000e-02	2.904117e-04
2.485000e-02	2.905494e-04
2.486000e-02	2.906871e-04
2.487000e-02	2.908248e-04
2.488000e-02	2.909625e-04
2.489000e-02	2.911002e-04
2.490000e-02	2.912379e-04
2.491000e-02	2.913756e-04
2.492000e-02	2.915132e-04
2.493000e-02	2.916509e-04
2.494000e-02	2.917886e-04
2.495000e-02	2.919263e-04
2.496000e-02	2.920640e-04
2.497000e-02	2.922017e-04
2.498000e-02	2.923394e-04
2.499000e-02	2.924771e-04
2.500000e-02	2.926148e-04
