z1_new_m	d1_new_long_m
1.000000e-03	9.037208e-05
1.010000e-03	9.032275e-05
1.020000e-03	9.027341e-05
1.030000e-03	9.022408e-05
1.040000e-03	9.017475e-05
1.050000e-03	9.012541e-05
1.060000e-03	9.007608e-05
1.070000e-03	9.002675e-05
1.080000e-03	8.997741e-05
1.090000e-03	8.992808e-05
1.100000e-03	8.987875e-05
1.110000e-03	8.982941e-05
1.120000e-03	8.978008e-05
1.130000e-03	8.973074e-05
1.140000e-03	8.968141e-05
1.150000e-03	8.963208e-05
1.160000e-03	8.958274e-05
1.170000e-03	8.953341e-05
1.180000e-03	8.948408e-05
1.190000e-03	8.943474e-05
1.200000e-03	8.938541e-05
1.210000e-03	8.933608e-05
1.220000e-03	8.928674e-05
1.230000e-03	8.923741e-05
1.240000e-03	8.918807e-05
1.250000e-03	8.913874e-05
1.260000e-03	8.908941e-05
1.270000e-03	8.904007e-05
1.280000e-03	8.899074e-05
1.290000e-03	8.894141e-05
1.300000e-03	8.889207e-05
1.310000e-03	8.884274e-05
1.320000e-03	8.879341e-05
1.330000e-03	8.874407e-05
1.340000e-03	8.869474e-05
1.350000e-03	8.864540e-05
1.360000e-03	8.859607e-05
1.370000e-03	8.854674e-05
1.380000e-03	8.849740e-05
1.390000e-03	8.844807e-05
1.400000e-03	8.839874e-05
1.410000e-03	8.834940e-05
1.420000e-03	8.830007e-05
1.430000e-03	8.825074e-05
1.440000e-03	8.820140e-05
1.450000e-03	8.815207e-05
1.460000e-03	8.810273e-05
1.470000e-03	8.805340e-05
1.480000e-03	8.800407e-05
1.490000e-03	8.795473e-05
1.500000e-03	8.790540e-05
1.510000e-03	8.785607e-05
1.520000e-03	8.780673e-05
1.530000e-03	8.775740e-05
1.540000e-03	8.770807e-05
1.550000e-03	8.765873e-05
1.560000e-03	8.760940e-05
1.570000e-03	8.756007e-05
1.580000e-03	8.751073e-05
1.590000e-03	8.746140e-05
1.600000e-03	8.741206e-05
1.610000e-03	8.736273e-05
1.620000e-03	8.731340e-05
1.630000e-03	8.726406e-05
1.640000e-03	8.721473e-05
1.650000e-03	8.716540e-05
1.660000e-03	8.711606e-05
1.670000e-03	8.706673e-05
1.680000e-03	8.701740e-05
1.690000e-03	8.696806e-05
1.700000e-03	8.691873e-05
1.710000e-03	8.686939e-05
1.720000e-03	8.682006e-05
1.730000e-03	8.677073e-05
1.740000e-03	8.672139e-05
1.750000e-03	8.667206e-05
1.760000e-03	8.662273e-05
1.770000e-03	8.657339e-05
1.780000e-03	8.652406e-05
1.790000e-03	8.647473e-05
1.800000e-03	8.642539e-05
1.810000e-03	8.637606e-05
1.820000e-03	8.632672e-05
1.830000e-03	8.627739e-05
1.840000e-03	8.622806e-05
1.850000e-03	8.617872e-05
1.860000e-03	8.612939e-05
1.870000e-03	8.608006e-05
1.880000e-03	8.603072e-05
1.890000e-03	8.598139e-05
1.900000e-03	8.593206e-05
1.910000e-03	8.588272e-05
1.920000e-03	8.583339e-05
1.930000e-03	8.578405e-05
1.940000e-03	8.573472e-05
1.950000e-03	8.568539e-05
1.960000e-03	8.563605e-05
1.970000e-03	8.558672e-05
1.980000e-03	8.553739e-05
1.990000e-03	8.548805e-05
2.000000e-03	8.543872e-05
2.010000e-03	8.539036e-05
2.020000e-03	8.534200e-05
2.030000e-03	8.529364e-05
2.040000e-03	8.524528e-05
2.050000e-03	8.519692e-05
2.060000e-03	8.514857e-05
2.070000e-03	8.510021e-05
2.080000e-03	8.505185e-05
2.090000e-03	8.500349e-05
2.100000e-03	8.495513e-05
2.110000e-03	8.490677e-05
2.120000e-03	8.485841e-05
2.130000e-03	8.481005e-05
2.140000e-03	8.476169e-05
2.150000e-03	8.471334e-05
2.160000e-03	8.466498e-05
2.170000e-03	8.461662e-05
2.180000e-03	8.456826e-05
2.190000e-03	8.451990e-05
2.200000e-03	8.447154e-05
2.210000e-03	8.442318e-05
2.220000e-03	8.437482e-05
2.230000e-03	8.432646e-05
2.240000e-03	8.427810e-05
2.250000e-03	8.422975e-05
2.260000e-03	8.418139e-05
2.270000e-03	8.413303e-05
2.280000e-03	8.408467e-05
2.290000e-03	8.403631e-05
2.300000e-03	8.398795e-05
2.310000e-03	8.393959e-05
2.320000e-03	8.389123e-05
2.330000e-03	8.384287e-05
2.340000e-03	8.379452e-05
2.350000e-03	8.374616e-05
2.360000e-03	8.369780e-05
2.370000e-03	8.364944e-05
2.380000e-03	8.360108e-05
2.390000e-03	8.355272e-05
2.400000e-03	8.350436e-05
2.410000e-03	8.345600e-05
2.420000e-03	8.340764e-05
2.430000e-03	8.335928e-05
2.440000e-03	8.331093e-05
2.450000e-03	8.326257e-05
2.460000e-03	8.321421e-05
2.470000e-03	8.316585e-05
2.480000e-03	8.311749e-05
2.490000e-03	8.306913e-05
2.500000e-03	8.302077e-05
2.510000e-03	8.297241e-05
2.520000e-03	8.292405e-05
2.530000e-03	8.287570e-05
2.540000e-03	8.282734e-05
2.550000e-03	8.277898e-05
2.560000e-03	8.273062e-05
2.570000e-03	8.268226e-05
2.580000e-03	8.263390e-05
2.590000e-03	8.258554e-05
2.600000e-03	8.253718e-05
2.610000e-03	8.248882e-05
2.620000e-03	8.244046e-05
2.630000e-03	8.239211e-05
2.640000e-03	8.234375e-05
2.650000e-03	8.229539e-05
2.660000e-03	8.224703e-05
2.670000e-03	8.219867e-05
2.680000e-03	8.215031e-05
2.690000e-03	8.210195e-05
2.700000e-03	8.205359e-05
2.710000e-03	8.200523e-05
2.720000e-03	8.195687e-05
2.730000e-03	8.190852e-05
2.740000e-03	8.186016e-05
2.750000e-03	8.181180e-05
2.760000e-03	8.176344e-05
2.770000e-03	8.171508e-05
2.780000e-03	8.166672e-05
2.790000e-03	8.161836e-05
2.800000e-03	8.157000e-05
2.810000e-03	8.152164e-05
2.820000e-03	8.147329e-05
2.830000e-03	8.142493e-05
2.840000e-03	8.137657e-05
2.850000e-03	8.132821e-05
2.860000e-03	8.127985e-05
2.870000e-03	8.123149e-05
2.880000e-03	8.118313e-05
2.890000e-03	8.113477e-05
2.900000e-03	8.108641e-05
2.910000e-03	8.103805e-05
2.920000e-03	8.098970e-05
2.930000e-03	8.094134e-05
2.940000e-03	8.089298e-05
2.950000e-03	8.084462e-05
2.960000e-03	8.079626e-05
2.970000e-03	8.074790e-05
2.980000e-03	8.069954e-05
2.990000e-03	8.065118e-05
3.000000e-03	8.060282e-05
3.010000e-03	8.055563e-05
3.020000e-03	8.050843e-05
3.030000e-03	8.046123e-05
3.040000e-03	8.041403e-05
3.050000e-03	8.036683e-05
3.060000e-03	8.031964e-05
3.070000e-03	8.027244e-05
3.080000e-03	8.022524e-05
3.090000e-03	8.017804e-05
3.100000e-03	8.013085e-05
3.110000e-03	8.008365e-05
3.120000e-03	8.003645e-05
3.130000e-03	7.998925e-05
3.140000e-03	7.994205e-05
3.150000e-03	7.989486e-05
3.160000e-03	7.984766e-05
3.170000e-03	7.980046e-05
3.180000e-03	7.975326e-05
3.190000e-03	7.970606e-05
3.200000e-03	7.965887e-05
3.210000e-03	7.961167e-05
3.220000e-03	7.956447e-05
3.230000e-03	7.951727e-05
3.240000e-03	7.947007e-05
3.250000e-03	7.942288e-05
3.260000e-03	7.937568e-05
3.270000e-03	7.932848e-05
3.280000e-03	7.928128e-05
3.290000e-03	7.923408e-05
3.300000e-03	7.918689e-05
3.310000e-03	7.913969e-05
3.320000e-03	7.909249e-05
3.330000e-03	7.904529e-05
3.340000e-03	7.899809e-05
3.350000e-03	7.895090e-05
3.360000e-03	7.890370e-05
3.370000e-03	7.885650e-05
3.380000e-03	7.880930e-05
3.390000e-03	7.876211e-05
3.400000e-03	7.871491e-05
3.410000e-03	7.866771e-05
3.420000e-03	7.862051e-05
3.430000e-03	7.857331e-05
3.440000e-03	7.852612e-05
3.450000e-03	7.847892e-05
3.460000e-03	7.843172e-05
3.470000e-03	7.838452e-05
3.480000e-03	7.833732e-05
3.490000e-03	7.829013e-05
3.500000e-03	7.824293e-05
3.510000e-03	7.819573e-05
3.520000e-03	7.814853e-05
3.530000e-03	7.810133e-05
3.540000e-03	7.805414e-05
3.550000e-03	7.800694e-05
3.560000e-03	7.795974e-05
3.570000e-03	7.791254e-05
3.580000e-03	7.786534e-05
3.590000e-03	7.781815e-05
3.600000e-03	7.777095e-05
3.610000e-03	7.772375e-05
3.620000e-03	7.767655e-05
3.630000e-03	7.762936e-05
3.640000e-03	7.758216e-05
3.650000e-03	7.753496e-05
3.660000e-03	7.748776e-05
3.670000e-03	7.744056e-05
3.680000e-03	7.739337e-05
3.690000e-03	7.734617e-05
3.700000e-03	7.729897e-05
3.710000e-03	7.725177e-05
3.720000e-03	7.720457e-05
3.730000e-03	7.715738e-05
3.740000e-03	7.711018e-05
3.750000e-03	7.706298e-05
3.760000e-03	7.701578e-05
3.770000e-03	7.696858e-05
3.780000e-03	7.692139e-05
3.790000e-03	7.687419e-05
3.800000e-03	7.682699e-05
3.810000e-03	7.677979e-05
3.820000e-03	7.673259e-05
3.830000e-03	7.668540e-05
3.840000e-03	7.663820e-05
3.850000e-03	7.659100e-05
3.860000e-03	7.654380e-05
3.870000e-03	7.649660e-05
3.880000e-03	7.644941e-05
3.890000e-03	7.640221e-05
3.900000e-03	7.635501e-05
3.910000e-03	7.630781e-05
3.920000e-03	7.626062e-05
3.930000e-03	7.621342e-05
3.940000e-03	7.616622e-05
3.950000e-03	7.611902e-05
3.960000e-03	7.607182e-05
3.970000e-03	7.602463e-05
3.980000e-03	7.597743e-05
3.990000e-03	7.593023e-05
4.000000e-03	7.588303e-05
4.010000e-03	7.583723e-05
4.020000e-03	7.579142e-05
4.030000e-03	7.574561e-05
4.040000e-03	7.569981e-05
4.050000e-03	7.565400e-05
4.060000e-03	7.560819e-05
4.070000e-03	7.556239e-05
4.080000e-03	7.551658e-05
4.090000e-03	7.547078e-05
4.100000e-03	7.542497e-05
4.110000e-03	7.537916e-05
4.120000e-03	7.533336e-05
4.130000e-03	7.528755e-05
4.140000e-03	7.524174e-05
4.150000e-03	7.519594e-05
4.160000e-03	7.515013e-05
4.170000e-03	7.510432e-05
4.180000e-03	7.505852e-05
4.190000e-03	7.501271e-05
4.200000e-03	7.496691e-05
4.210000e-03	7.492110e-05
4.220000e-03	7.487529e-05
4.230000e-03	7.482949e-05
4.240000e-03	7.478368e-05
4.250000e-03	7.473787e-05
4.260000e-03	7.469207e-05
4.270000e-03	7.464626e-05
4.280000e-03	7.460046e-05
4.290000e-03	7.455465e-05
4.300000e-03	7.450884e-05
4.310000e-03	7.446304e-05
4.320000e-03	7.441723e-05
4.330000e-03	7.437142e-05
4.340000e-03	7.432562e-05
4.350000e-03	7.427981e-05
4.360000e-03	7.423401e-05
4.370000e-03	7.418820e-05
4.380000e-03	7.414239e-05
4.390000e-03	7.409659e-05
4.400000e-03	7.405078e-05
4.410000e-03	7.400497e-05
4.420000e-03	7.395917e-05
4.430000e-03	7.391336e-05
4.440000e-03	7.386755e-05
4.450000e-03	7.382175e-05
4.460000e-03	7.377594e-05
4.470000e-03	7.373014e-05
4.480000e-03	7.368433e-05
4.490000e-03	7.363852e-05
4.500000e-03	7.359272e-05
4.510000e-03	7.354691e-05
4.520000e-03	7.350110e-05
4.530000e-03	7.345530e-05
4.540000e-03	7.340949e-05
4.550000e-03	7.336369e-05
4.560000e-03	7.331788e-05
4.570000e-03	7.327207e-05
4.580000e-03	7.322627e-05
4.590000e-03	7.318046e-05
4.600000e-03	7.313465e-05
4.610000e-03	7.308885e-05
4.620000e-03	7.304304e-05
4.630000e-03	7.299724e-05
4.640000e-03	7.295143e-05
4.650000e-03	7.290562e-05
4.660000e-03	7.285982e-05
4.670000e-03	7.281401e-05
4.680000e-03	7.276820e-05
4.690000e-03	7.272240e-05
4.700000e-03	7.267659e-05
4.710000e-03	7.263078e-05
4.720000e-03	7.258498e-05
4.730000e-03	7.253917e-05
4.740000e-03	7.249337e-05
4.750000e-03	7.244756e-05
4.760000e-03	7.240175e-05
4.770000e-03	7.235595e-05
4.780000e-03	7.231014e-05
4.790000e-03	7.226433e-05
4.800000e-03	7.221853e-05
4.810000e-03	7.217272e-05
4.820000e-03	7.212692e-05
4.830000e-03	7.208111e-05
4.840000e-03	7.203530e-05
4.850000e-03	7.198950e-05
4.860000e-03	7.194369e-05
4.870000e-03	7.189788e-05
4.880000e-03	7.185208e-05
4.890000e-03	7.180627e-05
4.900000e-03	7.176046e-05
4.910000e-03	7.171466e-05
4.920000e-03	7.166885e-05
4.930000e-03	7.162305e-05
4.940000e-03	7.157724e-05
4.950000e-03	7.153143e-05
4.960000e-03	7.148563e-05
4.970000e-03	7.143982e-05
4.980000e-03	7.139401e-05
4.990000e-03	7.134821e-05
5.000000e-03	7.130240e-05
5.010000e-03	7.126989e-05
5.020000e-03	7.123737e-05
5.030000e-03	7.120486e-05
5.040000e-03	7.117235e-05
5.050000e-03	7.113983e-05
5.060000e-03	7.110732e-05
5.070000e-03	7.107480e-05
5.080000e-03	7.104229e-05
5.090000e-03	7.100978e-05
5.100000e-03	7.097726e-05
5.110000e-03	7.094475e-05
5.120000e-03	7.091223e-05
5.130000e-03	7.087972e-05
5.140000e-03	7.084720e-05
5.150000e-03	7.081469e-05
5.160000e-03	7.078218e-05
5.170000e-03	7.074966e-05
5.180000e-03	7.071715e-05
5.190000e-03	7.068463e-05
5.200000e-03	7.065212e-05
5.210000e-03	7.061961e-05
5.220000e-03	7.058709e-05
5.230000e-03	7.055458e-05
5.240000e-03	7.052206e-05
5.250000e-03	7.048955e-05
5.260000e-03	7.045704e-05
5.270000e-03	7.042452e-05
5.280000e-03	7.039201e-05
5.290000e-03	7.035949e-05
5.300000e-03	7.032698e-05
5.310000e-03	7.029447e-05
5.320000e-03	7.026195e-05
5.330000e-03	7.022944e-05
5.340000e-03	7.019692e-05
5.350000e-03	7.016441e-05
5.360000e-03	7.013190e-05
5.370000e-03	7.009938e-05
5.380000e-03	7.006687e-05
5.390000e-03	7.003435e-05
5.400000e-03	7.000184e-05
5.410000e-03	6.996932e-05
5.420000e-03	6.993681e-05
5.430000e-03	6.990430e-05
5.440000e-03	6.987178e-05
5.450000e-03	6.983927e-05
5.460000e-03	6.980675e-05
5.470000e-03	6.977424e-05
5.480000e-03	6.974173e-05
5.490000e-03	6.970921e-05
5.500000e-03	6.967670e-05
5.510000e-03	6.964418e-05
5.520000e-03	6.961167e-05
5.530000e-03	6.957916e-05
5.540000e-03	6.954664e-05
5.550000e-03	6.951413e-05
5.560000e-03	6.948161e-05
5.570000e-03	6.944910e-05
5.580000e-03	6.941659e-05
5.590000e-03	6.938407e-05
5.600000e-03	6.935156e-05
5.610000e-03	6.931904e-05
5.620000e-03	6.928653e-05
5.630000e-03	6.925401e-05
5.640000e-03	6.922150e-05
5.650000e-03	6.918899e-05
5.660000e-03	6.915647e-05
5.670000e-03	6.912396e-05
5.680000e-03	6.909144e-05
5.690000e-03	6.905893e-05
5.700000e-03	6.902642e-05
5.710000e-03	6.899390e-05
5.720000e-03	6.896139e-05
5.730000e-03	6.892887e-05
5.740000e-03	6.889636e-05
5.750000e-03	6.886385e-05
5.760000e-03	6.883133e-05
5.770000e-03	6.879882e-05
5.780000e-03	6.876630e-05
5.790000e-03	6.873379e-05
5.800000e-03	6.870128e-05
5.810000e-03	6.866876e-05
5.820000e-03	6.863625e-05
5.830000e-03	6.860373e-05
5.840000e-03	6.857122e-05
5.850000e-03	6.853871e-05
5.860000e-03	6.850619e-05
5.870000e-03	6.847368e-05
5.880000e-03	6.844116e-05
5.890000e-03	6.840865e-05
5.900000e-03	6.837613e-05
5.910000e-03	6.834362e-05
5.920000e-03	6.831111e-05
5.930000e-03	6.827859e-05
5.940000e-03	6.824608e-05
5.950000e-03	6.821356e-05
5.960000e-03	6.818105e-05
5.970000e-03	6.814854e-05
5.980000e-03	6.811602e-05
5.990000e-03	6.808351e-05
6.000000e-03	6.805099e-05
6.010000e-03	6.801848e-05
6.020000e-03	6.798597e-05
6.030000e-03	6.795345e-05
6.040000e-03	6.792094e-05
6.050000e-03	6.788842e-05
6.060000e-03	6.785591e-05
6.070000e-03	6.782340e-05
6.080000e-03	6.779088e-05
6.090000e-03	6.775837e-05
6.100000e-03	6.772585e-05
6.110000e-03	6.769334e-05
6.120000e-03	6.766082e-05
6.130000e-03	6.762831e-05
6.140000e-03	6.759580e-05
6.150000e-03	6.756328e-05
6.160000e-03	6.753077e-05
6.170000e-03	6.749825e-05
6.180000e-03	6.746574e-05
6.190000e-03	6.743323e-05
6.200000e-03	6.740071e-05
6.210000e-03	6.736820e-05
6.220000e-03	6.733568e-05
6.230000e-03	6.730317e-05
6.240000e-03	6.727066e-05
6.250000e-03	6.723814e-05
6.260000e-03	6.720563e-05
6.270000e-03	6.717311e-05
6.280000e-03	6.714060e-05
6.290000e-03	6.710809e-05
6.300000e-03	6.707557e-05
6.310000e-03	6.704306e-05
6.320000e-03	6.701054e-05
6.330000e-03	6.697803e-05
6.340000e-03	6.694552e-05
6.350000e-03	6.691300e-05
6.360000e-03	6.688049e-05
6.370000e-03	6.684797e-05
6.380000e-03	6.681546e-05
6.390000e-03	6.678294e-05
6.400000e-03	6.675043e-05
6.410000e-03	6.671792e-05
6.420000e-03	6.668540e-05
6.430000e-03	6.665289e-05
6.440000e-03	6.662037e-05
6.450000e-03	6.658786e-05
6.460000e-03	6.655535e-05
6.470000e-03	6.652283e-05
6.480000e-03	6.649032e-05
6.490000e-03	6.645780e-05
6.500000e-03	6.642529e-05
6.510000e-03	6.639278e-05
6.520000e-03	6.636026e-05
6.530000e-03	6.632775e-05
6.540000e-03	6.629523e-05
6.550000e-03	6.626272e-05
6.560000e-03	6.623021e-05
6.570000e-03	6.619769e-05
6.580000e-03	6.616518e-05
6.590000e-03	6.613266e-05
6.600000e-03	6.610015e-05
6.610000e-03	6.606764e-05
6.620000e-03	6.603512e-05
6.630000e-03	6.600261e-05
6.640000e-03	6.597009e-05
6.650000e-03	6.593758e-05
6.660000e-03	6.590506e-05
6.670000e-03	6.587255e-05
6.680000e-03	6.584004e-05
6.690000e-03	6.580752e-05
6.700000e-03	6.577501e-05
6.710000e-03	6.574249e-05
6.720000e-03	6.570998e-05
6.730000e-03	6.567747e-05
6.740000e-03	6.564495e-05
6.750000e-03	6.561244e-05
6.760000e-03	6.557992e-05
6.770000e-03	6.554741e-05
6.780000e-03	6.551490e-05
6.790000e-03	6.548238e-05
6.800000e-03	6.544987e-05
6.810000e-03	6.541735e-05
6.820000e-03	6.538484e-05
6.830000e-03	6.535233e-05
6.840000e-03	6.531981e-05
6.850000e-03	6.528730e-05
6.860000e-03	6.525478e-05
6.870000e-03	6.522227e-05
6.880000e-03	6.518975e-05
6.890000e-03	6.515724e-05
6.900000e-03	6.512473e-05
6.910000e-03	6.509221e-05
6.920000e-03	6.505970e-05
6.930000e-03	6.502718e-05
6.940000e-03	6.499467e-05
6.950000e-03	6.496216e-05
6.960000e-03	6.492964e-05
6.970000e-03	6.489713e-05
6.980000e-03	6.486461e-05
6.990000e-03	6.483210e-05
7.000000e-03	6.479959e-05
7.010000e-03	6.476707e-05
7.020000e-03	6.473456e-05
7.030000e-03	6.470204e-05
7.040000e-03	6.466953e-05
7.050000e-03	6.463702e-05
7.060000e-03	6.460450e-05
7.070000e-03	6.457199e-05
7.080000e-03	6.453947e-05
7.090000e-03	6.450696e-05
7.100000e-03	6.447445e-05
7.110000e-03	6.444193e-05
7.120000e-03	6.440942e-05
7.130000e-03	6.437690e-05
7.140000e-03	6.434439e-05
7.150000e-03	6.431187e-05
7.160000e-03	6.427936e-05
7.170000e-03	6.424685e-05
7.180000e-03	6.421433e-05
7.190000e-03	6.418182e-05
7.200000e-03	6.414930e-05
7.210000e-03	6.411679e-05
7.220000e-03	6.408428e-05
7.230000e-03	6.405176e-05
7.240000e-03	6.401925e-05
7.250000e-03	6.398673e-05
7.260000e-03	6.395422e-05
7.270000e-03	6.392171e-05
7.280000e-03	6.388919e-05
7.290000e-03	6.385668e-05
7.300000e-03	6.382416e-05
7.310000e-03	6.379165e-05
7.320000e-03	6.375914e-05
7.330000e-03	6.372662e-05
7.340000e-03	6.369411e-05
7.350000e-03	6.366159e-05
7.360000e-03	6.362908e-05
7.370000e-03	6.359656e-05
7.380000e-03	6.356405e-05
7.390000e-03	6.353154e-05
7.400000e-03	6.349902e-05
7.410000e-03	6.346651e-05
7.420000e-03	6.343399e-05
7.430000e-03	6.340148e-05
7.440000e-03	6.336897e-05
7.450000e-03	6.333645e-05
7.460000e-03	6.330394e-05
7.470000e-03	6.327142e-05
7.480000e-03	6.323891e-05
7.490000e-03	6.320640e-05
7.500000e-03	6.317388e-05
7.510000e-03	6.314137e-05
7.520000e-03	6.310885e-05
7.530000e-03	6.307634e-05
7.540000e-03	6.304383e-05
7.550000e-03	6.301131e-05
7.560000e-03	6.297880e-05
7.570000e-03	6.294628e-05
7.580000e-03	6.291377e-05
7.590000e-03	6.288126e-05
7.600000e-03	6.284874e-05
7.610000e-03	6.281623e-05
7.620000e-03	6.278371e-05
7.630000e-03	6.275120e-05
7.640000e-03	6.271868e-05
7.650000e-03	6.268617e-05
7.660000e-03	6.265366e-05
7.670000e-03	6.262114e-05
7.680000e-03	6.258863e-05
7.690000e-03	6.255611e-05
7.700000e-03	6.252360e-05
7.710000e-03	6.249109e-05
7.720000e-03	6.245857e-05
7.730000e-03	6.242606e-05
7.740000e-03	6.239354e-05
7.750000e-03	6.236103e-05
7.760000e-03	6.232852e-05
7.770000e-03	6.229600e-05
7.780000e-03	6.226349e-05
7.790000e-03	6.223097e-05
7.800000e-03	6.219846e-05
7.810000e-03	6.216595e-05
7.820000e-03	6.213343e-05
7.830000e-03	6.210092e-05
7.840000e-03	6.206840e-05
7.850000e-03	6.203589e-05
7.860000e-03	6.200337e-05
7.870000e-03	6.197086e-05
7.880000e-03	6.193835e-05
7.890000e-03	6.190583e-05
7.900000e-03	6.187332e-05
7.910000e-03	6.184080e-05
7.920000e-03	6.180829e-05
7.930000e-03	6.177578e-05
7.940000e-03	6.174326e-05
7.950000e-03	6.171075e-05
7.960000e-03	6.167823e-05
7.970000e-03	6.164572e-05
7.980000e-03	6.161321e-05
7.990000e-03	6.158069e-05
8.000000e-03	6.154818e-05
8.010000e-03	6.151566e-05
8.020000e-03	6.148315e-05
8.030000e-03	6.145064e-05
8.040000e-03	6.141812e-05
8.050000e-03	6.138561e-05
8.060000e-03	6.135309e-05
8.070000e-03	6.132058e-05
8.080000e-03	6.128807e-05
8.090000e-03	6.125555e-05
8.100000e-03	6.122304e-05
8.110000e-03	6.119052e-05
8.120000e-03	6.115801e-05
8.130000e-03	6.112549e-05
8.140000e-03	6.109298e-05
8.150000e-03	6.106047e-05
8.160000e-03	6.102795e-05
8.170000e-03	6.099544e-05
8.180000e-03	6.096292e-05
8.190000e-03	6.093041e-05
8.200000e-03	6.089790e-05
8.210000e-03	6.086538e-05
8.220000e-03	6.083287e-05
8.230000e-03	6.080035e-05
8.240000e-03	6.076784e-05
8.250000e-03	6.073533e-05
8.260000e-03	6.070281e-05
8.270000e-03	6.067030e-05
8.280000e-03	6.063778e-05
8.290000e-03	6.060527e-05
8.300000e-03	6.057276e-05
8.310000e-03	6.054024e-05
8.320000e-03	6.050773e-05
8.330000e-03	6.047521e-05
8.340000e-03	6.044270e-05
8.350000e-03	6.041019e-05
8.360000e-03	6.037767e-05
8.370000e-03	6.034516e-05
8.380000e-03	6.031264e-05
8.390000e-03	6.028013e-05
8.400000e-03	6.024761e-05
8.410000e-03	6.021510e-05
8.420000e-03	6.018259e-05
8.430000e-03	6.015007e-05
8.440000e-03	6.011756e-05
8.450000e-03	6.008504e-05
8.460000e-03	6.005253e-05
8.470000e-03	6.002002e-05
8.480000e-03	5.998750e-05
8.490000e-03	5.995499e-05
8.500000e-03	5.992247e-05
8.510000e-03	5.988996e-05
8.520000e-03	5.985745e-05
8.530000e-03	5.982493e-05
8.540000e-03	5.979242e-05
8.550000e-03	5.975990e-05
8.560000e-03	5.972739e-05
8.570000e-03	5.969488e-05
8.580000e-03	5.966236e-05
8.590000e-03	5.962985e-05
8.600000e-03	5.959733e-05
8.610000e-03	5.956482e-05
8.620000e-03	5.953230e-05
8.630000e-03	5.949979e-05
8.640000e-03	5.946728e-05
8.650000e-03	5.943476e-05
8.660000e-03	5.940225e-05
8.670000e-03	5.936973e-05
8.680000e-03	5.933722e-05
8.690000e-03	5.930471e-05
8.700000e-03	5.927219e-05
8.710000e-03	5.923968e-05
8.720000e-03	5.920716e-05
8.730000e-03	5.917465e-05
8.740000e-03	5.914214e-05
8.750000e-03	5.910962e-05
8.760000e-03	5.907711e-05
8.770000e-03	5.904459e-05
8.780000e-03	5.901208e-05
8.790000e-03	5.897957e-05
8.800000e-03	5.894705e-05
8.810000e-03	5.891454e-05
8.820000e-03	5.888202e-05
8.830000e-03	5.884951e-05
8.840000e-03	5.881700e-05
8.850000e-03	5.878448e-05
8.860000e-03	5.875197e-05
8.870000e-03	5.871945e-05
8.880000e-03	5.868694e-05
8.890000e-03	5.865442e-05
8.900000e-03	5.862191e-05
8.910000e-03	5.858940e-05
8.920000e-03	5.855688e-05
8.930000e-03	5.852437e-05
8.940000e-03	5.849185e-05
8.950000e-03	5.845934e-05
8.960000e-03	5.842683e-05
8.970000e-03	5.839431e-05
8.980000e-03	5.836180e-05
8.990000e-03	5.832928e-05
9.000000e-03	5.829677e-05
9.010000e-03	5.826426e-05
9.020000e-03	5.823174e-05
9.030000e-03	5.819923e-05
9.040000e-03	5.816671e-05
9.050000e-03	5.813420e-05
9.060000e-03	5.810169e-05
9.070000e-03	5.806917e-05
9.080000e-03	5.803666e-05
9.090000e-03	5.800414e-05
9.100000e-03	5.797163e-05
9.110000e-03	5.793911e-05
9.120000e-03	5.790660e-05
9.130000e-03	5.787409e-05
9.140000e-03	5.784157e-05
9.150000e-03	5.780906e-05
9.160000e-03	5.777654e-05
9.170000e-03	5.774403e-05
9.180000e-03	5.771152e-05
9.190000e-03	5.767900e-05
9.200000e-03	5.764649e-05
9.210000e-03	5.761397e-05
9.220000e-03	5.758146e-05
9.230000e-03	5.754895e-05
9.240000e-03	5.751643e-05
9.250000e-03	5.748392e-05
9.260000e-03	5.745140e-05
9.270000e-03	5.741889e-05
9.280000e-03	5.738638e-05
9.290000e-03	5.735386e-05
9.300000e-03	5.732135e-05
9.310000e-03	5.728883e-05
9.320000e-03	5.725632e-05
9.330000e-03	5.722381e-05
9.340000e-03	5.719129e-05
9.350000e-03	5.715878e-05
9.360000e-03	5.712626e-05
9.370000e-03	5.709375e-05
9.380000e-03	5.706123e-05
9.390000e-03	5.702872e-05
9.400000e-03	5.699621e-05
9.410000e-03	5.696369e-05
9.420000e-03	5.693118e-05
9.430000e-03	5.689866e-05
9.440000e-03	5.686615e-05
9.450000e-03	5.683364e-05
9.460000e-03	5.680112e-05
9.470000e-03	5.676861e-05
9.480000e-03	5.673609e-05
9.490000e-03	5.670358e-05
9.500000e-03	5.667107e-05
9.510000e-03	5.663855e-05
9.520000e-03	5.660604e-05
9.530000e-03	5.657352e-05
9.540000e-03	5.654101e-05
9.550000e-03	5.650850e-05
9.560000e-03	5.647598e-05
9.570000e-03	5.644347e-05
9.580000e-03	5.641095e-05
9.590000e-03	5.637844e-05
9.600000e-03	5.634592e-05
9.610000e-03	5.631341e-05
9.620000e-03	5.628090e-05
9.630000e-03	5.624838e-05
9.640000e-03	5.621587e-05
9.650000e-03	5.618335e-05
9.660000e-03	5.615084e-05
9.670000e-03	5.611833e-05
9.680000e-03	5.608581e-05
9.690000e-03	5.605330e-05
9.700000e-03	5.602078e-05
9.710000e-03	5.598827e-05
9.720000e-03	5.595576e-05
9.730000e-03	5.592324e-05
9.740000e-03	5.589073e-05
9.750000e-03	5.585821e-05
9.760000e-03	5.582570e-05
9.770000e-03	5.579319e-05
9.780000e-03	5.576067e-05
9.790000e-03	5.572816e-05
9.800000e-03	5.569564e-05
9.810000e-03	5.566313e-05
9.820000e-03	5.563062e-05
9.830000e-03	5.559810e-05
9.840000e-03	5.556559e-05
9.850000e-03	5.553307e-05
9.860000e-03	5.550056e-05
9.870000e-03	5.546804e-05
9.880000e-03	5.543553e-05
9.890000e-03	5.540302e-05
9.900000e-03	5.537050e-05
9.910000e-03	5.533799e-05
9.920000e-03	5.530547e-05
9.930000e-03	5.527296e-05
9.940000e-03	5.524045e-05
9.950000e-03	5.520793e-05
9.960000e-03	5.517542e-05
9.970000e-03	5.514290e-05
9.980000e-03	5.511039e-05
9.990000e-03	5.507788e-05
1.000000e-02	5.504536e-05
1.001000e-02	5.501285e-05
1.002000e-02	5.498033e-05
1.003000e-02	5.494782e-05
1.004000e-02	5.491531e-05
1.005000e-02	5.488279e-05
1.006000e-02	5.485028e-05
1.007000e-02	5.481776e-05
1.008000e-02	5.478525e-05
1.009000e-02	5.475274e-05
1.010000e-02	5.472022e-05
1.011000e-02	5.468771e-05
1.012000e-02	5.465519e-05
1.013000e-02	5.462268e-05
1.014000e-02	5.459016e-05
1.015000e-02	5.455765e-05
1.016000e-02	5.452514e-05
1.017000e-02	5.449262e-05
1.018000e-02	5.446011e-05
1.019000e-02	5.442759e-05
1.020000e-02	5.439508e-05
1.021000e-02	5.436257e-05
1.022000e-02	5.433005e-05
1.023000e-02	5.429754e-05
1.024000e-02	5.426502e-05
1.025000e-02	5.423251e-05
1.026000e-02	5.420000e-05
1.027000e-02	5.416748e-05
1.028000e-02	5.413497e-05
1.029000e-02	5.410245e-05
1.030000e-02	5.406994e-05
1.031000e-02	5.403743e-05
1.032000e-02	5.400491e-05
1.033000e-02	5.397240e-05
1.034000e-02	5.393988e-05
1.035000e-02	5.390737e-05
1.036000e-02	5.387485e-05
1.037000e-02	5.384234e-05
1.038000e-02	5.380983e-05
1.039000e-02	5.377731e-05
1.040000e-02	5.374480e-05
1.041000e-02	5.371228e-05
1.042000e-02	5.367977e-05
1.043000e-02	5.364726e-05
1.044000e-02	5.361474e-05
1.045000e-02	5.358223e-05
1.046000e-02	5.354971e-05
1.047000e-02	5.351720e-05
1.048000e-02	5.348469e-05
1.049000e-02	5.345217e-05
1.050000e-02	5.341966e-05
1.051000e-02	5.338714e-05
1.052000e-02	5.335463e-05
1.053000e-02	5.332212e-05
1.054000e-02	5.328960e-05
1.055000e-02	5.325709e-05
1.056000e-02	5.322457e-05
1.057000e-02	5.319206e-05
1.058000e-02	5.315955e-05
1.059000e-02	5.312703e-05
1.060000e-02	5.309452e-05
1.061000e-02	5.306200e-05
1.062000e-02	5.302949e-05
1.063000e-02	5.299697e-05
1.064000e-02	5.296446e-05
1.065000e-02	5.293195e-05
1.066000e-02	5.289943e-05
1.067000e-02	5.286692e-05
1.068000e-02	5.283440e-05
1.069000e-02	5.280189e-05
1.070000e-02	5.276938e-05
1.071000e-02	5.273686e-05
1.072000e-02	5.270435e-05
1.073000e-02	5.267183e-05
1.074000e-02	5.263932e-05
1.075000e-02	5.260681e-05
1.076000e-02	5.257429e-05
1.077000e-02	5.254178e-05
1.078000e-02	5.250926e-05
1.079000e-02	5.247675e-05
1.080000e-02	5.244424e-05
1.081000e-02	5.241172e-05
1.082000e-02	5.237921e-05
1.083000e-02	5.234669e-05
1.084000e-02	5.231418e-05
1.085000e-02	5.228166e-05
1.086000e-02	5.224915e-05
1.087000e-02	5.221664e-05
1.088000e-02	5.218412e-05
1.089000e-02	5.215161e-05
1.090000e-02	5.211909e-05
1.091000e-02	5.208658e-05
1.092000e-02	5.205407e-05
1.093000e-02	5.202155e-05
1.094000e-02	5.198904e-05
1.095000e-02	5.195652e-05
1.096000e-02	5.192401e-05
1.097000e-02	5.189150e-05
1.098000e-02	5.185898e-05
1.099000e-02	5.182647e-05
1.100000e-02	5.179395e-05
1.101000e-02	5.176144e-05
1.102000e-02	5.172893e-05
1.103000e-02	5.169641e-05
1.104000e-02	5.166390e-05
1.105000e-02	5.163138e-05
1.106000e-02	5.159887e-05
1.107000e-02	5.156636e-05
1.108000e-02	5.153384e-05
1.109000e-02	5.150133e-05
1.110000e-02	5.146881e-05
1.111000e-02	5.143630e-05
1.112000e-02	5.140378e-05
1.113000e-02	5.137127e-05
1.114000e-02	5.133876e-05
1.115000e-02	5.130624e-05
1.116000e-02	5.127373e-05
1.117000e-02	5.124121e-05
1.118000e-02	5.120870e-05
1.119000e-02	5.117619e-05
1.120000e-02	5.114367e-05
1.121000e-02	5.111116e-05
1.122000e-02	5.107864e-05
1.123000e-02	5.104613e-05
1.124000e-02	5.101362e-05
1.125000e-02	5.098110e-05
1.126000e-02	5.094859e-05
1.127000e-02	5.091607e-05
1.128000e-02	5.088356e-05
1.129000e-02	5.085105e-05
1.130000e-02	5.081853e-05
1.131000e-02	5.078602e-05
1.132000e-02	5.075350e-05
1.133000e-02	5.072099e-05
1.134000e-02	5.068848e-05
1.135000e-02	5.065596e-05
1.136000e-02	5.062345e-05
1.137000e-02	5.059093e-05
1.138000e-02	5.055842e-05
1.139000e-02	5.052590e-05
1.140000e-02	5.049339e-05
1.141000e-02	5.046088e-05
1.142000e-02	5.042836e-05
1.143000e-02	5.039585e-05
1.144000e-02	5.036333e-05
1.145000e-02	5.033082e-05
1.146000e-02	5.029831e-05
1.147000e-02	5.026579e-05
1.148000e-02	5.023328e-05
1.149000e-02	5.020076e-05
1.150000e-02	5.016825e-05
1.151000e-02	5.013574e-05
1.152000e-02	5.010322e-05
1.153000e-02	5.007071e-05
1.154000e-02	5.003819e-05
1.155000e-02	5.000568e-05
1.156000e-02	4.997317e-05
1.157000e-02	4.994065e-05
1.158000e-02	4.990814e-05
1.159000e-02	4.987562e-05
1.160000e-02	4.984311e-05
1.161000e-02	4.981059e-05
1.162000e-02	4.977808e-05
1.163000e-02	4.974557e-05
1.164000e-02	4.971305e-05
1.165000e-02	4.968054e-05
1.166000e-02	4.964802e-05
1.167000e-02	4.961551e-05
1.168000e-02	4.958300e-05
1.169000e-02	4.955048e-05
1.170000e-02	4.951797e-05
1.171000e-02	4.948545e-05
1.172000e-02	4.945294e-05
1.173000e-02	4.942043e-05
1.174000e-02	4.938791e-05
1.175000e-02	4.935540e-05
1.176000e-02	4.932288e-05
1.177000e-02	4.929037e-05
1.178000e-02	4.925786e-05
1.179000e-02	4.922534e-05
1.180000e-02	4.919283e-05
1.181000e-02	4.916031e-05
1.182000e-02	4.912780e-05
1.183000e-02	4.909529e-05
1.184000e-02	4.906277e-05
1.185000e-02	4.903026e-05
1.186000e-02	4.899774e-05
1.187000e-02	4.896523e-05
1.188000e-02	4.893271e-05
1.189000e-02	4.890020e-05
1.190000e-02	4.886769e-05
1.191000e-02	4.883517e-05
1.192000e-02	4.880266e-05
1.193000e-02	4.877014e-05
1.194000e-02	4.873763e-05
1.195000e-02	4.870512e-05
1.196000e-02	4.867260e-05
1.197000e-02	4.864009e-05
1.198000e-02	4.860757e-05
1.199000e-02	4.857506e-05
1.200000e-02	4.854255e-05
1.201000e-02	4.851003e-05
1.202000e-02	4.847752e-05
1.203000e-02	4.844500e-05
1.204000e-02	4.841249e-05
1.205000e-02	4.837998e-05
1.206000e-02	4.834746e-05
1.207000e-02	4.831495e-05
1.208000e-02	4.828243e-05
1.209000e-02	4.824992e-05
1.210000e-02	4.821740e-05
1.211000e-02	4.818489e-05
1.212000e-02	4.815238e-05
1.213000e-02	4.811986e-05
1.214000e-02	4.808735e-05
1.215000e-02	4.805483e-05
1.216000e-02	4.802232e-05
1.217000e-02	4.798981e-05
1.218000e-02	4.795729e-05
1.219000e-02	4.792478e-05
1.220000e-02	4.789226e-05
1.221000e-02	4.785975e-05
1.222000e-02	4.782724e-05
1.223000e-02	4.779472e-05
1.224000e-02	4.776221e-05
1.225000e-02	4.772969e-05
1.226000e-02	4.769718e-05
1.227000e-02	4.766467e-05
1.228000e-02	4.763215e-05
1.229000e-02	4.759964e-05
1.230000e-02	4.756712e-05
1.231000e-02	4.753461e-05
1.232000e-02	4.750210e-05
1.233000e-02	4.746958e-05
1.234000e-02	4.743707e-05
1.235000e-02	4.740455e-05
1.236000e-02	4.737204e-05
1.237000e-02	4.733952e-05
1.238000e-02	4.730701e-05
1.239000e-02	4.727450e-05
1.240000e-02	4.724198e-05
1.241000e-02	4.720947e-05
1.242000e-02	4.717695e-05
1.243000e-02	4.714444e-05
1.244000e-02	4.711193e-05
1.245000e-02	4.707941e-05
1.246000e-02	4.704690e-05
1.247000e-02	4.701438e-05
1.248000e-02	4.698187e-05
1.249000e-02	4.694936e-05
1.250000e-02	4.691684e-05
1.251000e-02	4.688433e-05
1.252000e-02	4.685181e-05
1.253000e-02	4.681930e-05
1.254000e-02	4.678679e-05
1.255000e-02	4.675427e-05
1.256000e-02	4.672176e-05
1.257000e-02	4.668924e-05
1.258000e-02	4.665673e-05
1.259000e-02	4.662421e-05
1.260000e-02	4.659170e-05
1.261000e-02	4.655919e-05
1.262000e-02	4.652667e-05
1.263000e-02	4.649416e-05
1.264000e-02	4.646164e-05
1.265000e-02	4.642913e-05
1.266000e-02	4.639662e-05
1.267000e-02	4.636410e-05
1.268000e-02	4.633159e-05
1.269000e-02	4.629907e-05
1.270000e-02	4.626656e-05
1.271000e-02	4.623405e-05
1.272000e-02	4.620153e-05
1.273000e-02	4.616902e-05
1.274000e-02	4.613650e-05
1.275000e-02	4.610399e-05
1.276000e-02	4.607148e-05
1.277000e-02	4.603896e-05
1.278000e-02	4.600645e-05
1.279000e-02	4.597393e-05
1.280000e-02	4.594142e-05
1.281000e-02	4.590891e-05
1.282000e-02	4.587639e-05
1.283000e-02	4.584388e-05
1.284000e-02	4.581136e-05
1.285000e-02	4.577885e-05
1.286000e-02	4.574633e-05
1.287000e-02	4.571382e-05
1.288000e-02	4.568131e-05
1.289000e-02	4.564879e-05
1.290000e-02	4.561628e-05
1.291000e-02	4.558376e-05
1.292000e-02	4.555125e-05
1.293000e-02	4.551874e-05
1.294000e-02	4.548622e-05
1.295000e-02	4.545371e-05
1.296000e-02	4.542119e-05
1.297000e-02	4.538868e-05
1.298000e-02	4.535617e-05
1.299000e-02	4.532365e-05
1.300000e-02	4.529114e-05
1.301000e-02	4.525862e-05
1.302000e-02	4.522611e-05
1.303000e-02	4.519360e-05
1.304000e-02	4.516108e-05
1.305000e-02	4.512857e-05
1.306000e-02	4.509605e-05
1.307000e-02	4.506354e-05
1.308000e-02	4.503103e-05
1.309000e-02	4.499851e-05
1.310000e-02	4.496600e-05
1.311000e-02	4.493348e-05
1.312000e-02	4.490097e-05
1.313000e-02	4.486845e-05
1.314000e-02	4.483594e-05
1.315000e-02	4.480343e-05
1.316000e-02	4.477091e-05
1.317000e-02	4.473840e-05
1.318000e-02	4.470588e-05
1.319000e-02	4.467337e-05
1.320000e-02	4.464086e-05
1.321000e-02	4.460834e-05
1.322000e-02	4.457583e-05
1.323000e-02	4.454331e-05
1.324000e-02	4.451080e-05
1.325000e-02	4.447829e-05
1.326000e-02	4.446935e-05
1.327000e-02	4.446041e-05
1.328000e-02	4.445148e-05
1.329000e-02	4.444254e-05
1.330000e-02	4.443360e-05
1.331000e-02	4.442467e-05
1.332000e-02	4.441573e-05
1.333000e-02	4.440679e-05
1.334000e-02	4.439786e-05
1.335000e-02	4.438892e-05
1.336000e-02	4.437998e-05
1.337000e-02	4.437105e-05
1.338000e-02	4.436211e-05
1.339000e-02	4.435317e-05
1.340000e-02	4.434424e-05
1.341000e-02	4.433530e-05
1.342000e-02	4.432636e-05
1.343000e-02	4.431743e-05
1.344000e-02	4.430849e-05
1.345000e-02	4.429955e-05
1.346000e-02	4.429062e-05
1.347000e-02	4.428168e-05
1.348000e-02	4.427274e-05
1.349000e-02	4.426381e-05
1.350000e-02	4.425487e-05
1.351000e-02	4.424593e-05
1.352000e-02	4.423700e-05
1.353000e-02	4.422806e-05
1.354000e-02	4.421912e-05
1.355000e-02	4.421019e-05
1.356000e-02	4.420125e-05
1.357000e-02	4.419231e-05
1.358000e-02	4.418338e-05
1.359000e-02	4.417444e-05
1.360000e-02	4.416550e-05
1.361000e-02	4.415657e-05
1.362000e-02	4.414763e-05
1.363000e-02	4.413869e-05
1.364000e-02	4.412976e-05
1.365000e-02	4.412082e-05
1.366000e-02	4.411188e-05
1.367000e-02	4.410295e-05
1.368000e-02	4.409401e-05
1.369000e-02	4.408507e-05
1.370000e-02	4.407614e-05
1.371000e-02	4.406720e-05
1.372000e-02	4.405826e-05
1.373000e-02	4.404933e-05
1.374000e-02	4.404039e-05
1.375000e-02	4.403145e-05
1.376000e-02	4.402252e-05
1.377000e-02	4.401358e-05
1.378000e-02	4.400464e-05
1.379000e-02	4.399571e-05
1.380000e-02	4.398677e-05
1.381000e-02	4.397783e-05
1.382000e-02	4.396890e-05
1.383000e-02	4.395996e-05
1.384000e-02	4.395102e-05
1.385000e-02	4.394209e-05
1.386000e-02	4.393315e-05
1.387000e-02	4.392421e-05
1.388000e-02	4.391528e-05
1.389000e-02	4.390634e-05
1.390000e-02	4.389741e-05
1.391000e-02	4.388847e-05
1.392000e-02	4.387953e-05
1.393000e-02	4.387060e-05
1.394000e-02	4.386166e-05
1.395000e-02	4.385272e-05
1.396000e-02	4.384379e-05
1.397000e-02	4.383485e-05
1.398000e-02	4.382591e-05
1.399000e-02	4.381698e-05
1.400000e-02	4.380804e-05
1.401000e-02	4.379910e-05
1.402000e-02	4.379017e-05
1.403000e-02	4.378123e-05
1.404000e-02	4.377229e-05
1.405000e-02	4.376336e-05
1.406000e-02	4.375442e-05
1.407000e-02	4.374548e-05
1.408000e-02	4.373655e-05
1.409000e-02	4.372761e-05
1.410000e-02	4.371867e-05
1.411000e-02	4.370974e-05
1.412000e-02	4.370080e-05
1.413000e-02	4.369186e-05
1.414000e-02	4.368293e-05
1.415000e-02	4.367399e-05
1.416000e-02	4.366505e-05
1.417000e-02	4.365612e-05
1.418000e-02	4.364718e-05
1.419000e-02	4.363824e-05
1.420000e-02	4.362931e-05
1.421000e-02	4.362037e-05
1.422000e-02	4.361143e-05
1.423000e-02	4.360250e-05
1.424000e-02	4.359356e-05
1.425000e-02	4.358462e-05
1.426000e-02	4.358298e-05
1.427000e-02	4.358133e-05
1.428000e-02	4.357969e-05
1.429000e-02	4.357804e-05
1.430000e-02	4.357639e-05
1.431000e-02	4.357475e-05
1.432000e-02	4.357310e-05
1.433000e-02	4.357146e-05
1.434000e-02	4.356981e-05
1.435000e-02	4.356816e-05
1.436000e-02	4.356652e-05
1.437000e-02	4.356487e-05
1.438000e-02	4.356323e-05
1.439000e-02	4.356158e-05
1.440000e-02	4.355994e-05
1.441000e-02	4.355829e-05
1.442000e-02	4.355664e-05
1.443000e-02	4.355500e-05
1.444000e-02	4.355335e-05
1.445000e-02	4.355171e-05
1.446000e-02	4.355006e-05
1.447000e-02	4.354841e-05
1.448000e-02	4.354677e-05
1.449000e-02	4.354512e-05
1.450000e-02	4.354348e-05
1.451000e-02	4.354183e-05
1.452000e-02	4.354018e-05
1.453000e-02	4.353854e-05
1.454000e-02	4.353689e-05
1.455000e-02	4.353525e-05
1.456000e-02	4.353360e-05
1.457000e-02	4.353196e-05
1.458000e-02	4.353031e-05
1.459000e-02	4.352866e-05
1.460000e-02	4.352702e-05
1.461000e-02	4.352537e-05
1.462000e-02	4.352373e-05
1.463000e-02	4.352208e-05
1.464000e-02	4.352043e-05
1.465000e-02	4.351879e-05
1.466000e-02	4.351714e-05
1.467000e-02	4.351550e-05
1.468000e-02	4.351385e-05
1.469000e-02	4.351221e-05
1.470000e-02	4.351056e-05
1.471000e-02	4.350891e-05
1.472000e-02	4.350727e-05
1.473000e-02	4.350562e-05
1.474000e-02	4.350398e-05
1.475000e-02	4.350233e-05
1.476000e-02	4.350068e-05
1.477000e-02	4.349904e-05
1.478000e-02	4.349739e-05
1.479000e-02	4.349575e-05
1.480000e-02	4.349410e-05
1.481000e-02	4.349245e-05
1.482000e-02	4.349081e-05
1.483000e-02	4.348916e-05
1.484000e-02	4.348752e-05
1.485000e-02	4.348587e-05
1.486000e-02	4.348423e-05
1.487000e-02	4.348258e-05
1.488000e-02	4.348093e-05
1.489000e-02	4.347929e-05
1.490000e-02	4.347764e-05
1.491000e-02	4.347600e-05
1.492000e-02	4.347435e-05
1.493000e-02	4.347270e-05
1.494000e-02	4.347106e-05
1.495000e-02	4.346941e-05
1.496000e-02	4.346777e-05
1.497000e-02	4.346612e-05
1.498000e-02	4.346448e-05
1.499000e-02	4.346283e-05
1.500000e-02	4.346118e-05
1.501000e-02	4.345954e-05
1.502000e-02	4.345789e-05
1.503000e-02	4.345625e-05
1.504000e-02	4.345460e-05
1.505000e-02	4.345295e-05
1.506000e-02	4.345131e-05
1.507000e-02	4.344966e-05
1.508000e-02	4.344802e-05
1.509000e-02	4.344637e-05
1.510000e-02	4.344472e-05
1.511000e-02	4.344308e-05
1.512000e-02	4.344143e-05
1.513000e-02	4.343979e-05
1.514000e-02	4.343814e-05
1.515000e-02	4.343650e-05
1.516000e-02	4.343485e-05
1.517000e-02	4.343320e-05
1.518000e-02	4.343156e-05
1.519000e-02	4.342991e-05
1.520000e-02	4.342827e-05
1.521000e-02	4.342662e-05
1.522000e-02	4.342497e-05
1.523000e-02	4.342333e-05
1.524000e-02	4.342168e-05
1.525000e-02	4.342004e-05
1.526000e-02	4.342576e-05
1.527000e-02	4.343149e-05
1.528000e-02	4.343722e-05
1.529000e-02	4.344294e-05
1.530000e-02	4.344867e-05
1.531000e-02	4.345440e-05
1.532000e-02	4.346012e-05
1.533000e-02	4.346585e-05
1.534000e-02	4.347158e-05
1.535000e-02	4.347730e-05
1.536000e-02	4.348303e-05
1.537000e-02	4.348876e-05
1.538000e-02	4.349448e-05
1.539000e-02	4.350021e-05
1.540000e-02	4.350594e-05
1.541000e-02	4.351166e-05
1.542000e-02	4.351739e-05
1.543000e-02	4.352312e-05
1.544000e-02	4.352885e-05
1.545000e-02	4.353457e-05
1.546000e-02	4.354030e-05
1.547000e-02	4.354603e-05
1.548000e-02	4.355175e-05
1.549000e-02	4.355748e-05
1.550000e-02	4.356321e-05
1.551000e-02	4.356893e-05
1.552000e-02	4.357466e-05
1.553000e-02	4.358039e-05
1.554000e-02	4.358611e-05
1.555000e-02	4.359184e-05
1.556000e-02	4.359757e-05
1.557000e-02	4.360329e-05
1.558000e-02	4.360902e-05
1.559000e-02	4.361475e-05
1.560000e-02	4.362047e-05
1.561000e-02	4.362620e-05
1.562000e-02	4.363193e-05
1.563000e-02	4.363765e-05
1.564000e-02	4.364338e-05
1.565000e-02	4.364911e-05
1.566000e-02	4.365483e-05
1.567000e-02	4.366056e-05
1.568000e-02	4.366629e-05
1.569000e-02	4.367201e-05
1.570000e-02	4.367774e-05
1.571000e-02	4.368347e-05
1.572000e-02	4.368919e-05
1.573000e-02	4.369492e-05
1.574000e-02	4.370065e-05
1.575000e-02	4.370637e-05
1.576000e-02	4.371210e-05
1.577000e-02	4.371783e-05
1.578000e-02	4.372355e-05
1.579000e-02	4.372928e-05
1.580000e-02	4.373501e-05
1.581000e-02	4.374073e-05
1.582000e-02	4.374646e-05
1.583000e-02	4.375219e-05
1.584000e-02	4.375791e-05
1.585000e-02	4.376364e-05
1.586000e-02	4.376937e-05
1.587000e-02	4.377509e-05
1.588000e-02	4.378082e-05
1.589000e-02	4.378655e-05
1.590000e-02	4.379228e-05
1.591000e-02	4.379800e-05
1.592000e-02	4.380373e-05
1.593000e-02	4.380946e-05
1.594000e-02	4.381518e-05
1.595000e-02	4.382091e-05
1.596000e-02	4.382664e-05
1.597000e-02	4.383236e-05
1.598000e-02	4.383809e-05
1.599000e-02	4.384382e-05
1.600000e-02	4.384954e-05
1.601000e-02	4.385527e-05
1.602000e-02	4.386100e-05
1.603000e-02	4.386672e-05
1.604000e-02	4.387245e-05
1.605000e-02	4.387818e-05
1.606000e-02	4.388390e-05
1.607000e-02	4.388963e-05
1.608000e-02	4.389536e-05
1.609000e-02	4.390108e-05
1.610000e-02	4.390681e-05
1.611000e-02	4.391254e-05
1.612000e-02	4.391826e-05
1.613000e-02	4.392399e-05
1.614000e-02	4.392972e-05
1.615000e-02	4.393544e-05
1.616000e-02	4.394117e-05
1.617000e-02	4.394690e-05
1.618000e-02	4.395262e-05
1.619000e-02	4.395835e-05
1.620000e-02	4.396408e-05
1.621000e-02	4.396980e-05
1.622000e-02	4.397553e-05
1.623000e-02	4.398126e-05
1.624000e-02	4.398698e-05
1.625000e-02	4.399271e-05
1.626000e-02	4.400553e-05
1.627000e-02	4.401835e-05
1.628000e-02	4.403117e-05
1.629000e-02	4.404399e-05
1.630000e-02	4.405681e-05
1.631000e-02	4.406963e-05
1.632000e-02	4.408245e-05
1.633000e-02	4.409527e-05
1.634000e-02	4.410809e-05
1.635000e-02	4.412091e-05
1.636000e-02	4.413373e-05
1.637000e-02	4.414655e-05
1.638000e-02	4.415937e-05
1.639000e-02	4.417219e-05
1.640000e-02	4.418501e-05
1.641000e-02	4.419783e-05
1.642000e-02	4.421065e-05
1.643000e-02	4.422346e-05
1.644000e-02	4.423628e-05
1.645000e-02	4.424910e-05
1.646000e-02	4.426192e-05
1.647000e-02	4.427474e-05
1.648000e-02	4.428756e-05
1.649000e-02	4.430038e-05
1.650000e-02	4.431320e-05
1.651000e-02	4.432602e-05
1.652000e-02	4.433884e-05
1.653000e-02	4.435166e-05
1.654000e-02	4.436448e-05
1.655000e-02	4.437730e-05
1.656000e-02	4.439012e-05
1.657000e-02	4.440294e-05
1.658000e-02	4.441576e-05
1.659000e-02	4.442858e-05
1.660000e-02	4.444140e-05
1.661000e-02	4.445422e-05
1.662000e-02	4.446704e-05
1.663000e-02	4.447986e-05
1.664000e-02	4.449268e-05
1.665000e-02	4.450550e-05
1.666000e-02	4.451832e-05
1.667000e-02	4.453114e-05
1.668000e-02	4.454396e-05
1.669000e-02	4.455678e-05
1.670000e-02	4.456960e-05
1.671000e-02	4.458242e-05
1.672000e-02	4.459523e-05
1.673000e-02	4.460805e-05
1.674000e-02	4.462087e-05
1.675000e-02	4.463369e-05
1.676000e-02	4.464651e-05
1.677000e-02	4.465933e-05
1.678000e-02	4.467215e-05
1.679000e-02	4.468497e-05
1.680000e-02	4.469779e-05
1.681000e-02	4.471061e-05
1.682000e-02	4.472343e-05
1.683000e-02	4.473625e-05
1.684000e-02	4.474907e-05
1.685000e-02	4.476189e-05
1.686000e-02	4.477471e-05
1.687000e-02	4.478753e-05
1.688000e-02	4.480035e-05
1.689000e-02	4.481317e-05
1.690000e-02	4.482599e-05
1.691000e-02	4.483881e-05
1.692000e-02	4.485163e-05
1.693000e-02	4.486445e-05
1.694000e-02	4.487727e-05
1.695000e-02	4.489009e-05
1.696000e-02	4.490291e-05
1.697000e-02	4.491573e-05
1.698000e-02	4.492855e-05
1.699000e-02	4.494137e-05
1.700000e-02	4.495419e-05
1.701000e-02	4.496701e-05
1.702000e-02	4.497982e-05
1.703000e-02	4.499264e-05
1.704000e-02	4.500546e-05
1.705000e-02	4.501828e-05
1.706000e-02	4.503110e-05
1.707000e-02	4.504392e-05
1.708000e-02	4.505674e-05
1.709000e-02	4.506956e-05
1.710000e-02	4.508238e-05
1.711000e-02	4.509520e-05
1.712000e-02	4.510802e-05
1.713000e-02	4.512084e-05
1.714000e-02	4.513366e-05
1.715000e-02	4.514648e-05
1.716000e-02	4.515930e-05
1.717000e-02	4.517212e-05
1.718000e-02	4.518494e-05
1.719000e-02	4.519776e-05
1.720000e-02	4.521058e-05
1.721000e-02	4.522340e-05
1.722000e-02	4.523622e-05
1.723000e-02	4.524904e-05
1.724000e-02	4.526186e-05
1.725000e-02	4.527468e-05
1.726000e-02	4.530127e-05
1.727000e-02	4.532787e-05
1.728000e-02	4.535446e-05
1.729000e-02	4.538106e-05
1.730000e-02	4.540765e-05
1.731000e-02	4.543425e-05
1.732000e-02	4.546084e-05
1.733000e-02	4.548744e-05
1.734000e-02	4.551403e-05
1.735000e-02	4.554062e-05
1.736000e-02	4.556722e-05
1.737000e-02	4.559381e-05
1.738000e-02	4.562041e-05
1.739000e-02	4.564700e-05
1.740000e-02	4.567360e-05
1.741000e-02	4.570019e-05
1.742000e-02	4.572679e-05
1.743000e-02	4.575338e-05
1.744000e-02	4.577998e-05
1.745000e-02	4.580657e-05
1.746000e-02	4.583317e-05
1.747000e-02	4.585976e-05
1.748000e-02	4.588636e-05
1.749000e-02	4.591295e-05
1.750000e-02	4.593955e-05
1.751000e-02	4.596614e-05
1.752000e-02	4.599274e-05
1.753000e-02	4.601933e-05
1.754000e-02	4.604593e-05
1.755000e-02	4.607252e-05
1.756000e-02	4.609912e-05
1.757000e-02	4.612571e-05
1.758000e-02	4.615231e-05
1.759000e-02	4.617890e-05
1.760000e-02	4.620549e-05
1.761000e-02	4.623209e-05
1.762000e-02	4.625868e-05
1.763000e-02	4.628528e-05
1.764000e-02	4.631187e-05
1.765000e-02	4.633847e-05
1.766000e-02	4.636506e-05
1.767000e-02	4.639166e-05
1.768000e-02	4.641825e-05
1.769000e-02	4.644485e-05
1.770000e-02	4.647144e-05
1.771000e-02	4.649804e-05
1.772000e-02	4.652463e-05
1.773000e-02	4.655123e-05
1.774000e-02	4.657782e-05
1.775000e-02	4.660442e-05
1.776000e-02	4.663101e-05
1.777000e-02	4.665761e-05
1.778000e-02	4.668420e-05
1.779000e-02	4.671080e-05
1.780000e-02	4.673739e-05
1.781000e-02	4.676399e-05
1.782000e-02	4.679058e-05
1.783000e-02	4.681718e-05
1.784000e-02	4.684377e-05
1.785000e-02	4.687036e-05
1.786000e-02	4.689696e-05
1.787000e-02	4.692355e-05
1.788000e-02	4.695015e-05
1.789000e-02	4.697674e-05
1.790000e-02	4.700334e-05
1.791000e-02	4.702993e-05
1.792000e-02	4.705653e-05
1.793000e-02	4.708312e-05
1.794000e-02	4.710972e-05
1.795000e-02	4.713631e-05
1.796000e-02	4.716291e-05
1.797000e-02	4.718950e-05
1.798000e-02	4.721610e-05
1.799000e-02	4.724269e-05
1.800000e-02	4.726929e-05
1.801000e-02	4.729588e-05
1.802000e-02	4.732248e-05
1.803000e-02	4.734907e-05
1.804000e-02	4.737567e-05
1.805000e-02	4.740226e-05
1.806000e-02	4.742886e-05
1.807000e-02	4.745545e-05
1.808000e-02	4.748205e-05
1.809000e-02	4.750864e-05
1.810000e-02	4.753523e-05
1.811000e-02	4.756183e-05
1.812000e-02	4.758842e-05
1.813000e-02	4.761502e-05
1.814000e-02	4.764161e-05
1.815000e-02	4.766821e-05
1.816000e-02	4.769480e-05
1.817000e-02	4.772140e-05
1.818000e-02	4.774799e-05
1.819000e-02	4.777459e-05
1.820000e-02	4.780118e-05
1.821000e-02	4.782778e-05
1.822000e-02	4.785437e-05
1.823000e-02	4.788097e-05
1.824000e-02	4.790756e-05
1.825000e-02	4.793416e-05
1.826000e-02	4.796075e-05
1.827000e-02	4.798735e-05
1.828000e-02	4.801394e-05
1.829000e-02	4.804054e-05
1.830000e-02	4.806713e-05
1.831000e-02	4.809373e-05
1.832000e-02	4.812032e-05
1.833000e-02	4.814691e-05
1.834000e-02	4.817351e-05
1.835000e-02	4.820010e-05
1.836000e-02	4.822670e-05
1.837000e-02	4.825329e-05
1.838000e-02	4.827989e-05
1.839000e-02	4.830648e-05
1.840000e-02	4.833308e-05
1.841000e-02	4.835967e-05
1.842000e-02	4.838627e-05
1.843000e-02	4.841286e-05
1.844000e-02	4.843946e-05
1.845000e-02	4.846605e-05
1.846000e-02	4.849265e-05
1.847000e-02	4.851924e-05
1.848000e-02	4.854584e-05
1.849000e-02	4.857243e-05
1.850000e-02	4.859903e-05
1.851000e-02	4.862562e-05
1.852000e-02	4.865222e-05
1.853000e-02	4.867881e-05
1.854000e-02	4.870541e-05
1.855000e-02	4.873200e-05
1.856000e-02	4.875860e-05
1.857000e-02	4.878519e-05
1.858000e-02	4.881178e-05
1.859000e-02	4.883838e-05
1.860000e-02	4.886497e-05
1.861000e-02	4.889157e-05
1.862000e-02	4.891816e-05
1.863000e-02	4.894476e-05
1.864000e-02	4.897135e-05
1.865000e-02	4.899795e-05
1.866000e-02	4.902454e-05
1.867000e-02	4.905114e-05
1.868000e-02	4.907773e-05
1.869000e-02	4.910433e-05
1.870000e-02	4.913092e-05
1.871000e-02	4.915752e-05
1.872000e-02	4.918411e-05
1.873000e-02	4.921071e-05
1.874000e-02	4.923730e-05
1.875000e-02	4.926390e-05
1.876000e-02	4.929049e-05
1.877000e-02	4.931709e-05
1.878000e-02	4.934368e-05
1.879000e-02	4.937028e-05
1.880000e-02	4.939687e-05
1.881000e-02	4.942347e-05
1.882000e-02	4.945006e-05
1.883000e-02	4.947665e-05
1.884000e-02	4.950325e-05
1.885000e-02	4.952984e-05
1.886000e-02	4.955644e-05
1.887000e-02	4.958303e-05
1.888000e-02	4.960963e-05
1.889000e-02	4.963622e-05
1.890000e-02	4.966282e-05
1.891000e-02	4.968941e-05
1.892000e-02	4.971601e-05
1.893000e-02	4.974260e-05
1.894000e-02	4.976920e-05
1.895000e-02	4.979579e-05
1.896000e-02	4.982239e-05
1.897000e-02	4.984898e-05
1.898000e-02	4.987558e-05
1.899000e-02	4.990217e-05
1.900000e-02	4.992877e-05
1.901000e-02	4.995536e-05
1.902000e-02	4.998196e-05
1.903000e-02	5.000855e-05
1.904000e-02	5.003515e-05
1.905000e-02	5.006174e-05
1.906000e-02	5.008834e-05
1.907000e-02	5.011493e-05
1.908000e-02	5.014152e-05
1.909000e-02	5.016812e-05
1.910000e-02	5.019471e-05
1.911000e-02	5.022131e-05
1.912000e-02	5.024790e-05
1.913000e-02	5.027450e-05
1.914000e-02	5.030109e-05
1.915000e-02	5.032769e-05
1.916000e-02	5.035428e-05
1.917000e-02	5.038088e-05
1.918000e-02	5.040747e-05
1.919000e-02	5.043407e-05
1.920000e-02	5.046066e-05
1.921000e-02	5.048726e-05
1.922000e-02	5.051385e-05
1.923000e-02	5.054045e-05
1.924000e-02	5.056704e-05
1.925000e-02	5.059364e-05
1.926000e-02	5.062023e-05
1.927000e-02	5.064683e-05
1.928000e-02	5.067342e-05
1.929000e-02	5.070002e-05
1.930000e-02	5.072661e-05
1.931000e-02	5.075321e-05
1.932000e-02	5.077980e-05
1.933000e-02	5.080639e-05
1.934000e-02	5.083299e-05
1.935000e-02	5.085958e-05
1.936000e-02	5.088618e-05
1.937000e-02	5.091277e-05
1.938000e-02	5.093937e-05
1.939000e-02	5.096596e-05
1.940000e-02	5.099256e-05
1.941000e-02	5.101915e-05
1.942000e-02	5.104575e-05
1.943000e-02	5.107234e-05
1.944000e-02	5.109894e-05
1.945000e-02	5.112553e-05
1.946000e-02	5.115213e-05
1.947000e-02	5.117872e-05
1.948000e-02	5.120532e-05
1.949000e-02	5.123191e-05
1.950000e-02	5.125851e-05
1.951000e-02	5.128510e-05
1.952000e-02	5.131170e-05
1.953000e-02	5.133829e-05
1.954000e-02	5.136489e-05
1.955000e-02	5.139148e-05
1.956000e-02	5.141808e-05
1.957000e-02	5.144467e-05
1.958000e-02	5.147126e-05
1.959000e-02	5.149786e-05
1.960000e-02	5.152445e-05
1.961000e-02	5.155105e-05
1.962000e-02	5.157764e-05
1.963000e-02	5.160424e-05
1.964000e-02	5.163083e-05
1.965000e-02	5.165743e-05
1.966000e-02	5.168402e-05
1.967000e-02	5.171062e-05
1.968000e-02	5.173721e-05
1.969000e-02	5.176381e-05
1.970000e-02	5.179040e-05
1.971000e-02	5.181700e-05
1.972000e-02	5.184359e-05
1.973000e-02	5.187019e-05
1.974000e-02	5.189678e-05
1.975000e-02	5.192338e-05
1.976000e-02	5.194997e-05
1.977000e-02	5.197657e-05
1.978000e-02	5.200316e-05
1.979000e-02	5.202976e-05
1.980000e-02	5.205635e-05
1.981000e-02	5.208294e-05
1.982000e-02	5.210954e-05
1.983000e-02	5.213613e-05
1.984000e-02	5.216273e-05
1.985000e-02	5.218932e-05
1.986000e-02	5.221592e-05
1.987000e-02	5.224251e-05
1.988000e-02	5.226911e-05
1.989000e-02	5.229570e-05
1.990000e-02	5.232230e-05
1.991000e-02	5.234889e-05
1.992000e-02	5.237549e-05
1.993000e-02	5.240208e-05
1.994000e-02	5.242868e-05
1.995000e-02	5.245527e-05
1.996000e-02	5.248187e-05
1.997000e-02	5.250846e-05
1.998000e-02	5.253506e-05
1.999000e-02	5.256165e-05
2.000000e-02	5.258825e-05
2.001000e-02	5.261484e-05
2.002000e-02	5.264144e-05
2.003000e-02	5.266803e-05
2.004000e-02	5.269463e-05
2.005000e-02	5.272122e-05
2.006000e-02	5.274781e-05
2.007000e-02	5.277441e-05
2.008000e-02	5.280100e-05
2.009000e-02	5.282760e-05
2.010000e-02	5.285419e-05
2.011000e-02	5.288079e-05
2.012000e-02	5.290738e-05
2.013000e-02	5.293398e-05
2.014000e-02	5.296057e-05
2.015000e-02	5.298717e-05
2.016000e-02	5.301376e-05
2.017000e-02	5.304036e-05
2.018000e-02	5.306695e-05
2.019000e-02	5.309355e-05
2.020000e-02	5.312014e-05
2.021000e-02	5.314674e-05
2.022000e-02	5.317333e-05
2.023000e-02	5.319993e-05
2.024000e-02	5.322652e-05
2.025000e-02	5.325312e-05
2.026000e-02	5.327971e-05
2.027000e-02	5.330631e-05
2.028000e-02	5.333290e-05
2.029000e-02	5.335950e-05
2.030000e-02	5.338609e-05
2.031000e-02	5.341268e-05
2.032000e-02	5.343928e-05
2.033000e-02	5.346587e-05
2.034000e-02	5.349247e-05
2.035000e-02	5.351906e-05
2.036000e-02	5.354566e-05
2.037000e-02	5.357225e-05
2.038000e-02	5.359885e-05
2.039000e-02	5.362544e-05
2.040000e-02	5.365204e-05
2.041000e-02	5.367863e-05
2.042000e-02	5.370523e-05
2.043000e-02	5.373182e-05
2.044000e-02	5.375842e-05
2.045000e-02	5.378501e-05
2.046000e-02	5.381161e-05
2.047000e-02	5.383820e-05
2.048000e-02	5.386480e-05
2.049000e-02	5.389139e-05
2.050000e-02	5.391799e-05
2.051000e-02	5.394458e-05
2.052000e-02	5.397118e-05
2.053000e-02	5.399777e-05
2.054000e-02	5.402437e-05
2.055000e-02	5.405096e-05
2.056000e-02	5.407755e-05
2.057000e-02	5.410415e-05
2.058000e-02	5.413074e-05
2.059000e-02	5.415734e-05
2.060000e-02	5.418393e-05
2.061000e-02	5.421053e-05
2.062000e-02	5.423712e-05
2.063000e-02	5.426372e-05
2.064000e-02	5.429031e-05
2.065000e-02	5.431691e-05
2.066000e-02	5.434350e-05
2.067000e-02	5.437010e-05
2.068000e-02	5.439669e-05
2.069000e-02	5.442329e-05
2.070000e-02	5.444988e-05
2.071000e-02	5.447648e-05
2.072000e-02	5.450307e-05
2.073000e-02	5.452967e-05
2.074000e-02	5.455626e-05
2.075000e-02	5.458286e-05
2.076000e-02	5.460945e-05
2.077000e-02	5.463605e-05
2.078000e-02	5.466264e-05
2.079000e-02	5.468924e-05
2.080000e-02	5.471583e-05
2.081000e-02	5.474242e-05
2.082000e-02	5.476902e-05
2.083000e-02	5.479561e-05
2.084000e-02	5.482221e-05
2.085000e-02	5.484880e-05
2.086000e-02	5.487540e-05
2.087000e-02	5.490199e-05
2.088000e-02	5.492859e-05
2.089000e-02	5.495518e-05
2.090000e-02	5.498178e-05
2.091000e-02	5.500837e-05
2.092000e-02	5.503497e-05
2.093000e-02	5.506156e-05
2.094000e-02	5.508816e-05
2.095000e-02	5.511475e-05
2.096000e-02	5.514135e-05
2.097000e-02	5.516794e-05
2.098000e-02	5.519454e-05
2.099000e-02	5.522113e-05
2.100000e-02	5.524773e-05
2.101000e-02	5.528453e-05
2.102000e-02	5.532134e-05
2.103000e-02	5.535814e-05
2.104000e-02	5.539495e-05
2.105000e-02	5.543176e-05
2.106000e-02	5.546856e-05
2.107000e-02	5.550537e-05
2.108000e-02	5.554217e-05
2.109000e-02	5.557898e-05
2.110000e-02	5.561579e-05
2.111000e-02	5.565259e-05
2.112000e-02	5.568940e-05
2.113000e-02	5.572620e-05
2.114000e-02	5.576301e-05
2.115000e-02	5.579982e-05
2.116000e-02	5.583662e-05
2.117000e-02	5.587343e-05
2.118000e-02	5.591023e-05
2.119000e-02	5.594704e-05
2.120000e-02	5.598385e-05
2.121000e-02	5.602065e-05
2.122000e-02	5.605746e-05
2.123000e-02	5.609426e-05
2.124000e-02	5.613107e-05
2.125000e-02	5.616788e-05
2.126000e-02	5.620468e-05
2.127000e-02	5.624149e-05
2.128000e-02	5.627829e-05
2.129000e-02	5.631510e-05
2.130000e-02	5.635191e-05
2.131000e-02	5.638871e-05
2.132000e-02	5.642552e-05
2.133000e-02	5.646233e-05
2.134000e-02	5.649913e-05
2.135000e-02	5.653594e-05
2.136000e-02	5.657274e-05
2.137000e-02	5.660955e-05
2.138000e-02	5.664636e-05
2.139000e-02	5.668316e-05
2.140000e-02	5.671997e-05
2.141000e-02	5.675677e-05
2.142000e-02	5.679358e-05
2.143000e-02	5.683039e-05
2.144000e-02	5.686719e-05
2.145000e-02	5.690400e-05
2.146000e-02	5.694080e-05
2.147000e-02	5.697761e-05
2.148000e-02	5.701442e-05
2.149000e-02	5.705122e-05
2.150000e-02	5.708803e-05
2.151000e-02	5.712483e-05
2.152000e-02	5.716164e-05
2.153000e-02	5.719845e-05
2.154000e-02	5.723525e-05
2.155000e-02	5.727206e-05
2.156000e-02	5.730886e-05
2.157000e-02	5.734567e-05
2.158000e-02	5.738248e-05
2.159000e-02	5.741928e-05
2.160000e-02	5.745609e-05
2.161000e-02	5.749289e-05
2.162000e-02	5.752970e-05
2.163000e-02	5.756651e-05
2.164000e-02	5.760331e-05
2.165000e-02	5.764012e-05
2.166000e-02	5.767692e-05
2.167000e-02	5.771373e-05
2.168000e-02	5.775054e-05
2.169000e-02	5.778734e-05
2.170000e-02	5.782415e-05
2.171000e-02	5.786095e-05
2.172000e-02	5.789776e-05
2.173000e-02	5.793457e-05
2.174000e-02	5.797137e-05
2.175000e-02	5.800818e-05
2.176000e-02	5.804498e-05
2.177000e-02	5.808179e-05
2.178000e-02	5.811860e-05
2.179000e-02	5.815540e-05
2.180000e-02	5.819221e-05
2.181000e-02	5.822902e-05
2.182000e-02	5.826582e-05
2.183000e-02	5.830263e-05
2.184000e-02	5.833943e-05
2.185000e-02	5.837624e-05
2.186000e-02	5.841305e-05
2.187000e-02	5.844985e-05
2.188000e-02	5.848666e-05
2.189000e-02	5.852346e-05
2.190000e-02	5.856027e-05
2.191000e-02	5.859708e-05
2.192000e-02	5.863388e-05
2.193000e-02	5.867069e-05
2.194000e-02	5.870749e-05
2.195000e-02	5.874430e-05
2.196000e-02	5.878111e-05
2.197000e-02	5.881791e-05
2.198000e-02	5.885472e-05
2.199000e-02	5.889152e-05
2.200000e-02	5.892833e-05
2.201000e-02	5.896811e-05
2.202000e-02	5.900788e-05
2.203000e-02	5.904766e-05
2.204000e-02	5.908744e-05
2.205000e-02	5.912721e-05
2.206000e-02	5.916699e-05
2.207000e-02	5.920677e-05
2.208000e-02	5.924654e-05
2.209000e-02	5.928632e-05
2.210000e-02	5.932610e-05
2.211000e-02	5.936587e-05
2.212000e-02	5.940565e-05
2.213000e-02	5.944543e-05
2.214000e-02	5.948520e-05
2.215000e-02	5.952498e-05
2.216000e-02	5.956476e-05
2.217000e-02	5.960453e-05
2.218000e-02	5.964431e-05
2.219000e-02	5.968409e-05
2.220000e-02	5.972386e-05
2.221000e-02	5.976364e-05
2.222000e-02	5.980342e-05
2.223000e-02	5.984319e-05
2.224000e-02	5.988297e-05
2.225000e-02	5.992274e-05
2.226000e-02	5.996252e-05
2.227000e-02	6.000230e-05
2.228000e-02	6.004207e-05
2.229000e-02	6.008185e-05
2.230000e-02	6.012163e-05
2.231000e-02	6.016140e-05
2.232000e-02	6.020118e-05
2.233000e-02	6.024096e-05
2.234000e-02	6.028073e-05
2.235000e-02	6.032051e-05
2.236000e-02	6.036029e-05
2.237000e-02	6.040006e-05
2.238000e-02	6.043984e-05
2.239000e-02	6.047962e-05
2.240000e-02	6.051939e-05
2.241000e-02	6.055917e-05
2.242000e-02	6.059895e-05
2.243000e-02	6.063872e-05
2.244000e-02	6.067850e-05
2.245000e-02	6.071828e-05
2.246000e-02	6.075805e-05
2.247000e-02	6.079783e-05
2.248000e-02	6.083761e-05
2.249000e-02	6.087738e-05
2.250000e-02	6.091716e-05
2.251000e-02	6.095694e-05
2.252000e-02	6.099671e-05
2.253000e-02	6.103649e-05
2.254000e-02	6.107627e-05
2.255000e-02	6.111604e-05
2.256000e-02	6.115582e-05
2.257000e-02	6.119560e-05
2.258000e-02	6.123537e-05
2.259000e-02	6.127515e-05
2.260000e-02	6.131493e-05
2.261000e-02	6.135470e-05
2.262000e-02	6.139448e-05
2.263000e-02	6.143426e-05
2.264000e-02	6.147403e-05
2.265000e-02	6.151381e-05
2.266000e-02	6.155359e-05
2.267000e-02	6.159336e-05
2.268000e-02	6.163314e-05
2.269000e-02	6.167292e-05
2.270000e-02	6.171269e-05
2.271000e-02	6.175247e-05
2.272000e-02	6.179225e-05
2.273000e-02	6.183202e-05
2.274000e-02	6.187180e-05
2.275000e-02	6.191158e-05
2.276000e-02	6.195135e-05
2.277000e-02	6.199113e-05
2.278000e-02	6.203091e-05
2.279000e-02	6.207068e-05
2.280000e-02	6.211046e-05
2.281000e-02	6.215023e-05
2.282000e-02	6.219001e-05
2.283000e-02	6.222979e-05
2.284000e-02	6.226956e-05
2.285000e-02	6.230934e-05
2.286000e-02	6.234912e-05
2.287000e-02	6.238889e-05
2.288000e-02	6.242867e-05
2.289000e-02	6.246845e-05
2.290000e-02	6.250822e-05
2.291000e-02	6.254800e-05
2.292000e-02	6.258778e-05
2.293000e-02	6.262755e-05
2.294000e-02	6.266733e-05
2.295000e-02	6.270711e-05
2.296000e-02	6.274688e-05
2.297000e-02	6.278666e-05
2.298000e-02	6.282644e-05
2.299000e-02	6.286621e-05
2.300000e-02	6.290599e-05
2.301000e-02	6.294821e-05
2.302000e-02	6.299043e-05
2.303000e-02	6.303265e-05
2.304000e-02	6.307487e-05
2.305000e-02	6.311709e-05
2.306000e-02	6.315931e-05
2.307000e-02	6.320153e-05
2.308000e-02	6.324375e-05
2.309000e-02	6.328596e-05
2.310000e-02	6.332818e-05
2.311000e-02	6.337040e-05
2.312000e-02	6.341262e-05
2.313000e-02	6.345484e-05
2.314000e-02	6.349706e-05
2.315000e-02	6.353928e-05
2.316000e-02	6.358150e-05
2.317000e-02	6.362372e-05
2.318000e-02	6.366594e-05
2.319000e-02	6.370816e-05
2.320000e-02	6.375038e-05
2.321000e-02	6.379260e-05
2.322000e-02	6.383482e-05
2.323000e-02	6.387703e-05
2.324000e-02	6.391925e-05
2.325000e-02	6.396147e-05
2.326000e-02	6.400369e-05
2.327000e-02	6.404591e-05
2.328000e-02	6.408813e-05
2.329000e-02	6.413035e-05
2.330000e-02	6.417257e-05
2.331000e-02	6.421479e-05
2.332000e-02	6.425701e-05
2.333000e-02	6.429923e-05
2.334000e-02	6.434145e-05
2.335000e-02	6.438367e-05
2.336000e-02	6.442589e-05
2.337000e-02	6.446811e-05
2.338000e-02	6.451032e-05
2.339000e-02	6.455254e-05
2.340000e-02	6.459476e-05
2.341000e-02	6.463698e-05
2.342000e-02	6.467920e-05
2.343000e-02	6.472142e-05
2.344000e-02	6.476364e-05
2.345000e-02	6.480586e-05
2.346000e-02	6.484808e-05
2.347000e-02	6.489030e-05
2.348000e-02	6.493252e-05
2.349000e-02	6.497474e-05
2.350000e-02	6.501696e-05
2.351000e-02	6.505918e-05
2.352000e-02	6.510140e-05
2.353000e-02	6.514361e-05
2.354000e-02	6.518583e-05
2.355000e-02	6.522805e-05
2.356000e-02	6.527027e-05
2.357000e-02	6.531249e-05
2.358000e-02	6.535471e-05
2.359000e-02	6.539693e-05
2.360000e-02	6.543915e-05
2.361000e-02	6.548137e-05
2.362000e-02	6.552359e-05
2.363000e-02	6.556581e-05
2.364000e-02	6.560803e-05
2.365000e-02	6.565025e-05
2.366000e-02	6.569247e-05
2.367000e-02	6.573468e-05
2.368000e-02	6.577690e-05
2.369000e-02	6.581912e-05
2.370000e-02	6.586134e-05
2.371000e-02	6.590356e-05
2.372000e-02	6.594578e-05
2.373000e-02	6.598800e-05
2.374000e-02	6.603022e-05
2.375000e-02	6.607244e-05
2.376000e-02	6.611466e-05
2.377000e-02	6.615688e-05
2.378000e-02	6.619910e-05
2.379000e-02	6.624132e-05
2.380000e-02	6.628354e-05
2.381000e-02	6.632576e-05
2.382000e-02	6.636797e-05
2.383000e-02	6.641019e-05
2.384000e-02	6.645241e-05
2.385000e-02	6.649463e-05
2.386000e-02	6.653685e-05
2.387000e-02	6.657907e-05
2.388000e-02	6.662129e-05
2.389000e-02	6.666351e-05
2.390000e-02	6.670573e-05
2.391000e-02	6.674795e-05
2.392000e-02	6.679017e-05
2.393000e-02	6.683239e-05
2.394000e-02	6.687461e-05
2.395000e-02	6.691683e-05
2.396000e-02	6.695905e-05
2.397000e-02	6.700126e-05
2.398000e-02	6.704348e-05
2.399000e-02	6.708570e-05
2.400000e-02	6.712792e-05
2.401000e-02	6.717215e-05
2.402000e-02	6.721638e-05
2.403000e-02	6.726061e-05
2.404000e-02	6.730484e-05
2.405000e-02	6.734907e-05
2.406000e-02	6.739330e-05
2.407000e-02	6.743753e-05
2.408000e-02	6.748176e-05
2.409000e-02	6.752599e-05
2.410000e-02	6.757022e-05
2.411000e-02	6.761445e-05
2.412000e-02	6.765868e-05
2.413000e-02	6.770291e-05
2.414000e-02	6.774714e-05
2.415000e-02	6.779137e-05
2.416000e-02	6.783560e-05
2.417000e-02	6.787983e-05
2.418000e-02	6.792406e-05
2.419000e-02	6.796829e-05
2.420000e-02	6.801252e-05
2.421000e-02	6.805675e-05
2.422000e-02	6.810098e-05
2.423000e-02	6.814521e-05
2.424000e-02	6.818944e-05
2.425000e-02	6.823367e-05
2.426000e-02	6.827790e-05
2.427000e-02	6.832213e-05
2.428000e-02	6.836636e-05
2.429000e-02	6.841059e-05
2.430000e-02	6.845482e-05
2.431000e-02	6.849905e-05
2.432000e-02	6.854327e-05
2.433000e-02	6.858750e-05
2.434000e-02	6.863173e-05
2.435000e-02	6.867596e-05
2.436000e-02	6.872019e-05
2.437000e-02	6.876442e-05
2.438000e-02	6.880865e-05
2.439000e-02	6.885288e-05
2.440000e-02	6.889711e-05
2.441000e-02	6.894134e-05
2.442000e-02	6.898557e-05
2.443000e-02	6.902980e-05
2.444000e-02	6.907403e-05
2.445000e-02	6.911826e-05
2.446000e-02	6.916249e-05
2.447000e-02	6.920672e-05
2.448000e-02	6.925095e-05
2.449000e-02	6.929518e-05
2.450000e-02	6.933941e-05
2.451000e-02	6.938364e-05
2.452000e-02	6.942787e-05
2.453000e-02	6.947210e-05
2.454000e-02	6.951633e-05
2.455000e-02	6.956056e-05
2.456000e-02	6.960479e-05
2.457000e-02	6.964902e-05
2.458000e-02	6.969325e-05
2.459000e-02	6.973748e-05
2.460000e-02	6.978171e-05
2.461000e-02	6.982594e-05
2.462000e-02	6.987017e-05
2.463000e-02	6.991440e-05
2.464000e-02	6.995863e-05
2.465000e-02	7.000286e-05
2.466000e-02	7.004709e-05
2.467000e-02	7.009132e-05
2.468000e-02	7.013555e-05
2.469000e-02	7.017978e-05
2.470000e-02	7.022401e-05
2.471000e-02	7.026824e-05
2.472000e-02	7.031247e-05
2.473000e-02	7.035670e-05
2.474000e-02	7.040092e-05
2.475000e-02	7.044515e-05
2.476000e-02	7.048938e-05
2.477000e-02	7.053361e-05
2.478000e-02	7.057784e-05
2.479000e-02	7.062207e-05
2.480000e-02	7.066630e-05
2.481000e-02	7.071053e-05
2.482000e-02	7.075476e-05
2.483000e-02	7.079899e-05
2.484000e-02	7.084322e-05
2.485000e-02	7.088745e-05
2.486000e-02	7.093168e-05
2.487000e-02	7.097591e-05
2.488000e-02	7.102014e-05
2.489000e-02	7.106437e-05
2.490000e-02	7.110860e-05
2.491000e-02	7.115283e-05
2.492000e-02	7.119706e-05
2.493000e-02	7.124129e-05
2.494000e-02	7.128552e-05
2.495000e-02	7.132975e-05
2.496000e-02	7.137398e-05
2.497000e-02	7.141821e-05
2.498000e-02	7.146244e-05
2.499000e-02	7.150667e-05
