z1_new_m	d2_new_long_m
1.000000e-03	8.510063e-05
1.010000e-03	8.505403e-05
1.020000e-03	8.500743e-05
1.030000e-03	8.496083e-05
1.040000e-03	8.491424e-05
1.050000e-03	8.486764e-05
1.060000e-03	8.482104e-05
1.070000e-03	8.477445e-05
1.080000e-03	8.472785e-05
1.090000e-03	8.468125e-05
1.100000e-03	8.463465e-05
1.110000e-03	8.458806e-05
1.120000e-03	8.454146e-05
1.130000e-03	8.449486e-05
1.140000e-03	8.444827e-05
1.150000e-03	8.440167e-05
1.160000e-03	8.435507e-05
1.170000e-03	8.430847e-05
1.180000e-03	8.426188e-05
1.190000e-03	8.421528e-05
1.200000e-03	8.416868e-05
1.210000e-03	8.412209e-05
1.220000e-03	8.407549e-05
1.230000e-03	8.402889e-05
1.240000e-03	8.398229e-05
1.250000e-03	8.393570e-05
1.260000e-03	8.388910e-05
1.270000e-03	8.384250e-05
1.280000e-03	8.379591e-05
1.290000e-03	8.374931e-05
1.300000e-03	8.370271e-05
1.310000e-03	8.365611e-05
1.320000e-03	8.360952e-05
1.330000e-03	8.356292e-05
1.340000e-03	8.351632e-05
1.350000e-03	8.346972e-05
1.360000e-03	8.342313e-05
1.370000e-03	8.337653e-05
1.380000e-03	8.332993e-05
1.390000e-03	8.328334e-05
1.400000e-03	8.323674e-05
1.410000e-03	8.319014e-05
1.420000e-03	8.314354e-05
1.430000e-03	8.309695e-05
1.440000e-03	8.305035e-05
1.450000e-03	8.300375e-05
1.460000e-03	8.295716e-05
1.470000e-03	8.291056e-05
1.480000e-03	8.286396e-05
1.490000e-03	8.281736e-05
1.500000e-03	8.277077e-05
1.510000e-03	8.272417e-05
1.520000e-03	8.267757e-05
1.530000e-03	8.263098e-05
1.540000e-03	8.258438e-05
1.550000e-03	8.253778e-05
1.560000e-03	8.249118e-05
1.570000e-03	8.244459e-05
1.580000e-03	8.239799e-05
1.590000e-03	8.235139e-05
1.600000e-03	8.230480e-05
1.610000e-03	8.225820e-05
1.620000e-03	8.221160e-05
1.630000e-03	8.216500e-05
1.640000e-03	8.211841e-05
1.650000e-03	8.207181e-05
1.660000e-03	8.202521e-05
1.670000e-03	8.197861e-05
1.680000e-03	8.193202e-05
1.690000e-03	8.188542e-05
1.700000e-03	8.183882e-05
1.710000e-03	8.179223e-05
1.720000e-03	8.174563e-05
1.730000e-03	8.169903e-05
1.740000e-03	8.165243e-05
1.750000e-03	8.160584e-05
1.760000e-03	8.155924e-05
1.770000e-03	8.151264e-05
1.780000e-03	8.146605e-05
1.790000e-03	8.141945e-05
1.800000e-03	8.137285e-05
1.810000e-03	8.132625e-05
1.820000e-03	8.127966e-05
1.830000e-03	8.123306e-05
1.840000e-03	8.118646e-05
1.850000e-03	8.113987e-05
1.860000e-03	8.109327e-05
1.870000e-03	8.104667e-05
1.880000e-03	8.100007e-05
1.890000e-03	8.095348e-05
1.900000e-03	8.090688e-05
1.910000e-03	8.086028e-05
1.920000e-03	8.081369e-05
1.930000e-03	8.076709e-05
1.940000e-03	8.072049e-05
1.950000e-03	8.067389e-05
1.960000e-03	8.062730e-05
1.970000e-03	8.058070e-05
1.980000e-03	8.053410e-05
1.990000e-03	8.048751e-05
2.000000e-03	8.044091e-05
2.010000e-03	8.039513e-05
2.020000e-03	8.034935e-05
2.030000e-03	8.030357e-05
2.040000e-03	8.025779e-05
2.050000e-03	8.021201e-05
2.060000e-03	8.016623e-05
2.070000e-03	8.012045e-05
2.080000e-03	8.007467e-05
2.090000e-03	8.002889e-05
2.100000e-03	7.998311e-05
2.110000e-03	7.993733e-05
2.120000e-03	7.989154e-05
2.130000e-03	7.984576e-05
2.140000e-03	7.979998e-05
2.150000e-03	7.975420e-05
2.160000e-03	7.970842e-05
2.170000e-03	7.966264e-05
2.180000e-03	7.961686e-05
2.190000e-03	7.957108e-05
2.200000e-03	7.952530e-05
2.210000e-03	7.947952e-05
2.220000e-03	7.943374e-05
2.230000e-03	7.938796e-05
2.240000e-03	7.934218e-05
2.250000e-03	7.929640e-05
2.260000e-03	7.925062e-05
2.270000e-03	7.920484e-05
2.280000e-03	7.915906e-05
2.290000e-03	7.911328e-05
2.300000e-03	7.906750e-05
2.310000e-03	7.902172e-05
2.320000e-03	7.897594e-05
2.330000e-03	7.893016e-05
2.340000e-03	7.888438e-05
2.350000e-03	7.883860e-05
2.360000e-03	7.879282e-05
2.370000e-03	7.874704e-05
2.380000e-03	7.870126e-05
2.390000e-03	7.865548e-05
2.400000e-03	7.860970e-05
2.410000e-03	7.856392e-05
2.420000e-03	7.851814e-05
2.430000e-03	7.847236e-05
2.440000e-03	7.842658e-05
2.450000e-03	7.838080e-05
2.460000e-03	7.833502e-05
2.470000e-03	7.828924e-05
2.480000e-03	7.824346e-05
2.490000e-03	7.819768e-05
2.500000e-03	7.815190e-05
2.510000e-03	7.810612e-05
2.520000e-03	7.806034e-05
2.530000e-03	7.801456e-05
2.540000e-03	7.796878e-05
2.550000e-03	7.792299e-05
2.560000e-03	7.787721e-05
2.570000e-03	7.783143e-05
2.580000e-03	7.778565e-05
2.590000e-03	7.773987e-05
2.600000e-03	7.769409e-05
2.610000e-03	7.764831e-05
2.620000e-03	7.760253e-05
2.630000e-03	7.755675e-05
2.640000e-03	7.751097e-05
2.650000e-03	7.746519e-05
2.660000e-03	7.741941e-05
2.670000e-03	7.737363e-05
2.680000e-03	7.732785e-05
2.690000e-03	7.728207e-05
2.700000e-03	7.723629e-05
2.710000e-03	7.719051e-05
2.720000e-03	7.714473e-05
2.730000e-03	7.709895e-05
2.740000e-03	7.705317e-05
2.750000e-03	7.700739e-05
2.760000e-03	7.696161e-05
2.770000e-03	7.691583e-05
2.780000e-03	7.687005e-05
2.790000e-03	7.682427e-05
2.800000e-03	7.677849e-05
2.810000e-03	7.673271e-05
2.820000e-03	7.668693e-05
2.830000e-03	7.664115e-05
2.840000e-03	7.659537e-05
2.850000e-03	7.654959e-05
2.860000e-03	7.650381e-05
2.870000e-03	7.645803e-05
2.880000e-03	7.641225e-05
2.890000e-03	7.636647e-05
2.900000e-03	7.632069e-05
2.910000e-03	7.627491e-05
2.920000e-03	7.622913e-05
2.930000e-03	7.618335e-05
2.940000e-03	7.613757e-05
2.950000e-03	7.609179e-05
2.960000e-03	7.604601e-05
2.970000e-03	7.600022e-05
2.980000e-03	7.595444e-05
2.990000e-03	7.590866e-05
3.000000e-03	7.586288e-05
3.010000e-03	7.581808e-05
3.020000e-03	7.577327e-05
3.030000e-03	7.572847e-05
3.040000e-03	7.568366e-05
3.050000e-03	7.563885e-05
3.060000e-03	7.559405e-05
3.070000e-03	7.554924e-05
3.080000e-03	7.550444e-05
3.090000e-03	7.545963e-05
3.100000e-03	7.541482e-05
3.110000e-03	7.537002e-05
3.120000e-03	7.532521e-05
3.130000e-03	7.528040e-05
3.140000e-03	7.523560e-05
3.150000e-03	7.519079e-05
3.160000e-03	7.514599e-05
3.170000e-03	7.510118e-05
3.180000e-03	7.505637e-05
3.190000e-03	7.501157e-05
3.200000e-03	7.496676e-05
3.210000e-03	7.492196e-05
3.220000e-03	7.487715e-05
3.230000e-03	7.483234e-05
3.240000e-03	7.478754e-05
3.250000e-03	7.474273e-05
3.260000e-03	7.469793e-05
3.270000e-03	7.465312e-05
3.280000e-03	7.460831e-05
3.290000e-03	7.456351e-05
3.300000e-03	7.451870e-05
3.310000e-03	7.447390e-05
3.320000e-03	7.442909e-05
3.330000e-03	7.438428e-05
3.340000e-03	7.433948e-05
3.350000e-03	7.429467e-05
3.360000e-03	7.424986e-05
3.370000e-03	7.420506e-05
3.380000e-03	7.416025e-05
3.390000e-03	7.411545e-05
3.400000e-03	7.407064e-05
3.410000e-03	7.402583e-05
3.420000e-03	7.398103e-05
3.430000e-03	7.393622e-05
3.440000e-03	7.389142e-05
3.450000e-03	7.384661e-05
3.460000e-03	7.380180e-05
3.470000e-03	7.375700e-05
3.480000e-03	7.371219e-05
3.490000e-03	7.366739e-05
3.500000e-03	7.362258e-05
3.510000e-03	7.357777e-05
3.520000e-03	7.353297e-05
3.530000e-03	7.348816e-05
3.540000e-03	7.344336e-05
3.550000e-03	7.339855e-05
3.560000e-03	7.335374e-05
3.570000e-03	7.330894e-05
3.580000e-03	7.326413e-05
3.590000e-03	7.321932e-05
3.600000e-03	7.317452e-05
3.610000e-03	7.312971e-05
3.620000e-03	7.308491e-05
3.630000e-03	7.304010e-05
3.640000e-03	7.299529e-05
3.650000e-03	7.295049e-05
3.660000e-03	7.290568e-05
3.670000e-03	7.286088e-05
3.680000e-03	7.281607e-05
3.690000e-03	7.277126e-05
3.700000e-03	7.272646e-05
3.710000e-03	7.268165e-05
3.720000e-03	7.263685e-05
3.730000e-03	7.259204e-05
3.740000e-03	7.254723e-05
3.750000e-03	7.250243e-05
3.760000e-03	7.245762e-05
3.770000e-03	7.241281e-05
3.780000e-03	7.236801e-05
3.790000e-03	7.232320e-05
3.800000e-03	7.227840e-05
3.810000e-03	7.223359e-05
3.820000e-03	7.218878e-05
3.830000e-03	7.214398e-05
3.840000e-03	7.209917e-05
3.850000e-03	7.205437e-05
3.860000e-03	7.200956e-05
3.870000e-03	7.196475e-05
3.880000e-03	7.191995e-05
3.890000e-03	7.187514e-05
3.900000e-03	7.183034e-05
3.910000e-03	7.178553e-05
3.920000e-03	7.174072e-05
3.930000e-03	7.169592e-05
3.940000e-03	7.165111e-05
3.950000e-03	7.160631e-05
3.960000e-03	7.156150e-05
3.970000e-03	7.151669e-05
3.980000e-03	7.147189e-05
3.990000e-03	7.142708e-05
4.000000e-03	7.138227e-05
4.010000e-03	7.133864e-05
4.020000e-03	7.129500e-05
4.030000e-03	7.125137e-05
4.040000e-03	7.120773e-05
4.050000e-03	7.116409e-05
4.060000e-03	7.112046e-05
4.070000e-03	7.107682e-05
4.080000e-03	7.103318e-05
4.090000e-03	7.098955e-05
4.100000e-03	7.094591e-05
4.110000e-03	7.090227e-05
4.120000e-03	7.085864e-05
4.130000e-03	7.081500e-05
4.140000e-03	7.077136e-05
4.150000e-03	7.072773e-05
4.160000e-03	7.068409e-05
4.170000e-03	7.064045e-05
4.180000e-03	7.059682e-05
4.190000e-03	7.055318e-05
4.200000e-03	7.050954e-05
4.210000e-03	7.046591e-05
4.220000e-03	7.042227e-05
4.230000e-03	7.037863e-05
4.240000e-03	7.033500e-05
4.250000e-03	7.029136e-05
4.260000e-03	7.024772e-05
4.270000e-03	7.020409e-05
4.280000e-03	7.016045e-05
4.290000e-03	7.011682e-05
4.300000e-03	7.007318e-05
4.310000e-03	7.002954e-05
4.320000e-03	6.998591e-05
4.330000e-03	6.994227e-05
4.340000e-03	6.989863e-05
4.350000e-03	6.985500e-05
4.360000e-03	6.981136e-05
4.370000e-03	6.976772e-05
4.380000e-03	6.972409e-05
4.390000e-03	6.968045e-05
4.400000e-03	6.963681e-05
4.410000e-03	6.959318e-05
4.420000e-03	6.954954e-05
4.430000e-03	6.950590e-05
4.440000e-03	6.946227e-05
4.450000e-03	6.941863e-05
4.460000e-03	6.937499e-05
4.470000e-03	6.933136e-05
4.480000e-03	6.928772e-05
4.490000e-03	6.924408e-05
4.500000e-03	6.920045e-05
4.510000e-03	6.915681e-05
4.520000e-03	6.911317e-05
4.530000e-03	6.906954e-05
4.540000e-03	6.902590e-05
4.550000e-03	6.898227e-05
4.560000e-03	6.893863e-05
4.570000e-03	6.889499e-05
4.580000e-03	6.885136e-05
4.590000e-03	6.880772e-05
4.600000e-03	6.876408e-05
4.610000e-03	6.872045e-05
4.620000e-03	6.867681e-05
4.630000e-03	6.863317e-05
4.640000e-03	6.858954e-05
4.650000e-03	6.854590e-05
4.660000e-03	6.850226e-05
4.670000e-03	6.845863e-05
4.680000e-03	6.841499e-05
4.690000e-03	6.837135e-05
4.700000e-03	6.832772e-05
4.710000e-03	6.828408e-05
4.720000e-03	6.824044e-05
4.730000e-03	6.819681e-05
4.740000e-03	6.815317e-05
4.750000e-03	6.810953e-05
4.760000e-03	6.806590e-05
4.770000e-03	6.802226e-05
4.780000e-03	6.797862e-05
4.790000e-03	6.793499e-05
4.800000e-03	6.789135e-05
4.810000e-03	6.784772e-05
4.820000e-03	6.780408e-05
4.830000e-03	6.776044e-05
4.840000e-03	6.771681e-05
4.850000e-03	6.767317e-05
4.860000e-03	6.762953e-05
4.870000e-03	6.758590e-05
4.880000e-03	6.754226e-05
4.890000e-03	6.749862e-05
4.900000e-03	6.745499e-05
4.910000e-03	6.741135e-05
4.920000e-03	6.736771e-05
4.930000e-03	6.732408e-05
4.940000e-03	6.728044e-05
4.950000e-03	6.723680e-05
4.960000e-03	6.719317e-05
4.970000e-03	6.714953e-05
4.980000e-03	6.710589e-05
4.990000e-03	6.706226e-05
5.000000e-03	6.701862e-05
5.010000e-03	6.698041e-05
5.020000e-03	6.694220e-05
5.030000e-03	6.690399e-05
5.040000e-03	6.686578e-05
5.050000e-03	6.682757e-05
5.060000e-03	6.678936e-05
5.070000e-03	6.675115e-05
5.080000e-03	6.671294e-05
5.090000e-03	6.667474e-05
5.100000e-03	6.663653e-05
5.110000e-03	6.659832e-05
5.120000e-03	6.656011e-05
5.130000e-03	6.652190e-05
5.140000e-03	6.648369e-05
5.150000e-03	6.644548e-05
5.160000e-03	6.640727e-05
5.170000e-03	6.636906e-05
5.180000e-03	6.633085e-05
5.190000e-03	6.629264e-05
5.200000e-03	6.625443e-05
5.210000e-03	6.621622e-05
5.220000e-03	6.617801e-05
5.230000e-03	6.613980e-05
5.240000e-03	6.610159e-05
5.250000e-03	6.606338e-05
5.260000e-03	6.602517e-05
5.270000e-03	6.598696e-05
5.280000e-03	6.594875e-05
5.290000e-03	6.591054e-05
5.300000e-03	6.587233e-05
5.310000e-03	6.583413e-05
5.320000e-03	6.579592e-05
5.330000e-03	6.575771e-05
5.340000e-03	6.571950e-05
5.350000e-03	6.568129e-05
5.360000e-03	6.564308e-05
5.370000e-03	6.560487e-05
5.380000e-03	6.556666e-05
5.390000e-03	6.552845e-05
5.400000e-03	6.549024e-05
5.410000e-03	6.545203e-05
5.420000e-03	6.541382e-05
5.430000e-03	6.537561e-05
5.440000e-03	6.533740e-05
5.450000e-03	6.529919e-05
5.460000e-03	6.526098e-05
5.470000e-03	6.522277e-05
5.480000e-03	6.518456e-05
5.490000e-03	6.514635e-05
5.500000e-03	6.510814e-05
5.510000e-03	6.506993e-05
5.520000e-03	6.503172e-05
5.530000e-03	6.499352e-05
5.540000e-03	6.495531e-05
5.550000e-03	6.491710e-05
5.560000e-03	6.487889e-05
5.570000e-03	6.484068e-05
5.580000e-03	6.480247e-05
5.590000e-03	6.476426e-05
5.600000e-03	6.472605e-05
5.610000e-03	6.468784e-05
5.620000e-03	6.464963e-05
5.630000e-03	6.461142e-05
5.640000e-03	6.457321e-05
5.650000e-03	6.453500e-05
5.660000e-03	6.449679e-05
5.670000e-03	6.445858e-05
5.680000e-03	6.442037e-05
5.690000e-03	6.438216e-05
5.700000e-03	6.434395e-05
5.710000e-03	6.430574e-05
5.720000e-03	6.426753e-05
5.730000e-03	6.422932e-05
5.740000e-03	6.419111e-05
5.750000e-03	6.415291e-05
5.760000e-03	6.411470e-05
5.770000e-03	6.407649e-05
5.780000e-03	6.403828e-05
5.790000e-03	6.400007e-05
5.800000e-03	6.396186e-05
5.810000e-03	6.392365e-05
5.820000e-03	6.388544e-05
5.830000e-03	6.384723e-05
5.840000e-03	6.380902e-05
5.850000e-03	6.377081e-05
5.860000e-03	6.373260e-05
5.870000e-03	6.369439e-05
5.880000e-03	6.365618e-05
5.890000e-03	6.361797e-05
5.900000e-03	6.357976e-05
5.910000e-03	6.354155e-05
5.920000e-03	6.350334e-05
5.930000e-03	6.346513e-05
5.940000e-03	6.342692e-05
5.950000e-03	6.338871e-05
5.960000e-03	6.335050e-05
5.970000e-03	6.331230e-05
5.980000e-03	6.327409e-05
5.990000e-03	6.323588e-05
6.000000e-03	6.319767e-05
6.010000e-03	6.315946e-05
6.020000e-03	6.312125e-05
6.030000e-03	6.308304e-05
6.040000e-03	6.304483e-05
6.050000e-03	6.300662e-05
6.060000e-03	6.296841e-05
6.070000e-03	6.293020e-05
6.080000e-03	6.289199e-05
6.090000e-03	6.285378e-05
6.100000e-03	6.281557e-05
6.110000e-03	6.277736e-05
6.120000e-03	6.273915e-05
6.130000e-03	6.270094e-05
6.140000e-03	6.266273e-05
6.150000e-03	6.262452e-05
6.160000e-03	6.258631e-05
6.170000e-03	6.254810e-05
6.180000e-03	6.250989e-05
6.190000e-03	6.247169e-05
6.200000e-03	6.243348e-05
6.210000e-03	6.239527e-05
6.220000e-03	6.235706e-05
6.230000e-03	6.231885e-05
6.240000e-03	6.228064e-05
6.250000e-03	6.224243e-05
6.260000e-03	6.220422e-05
6.270000e-03	6.216601e-05
6.280000e-03	6.212780e-05
6.290000e-03	6.208959e-05
6.300000e-03	6.205138e-05
6.310000e-03	6.201317e-05
6.320000e-03	6.197496e-05
6.330000e-03	6.193675e-05
6.340000e-03	6.189854e-05
6.350000e-03	6.186033e-05
6.360000e-03	6.182212e-05
6.370000e-03	6.178391e-05
6.380000e-03	6.174570e-05
6.390000e-03	6.170749e-05
6.400000e-03	6.166928e-05
6.410000e-03	6.163108e-05
6.420000e-03	6.159287e-05
6.430000e-03	6.155466e-05
6.440000e-03	6.151645e-05
6.450000e-03	6.147824e-05
6.460000e-03	6.144003e-05
6.470000e-03	6.140182e-05
6.480000e-03	6.136361e-05
6.490000e-03	6.132540e-05
6.500000e-03	6.128719e-05
6.510000e-03	6.124898e-05
6.520000e-03	6.121077e-05
6.530000e-03	6.117256e-05
6.540000e-03	6.113435e-05
6.550000e-03	6.109614e-05
6.560000e-03	6.105793e-05
6.570000e-03	6.101972e-05
6.580000e-03	6.098151e-05
6.590000e-03	6.094330e-05
6.600000e-03	6.090509e-05
6.610000e-03	6.086688e-05
6.620000e-03	6.082867e-05
6.630000e-03	6.079047e-05
6.640000e-03	6.075226e-05
6.650000e-03	6.071405e-05
6.660000e-03	6.067584e-05
6.670000e-03	6.063763e-05
6.680000e-03	6.059942e-05
6.690000e-03	6.056121e-05
6.700000e-03	6.052300e-05
6.710000e-03	6.048479e-05
6.720000e-03	6.044658e-05
6.730000e-03	6.040837e-05
6.740000e-03	6.037016e-05
6.750000e-03	6.033195e-05
6.760000e-03	6.029374e-05
6.770000e-03	6.025553e-05
6.780000e-03	6.021732e-05
6.790000e-03	6.017911e-05
6.800000e-03	6.014090e-05
6.810000e-03	6.010269e-05
6.820000e-03	6.006448e-05
6.830000e-03	6.002627e-05
6.840000e-03	5.998806e-05
6.850000e-03	5.994986e-05
6.860000e-03	5.991165e-05
6.870000e-03	5.987344e-05
6.880000e-03	5.983523e-05
6.890000e-03	5.979702e-05
6.900000e-03	5.975881e-05
6.910000e-03	5.972060e-05
6.920000e-03	5.968239e-05
6.930000e-03	5.964418e-05
6.940000e-03	5.960597e-05
6.950000e-03	5.956776e-05
6.960000e-03	5.952955e-05
6.970000e-03	5.949134e-05
6.980000e-03	5.945313e-05
6.990000e-03	5.941492e-05
7.000000e-03	5.937671e-05
7.010000e-03	5.933850e-05
7.020000e-03	5.930029e-05
7.030000e-03	5.926208e-05
7.040000e-03	5.922387e-05
7.050000e-03	5.918566e-05
7.060000e-03	5.914745e-05
7.070000e-03	5.910925e-05
7.080000e-03	5.907104e-05
7.090000e-03	5.903283e-05
7.100000e-03	5.899462e-05
7.110000e-03	5.895641e-05
7.120000e-03	5.891820e-05
7.130000e-03	5.887999e-05
7.140000e-03	5.884178e-05
7.150000e-03	5.880357e-05
7.160000e-03	5.876536e-05
7.170000e-03	5.872715e-05
7.180000e-03	5.868894e-05
7.190000e-03	5.865073e-05
7.200000e-03	5.861252e-05
7.210000e-03	5.857431e-05
7.220000e-03	5.853610e-05
7.230000e-03	5.849789e-05
7.240000e-03	5.845968e-05
7.250000e-03	5.842147e-05
7.260000e-03	5.838326e-05
7.270000e-03	5.834505e-05
7.280000e-03	5.830684e-05
7.290000e-03	5.826864e-05
7.300000e-03	5.823043e-05
7.310000e-03	5.819222e-05
7.320000e-03	5.815401e-05
7.330000e-03	5.811580e-05
7.340000e-03	5.807759e-05
7.350000e-03	5.803938e-05
7.360000e-03	5.800117e-05
7.370000e-03	5.796296e-05
7.380000e-03	5.792475e-05
7.390000e-03	5.788654e-05
7.400000e-03	5.784833e-05
7.410000e-03	5.781012e-05
7.420000e-03	5.777191e-05
7.430000e-03	5.773370e-05
7.440000e-03	5.769549e-05
7.450000e-03	5.765728e-05
7.460000e-03	5.761907e-05
7.470000e-03	5.758086e-05
7.480000e-03	5.754265e-05
7.490000e-03	5.750444e-05
7.500000e-03	5.746623e-05
7.510000e-03	5.742802e-05
7.520000e-03	5.738982e-05
7.530000e-03	5.735161e-05
7.540000e-03	5.731340e-05
7.550000e-03	5.727519e-05
7.560000e-03	5.723698e-05
7.570000e-03	5.719877e-05
7.580000e-03	5.716056e-05
7.590000e-03	5.712235e-05
7.600000e-03	5.708414e-05
7.610000e-03	5.704593e-05
7.620000e-03	5.700772e-05
7.630000e-03	5.696951e-05
7.640000e-03	5.693130e-05
7.650000e-03	5.689309e-05
7.660000e-03	5.685488e-05
7.670000e-03	5.681667e-05
7.680000e-03	5.677846e-05
7.690000e-03	5.674025e-05
7.700000e-03	5.670204e-05
7.710000e-03	5.666383e-05
7.720000e-03	5.662562e-05
7.730000e-03	5.658741e-05
7.740000e-03	5.654921e-05
7.750000e-03	5.651100e-05
7.760000e-03	5.647279e-05
7.770000e-03	5.643458e-05
7.780000e-03	5.639637e-05
7.790000e-03	5.635816e-05
7.800000e-03	5.631995e-05
7.810000e-03	5.628174e-05
7.820000e-03	5.624353e-05
7.830000e-03	5.620532e-05
7.840000e-03	5.616711e-05
7.850000e-03	5.612890e-05
7.860000e-03	5.609069e-05
7.870000e-03	5.605248e-05
7.880000e-03	5.601427e-05
7.890000e-03	5.597606e-05
7.900000e-03	5.593785e-05
7.910000e-03	5.589964e-05
7.920000e-03	5.586143e-05
7.930000e-03	5.582322e-05
7.940000e-03	5.578501e-05
7.950000e-03	5.574680e-05
7.960000e-03	5.570860e-05
7.970000e-03	5.567039e-05
7.980000e-03	5.563218e-05
7.990000e-03	5.559397e-05
8.000000e-03	5.555576e-05
8.010000e-03	5.551755e-05
8.020000e-03	5.547934e-05
8.030000e-03	5.544113e-05
8.040000e-03	5.540292e-05
8.050000e-03	5.536471e-05
8.060000e-03	5.532650e-05
8.070000e-03	5.528829e-05
8.080000e-03	5.525008e-05
8.090000e-03	5.521187e-05
8.100000e-03	5.517366e-05
8.110000e-03	5.513545e-05
8.120000e-03	5.509724e-05
8.130000e-03	5.505903e-05
8.140000e-03	5.502082e-05
8.150000e-03	5.498261e-05
8.160000e-03	5.494440e-05
8.170000e-03	5.490619e-05
8.180000e-03	5.486799e-05
8.190000e-03	5.482978e-05
8.200000e-03	5.479157e-05
8.210000e-03	5.475336e-05
8.220000e-03	5.471515e-05
8.230000e-03	5.467694e-05
8.240000e-03	5.463873e-05
8.250000e-03	5.460052e-05
8.260000e-03	5.456231e-05
8.270000e-03	5.452410e-05
8.280000e-03	5.448589e-05
8.290000e-03	5.444768e-05
8.300000e-03	5.440947e-05
8.310000e-03	5.437126e-05
8.320000e-03	5.433305e-05
8.330000e-03	5.429484e-05
8.340000e-03	5.425663e-05
8.350000e-03	5.421842e-05
8.360000e-03	5.418021e-05
8.370000e-03	5.414200e-05
8.380000e-03	5.410379e-05
8.390000e-03	5.406558e-05
8.400000e-03	5.402738e-05
8.410000e-03	5.398917e-05
8.420000e-03	5.395096e-05
8.430000e-03	5.391275e-05
8.440000e-03	5.387454e-05
8.450000e-03	5.383633e-05
8.460000e-03	5.379812e-05
8.470000e-03	5.375991e-05
8.480000e-03	5.372170e-05
8.490000e-03	5.368349e-05
8.500000e-03	5.364528e-05
8.510000e-03	5.360707e-05
8.520000e-03	5.356886e-05
8.530000e-03	5.353065e-05
8.540000e-03	5.349244e-05
8.550000e-03	5.345423e-05
8.560000e-03	5.341602e-05
8.570000e-03	5.337781e-05
8.580000e-03	5.333960e-05
8.590000e-03	5.330139e-05
8.600000e-03	5.326318e-05
8.610000e-03	5.322497e-05
8.620000e-03	5.318677e-05
8.630000e-03	5.314856e-05
8.640000e-03	5.311035e-05
8.650000e-03	5.307214e-05
8.660000e-03	5.303393e-05
8.670000e-03	5.299572e-05
8.680000e-03	5.295751e-05
8.690000e-03	5.291930e-05
8.700000e-03	5.288109e-05
8.710000e-03	5.284288e-05
8.720000e-03	5.280467e-05
8.730000e-03	5.276646e-05
8.740000e-03	5.272825e-05
8.750000e-03	5.269004e-05
8.760000e-03	5.265183e-05
8.770000e-03	5.261362e-05
8.780000e-03	5.257541e-05
8.790000e-03	5.253720e-05
8.800000e-03	5.249899e-05
8.810000e-03	5.246078e-05
8.820000e-03	5.242257e-05
8.830000e-03	5.238436e-05
8.840000e-03	5.234616e-05
8.850000e-03	5.230795e-05
8.860000e-03	5.226974e-05
8.870000e-03	5.223153e-05
8.880000e-03	5.219332e-05
8.890000e-03	5.215511e-05
8.900000e-03	5.211690e-05
8.910000e-03	5.207869e-05
8.920000e-03	5.204048e-05
8.930000e-03	5.200227e-05
8.940000e-03	5.196406e-05
8.950000e-03	5.192585e-05
8.960000e-03	5.188764e-05
8.970000e-03	5.184943e-05
8.980000e-03	5.181122e-05
8.990000e-03	5.177301e-05
9.000000e-03	5.173480e-05
9.010000e-03	5.169659e-05
9.020000e-03	5.165838e-05
9.030000e-03	5.162017e-05
9.040000e-03	5.158196e-05
9.050000e-03	5.154375e-05
9.060000e-03	5.150555e-05
9.070000e-03	5.146734e-05
9.080000e-03	5.142913e-05
9.090000e-03	5.139092e-05
9.100000e-03	5.135271e-05
9.110000e-03	5.131450e-05
9.120000e-03	5.127629e-05
9.130000e-03	5.123808e-05
9.140000e-03	5.119987e-05
9.150000e-03	5.116166e-05
9.160000e-03	5.112345e-05
9.170000e-03	5.108524e-05
9.180000e-03	5.104703e-05
9.190000e-03	5.100882e-05
9.200000e-03	5.097061e-05
9.210000e-03	5.093240e-05
9.220000e-03	5.089419e-05
9.230000e-03	5.085598e-05
9.240000e-03	5.081777e-05
9.250000e-03	5.077956e-05
9.260000e-03	5.074135e-05
9.270000e-03	5.070314e-05
9.280000e-03	5.066494e-05
9.290000e-03	5.062673e-05
9.300000e-03	5.058852e-05
9.310000e-03	5.055031e-05
9.320000e-03	5.051210e-05
9.330000e-03	5.047389e-05
9.340000e-03	5.043568e-05
9.350000e-03	5.039747e-05
9.360000e-03	5.035926e-05
9.370000e-03	5.032105e-05
9.380000e-03	5.028284e-05
9.390000e-03	5.024463e-05
9.400000e-03	5.020642e-05
9.410000e-03	5.016821e-05
9.420000e-03	5.013000e-05
9.430000e-03	5.009179e-05
9.440000e-03	5.005358e-05
9.450000e-03	5.001537e-05
9.460000e-03	4.997716e-05
9.470000e-03	4.993895e-05
9.480000e-03	4.990074e-05
9.490000e-03	4.986253e-05
9.500000e-03	4.982433e-05
9.510000e-03	4.978612e-05
9.520000e-03	4.974791e-05
9.530000e-03	4.970970e-05
9.540000e-03	4.967149e-05
9.550000e-03	4.963328e-05
9.560000e-03	4.959507e-05
9.570000e-03	4.955686e-05
9.580000e-03	4.951865e-05
9.590000e-03	4.948044e-05
9.600000e-03	4.944223e-05
9.610000e-03	4.940402e-05
9.620000e-03	4.936581e-05
9.630000e-03	4.932760e-05
9.640000e-03	4.928939e-05
9.650000e-03	4.925118e-05
9.660000e-03	4.921297e-05
9.670000e-03	4.917476e-05
9.680000e-03	4.913655e-05
9.690000e-03	4.909834e-05
9.700000e-03	4.906013e-05
9.710000e-03	4.902192e-05
9.720000e-03	4.898372e-05
9.730000e-03	4.894551e-05
9.740000e-03	4.890730e-05
9.750000e-03	4.886909e-05
9.760000e-03	4.883088e-05
9.770000e-03	4.879267e-05
9.780000e-03	4.875446e-05
9.790000e-03	4.871625e-05
9.800000e-03	4.867804e-05
9.810000e-03	4.864835e-05
9.820000e-03	4.861866e-05
9.830000e-03	4.858898e-05
9.840000e-03	4.855929e-05
9.850000e-03	4.852960e-05
9.860000e-03	4.849992e-05
9.870000e-03	4.847023e-05
9.880000e-03	4.844054e-05
9.890000e-03	4.841085e-05
9.900000e-03	4.838117e-05
9.910000e-03	4.835148e-05
9.920000e-03	4.832179e-05
9.930000e-03	4.829211e-05
9.940000e-03	4.826242e-05
9.950000e-03	4.823273e-05
9.960000e-03	4.820304e-05
9.970000e-03	4.817336e-05
9.980000e-03	4.814367e-05
9.990000e-03	4.811398e-05
1.000000e-02	4.808429e-05
1.001000e-02	4.805461e-05
1.002000e-02	4.802492e-05
1.003000e-02	4.799523e-05
1.004000e-02	4.796555e-05
1.005000e-02	4.793586e-05
1.006000e-02	4.790617e-05
1.007000e-02	4.787648e-05
1.008000e-02	4.784680e-05
1.009000e-02	4.781711e-05
1.010000e-02	4.778742e-05
1.011000e-02	4.775774e-05
1.012000e-02	4.772805e-05
1.013000e-02	4.769836e-05
1.014000e-02	4.766867e-05
1.015000e-02	4.763899e-05
1.016000e-02	4.760930e-05
1.017000e-02	4.757961e-05
1.018000e-02	4.754992e-05
1.019000e-02	4.752024e-05
1.020000e-02	4.749055e-05
1.021000e-02	4.746086e-05
1.022000e-02	4.743118e-05
1.023000e-02	4.740149e-05
1.024000e-02	4.737180e-05
1.025000e-02	4.734211e-05
1.026000e-02	4.731243e-05
1.027000e-02	4.728274e-05
1.028000e-02	4.725305e-05
1.029000e-02	4.722337e-05
1.030000e-02	4.719368e-05
1.031000e-02	4.716399e-05
1.032000e-02	4.713430e-05
1.033000e-02	4.710462e-05
1.034000e-02	4.707493e-05
1.035000e-02	4.704524e-05
1.036000e-02	4.701555e-05
1.037000e-02	4.698587e-05
1.038000e-02	4.695618e-05
1.039000e-02	4.692649e-05
1.040000e-02	4.689681e-05
1.041000e-02	4.686712e-05
1.042000e-02	4.683743e-05
1.043000e-02	4.680774e-05
1.044000e-02	4.677806e-05
1.045000e-02	4.674837e-05
1.046000e-02	4.671868e-05
1.047000e-02	4.668900e-05
1.048000e-02	4.665931e-05
1.049000e-02	4.662962e-05
1.050000e-02	4.659993e-05
1.051000e-02	4.657025e-05
1.052000e-02	4.654056e-05
1.053000e-02	4.651087e-05
1.054000e-02	4.648118e-05
1.055000e-02	4.645150e-05
1.056000e-02	4.642181e-05
1.057000e-02	4.639212e-05
1.058000e-02	4.636244e-05
1.059000e-02	4.633275e-05
1.060000e-02	4.630306e-05
1.061000e-02	4.627337e-05
1.062000e-02	4.624369e-05
1.063000e-02	4.621400e-05
1.064000e-02	4.618431e-05
1.065000e-02	4.615463e-05
1.066000e-02	4.612494e-05
1.067000e-02	4.609525e-05
1.068000e-02	4.606556e-05
1.069000e-02	4.603588e-05
1.070000e-02	4.600619e-05
1.071000e-02	4.597650e-05
1.072000e-02	4.594681e-05
1.073000e-02	4.591713e-05
1.074000e-02	4.588744e-05
1.075000e-02	4.585775e-05
1.076000e-02	4.582807e-05
1.077000e-02	4.579838e-05
1.078000e-02	4.576869e-05
1.079000e-02	4.573900e-05
1.080000e-02	4.570932e-05
1.081000e-02	4.568407e-05
1.082000e-02	4.565883e-05
1.083000e-02	4.563359e-05
1.084000e-02	4.560835e-05
1.085000e-02	4.558310e-05
1.086000e-02	4.555786e-05
1.087000e-02	4.553262e-05
1.088000e-02	4.550737e-05
1.089000e-02	4.548213e-05
1.090000e-02	4.545689e-05
1.091000e-02	4.543164e-05
1.092000e-02	4.540640e-05
1.093000e-02	4.538116e-05
1.094000e-02	4.535592e-05
1.095000e-02	4.533067e-05
1.096000e-02	4.530543e-05
1.097000e-02	4.528019e-05
1.098000e-02	4.525494e-05
1.099000e-02	4.522970e-05
1.100000e-02	4.520446e-05
1.101000e-02	4.517922e-05
1.102000e-02	4.515397e-05
1.103000e-02	4.512873e-05
1.104000e-02	4.510349e-05
1.105000e-02	4.507824e-05
1.106000e-02	4.505300e-05
1.107000e-02	4.502776e-05
1.108000e-02	4.500252e-05
1.109000e-02	4.497727e-05
1.110000e-02	4.495203e-05
1.111000e-02	4.492679e-05
1.112000e-02	4.490154e-05
1.113000e-02	4.487630e-05
1.114000e-02	4.485106e-05
1.115000e-02	4.482581e-05
1.116000e-02	4.480057e-05
1.117000e-02	4.477533e-05
1.118000e-02	4.475009e-05
1.119000e-02	4.472484e-05
1.120000e-02	4.469960e-05
1.121000e-02	4.467436e-05
1.122000e-02	4.464911e-05
1.123000e-02	4.462387e-05
1.124000e-02	4.459863e-05
1.125000e-02	4.457339e-05
1.126000e-02	4.454814e-05
1.127000e-02	4.452290e-05
1.128000e-02	4.449766e-05
1.129000e-02	4.447241e-05
1.130000e-02	4.444717e-05
1.131000e-02	4.442193e-05
1.132000e-02	4.439668e-05
1.133000e-02	4.437144e-05
1.134000e-02	4.434620e-05
1.135000e-02	4.432096e-05
1.136000e-02	4.429571e-05
1.137000e-02	4.427047e-05
1.138000e-02	4.424523e-05
1.139000e-02	4.421998e-05
1.140000e-02	4.419474e-05
1.141000e-02	4.416950e-05
1.142000e-02	4.414426e-05
1.143000e-02	4.411901e-05
1.144000e-02	4.409377e-05
1.145000e-02	4.406853e-05
1.146000e-02	4.404328e-05
1.147000e-02	4.401804e-05
1.148000e-02	4.399280e-05
1.149000e-02	4.396756e-05
1.150000e-02	4.394231e-05
1.151000e-02	4.391707e-05
1.152000e-02	4.389183e-05
1.153000e-02	4.386658e-05
1.154000e-02	4.384134e-05
1.155000e-02	4.381610e-05
1.156000e-02	4.379085e-05
1.157000e-02	4.376561e-05
1.158000e-02	4.374037e-05
1.159000e-02	4.371513e-05
1.160000e-02	4.368988e-05
1.161000e-02	4.366464e-05
1.162000e-02	4.363940e-05
1.163000e-02	4.361415e-05
1.164000e-02	4.358891e-05
1.165000e-02	4.356367e-05
1.166000e-02	4.353843e-05
1.167000e-02	4.351318e-05
1.168000e-02	4.348794e-05
1.169000e-02	4.346270e-05
1.170000e-02	4.343745e-05
1.171000e-02	4.341221e-05
1.172000e-02	4.338697e-05
1.173000e-02	4.336172e-05
1.174000e-02	4.333648e-05
1.175000e-02	4.331124e-05
1.176000e-02	4.328600e-05
1.177000e-02	4.326075e-05
1.178000e-02	4.323551e-05
1.179000e-02	4.321027e-05
1.180000e-02	4.318502e-05
1.181000e-02	4.316504e-05
1.182000e-02	4.314506e-05
1.183000e-02	4.312508e-05
1.184000e-02	4.310510e-05
1.185000e-02	4.308512e-05
1.186000e-02	4.306514e-05
1.187000e-02	4.304516e-05
1.188000e-02	4.302518e-05
1.189000e-02	4.300520e-05
1.190000e-02	4.298522e-05
1.191000e-02	4.296524e-05
1.192000e-02	4.294526e-05
1.193000e-02	4.292528e-05
1.194000e-02	4.290529e-05
1.195000e-02	4.288531e-05
1.196000e-02	4.286533e-05
1.197000e-02	4.284535e-05
1.198000e-02	4.282537e-05
1.199000e-02	4.280539e-05
1.200000e-02	4.278541e-05
1.201000e-02	4.276543e-05
1.202000e-02	4.274545e-05
1.203000e-02	4.272547e-05
1.204000e-02	4.270549e-05
1.205000e-02	4.268551e-05
1.206000e-02	4.266553e-05
1.207000e-02	4.264555e-05
1.208000e-02	4.262557e-05
1.209000e-02	4.260558e-05
1.210000e-02	4.258560e-05
1.211000e-02	4.256562e-05
1.212000e-02	4.254564e-05
1.213000e-02	4.252566e-05
1.214000e-02	4.250568e-05
1.215000e-02	4.248570e-05
1.216000e-02	4.246572e-05
1.217000e-02	4.244574e-05
1.218000e-02	4.242576e-05
1.219000e-02	4.240578e-05
1.220000e-02	4.238580e-05
1.221000e-02	4.236582e-05
1.222000e-02	4.234584e-05
1.223000e-02	4.232586e-05
1.224000e-02	4.230587e-05
1.225000e-02	4.228589e-05
1.226000e-02	4.226591e-05
1.227000e-02	4.224593e-05
1.228000e-02	4.222595e-05
1.229000e-02	4.220597e-05
1.230000e-02	4.218599e-05
1.231000e-02	4.216601e-05
1.232000e-02	4.214603e-05
1.233000e-02	4.212605e-05
1.234000e-02	4.210607e-05
1.235000e-02	4.208609e-05
1.236000e-02	4.206611e-05
1.237000e-02	4.204613e-05
1.238000e-02	4.202615e-05
1.239000e-02	4.200616e-05
1.240000e-02	4.198618e-05
1.241000e-02	4.196620e-05
1.242000e-02	4.194622e-05
1.243000e-02	4.192624e-05
1.244000e-02	4.190626e-05
1.245000e-02	4.188628e-05
1.246000e-02	4.186630e-05
1.247000e-02	4.184632e-05
1.248000e-02	4.182634e-05
1.249000e-02	4.180636e-05
1.250000e-02	4.178638e-05
1.251000e-02	4.176640e-05
1.252000e-02	4.174642e-05
1.253000e-02	4.172644e-05
1.254000e-02	4.170645e-05
1.255000e-02	4.168647e-05
1.256000e-02	4.166649e-05
1.257000e-02	4.164651e-05
1.258000e-02	4.162653e-05
1.259000e-02	4.160655e-05
1.260000e-02	4.158657e-05
1.261000e-02	4.156659e-05
1.262000e-02	4.154661e-05
1.263000e-02	4.152663e-05
1.264000e-02	4.150665e-05
1.265000e-02	4.148667e-05
1.266000e-02	4.146669e-05
1.267000e-02	4.144671e-05
1.268000e-02	4.142672e-05
1.269000e-02	4.140674e-05
1.270000e-02	4.138676e-05
1.271000e-02	4.136678e-05
1.272000e-02	4.134680e-05
1.273000e-02	4.132682e-05
1.274000e-02	4.130684e-05
1.275000e-02	4.128686e-05
1.276000e-02	4.126688e-05
1.277000e-02	4.124690e-05
1.278000e-02	4.122692e-05
1.279000e-02	4.120694e-05
1.280000e-02	4.118696e-05
1.281000e-02	4.117303e-05
1.282000e-02	4.115911e-05
1.283000e-02	4.114518e-05
1.284000e-02	4.113126e-05
1.285000e-02	4.111733e-05
1.286000e-02	4.110341e-05
1.287000e-02	4.108948e-05
1.288000e-02	4.107556e-05
1.289000e-02	4.106163e-05
1.290000e-02	4.104771e-05
1.291000e-02	4.103378e-05
1.292000e-02	4.101986e-05
1.293000e-02	4.100593e-05
1.294000e-02	4.099201e-05
1.295000e-02	4.097808e-05
1.296000e-02	4.096416e-05
1.297000e-02	4.095023e-05
1.298000e-02	4.093631e-05
1.299000e-02	4.092238e-05
1.300000e-02	4.090846e-05
1.301000e-02	4.089453e-05
1.302000e-02	4.088061e-05
1.303000e-02	4.086668e-05
1.304000e-02	4.085276e-05
1.305000e-02	4.083883e-05
1.306000e-02	4.082491e-05
1.307000e-02	4.081098e-05
1.308000e-02	4.079706e-05
1.309000e-02	4.078313e-05
1.310000e-02	4.076921e-05
1.311000e-02	4.075528e-05
1.312000e-02	4.074136e-05
1.313000e-02	4.072743e-05
1.314000e-02	4.071351e-05
1.315000e-02	4.069958e-05
1.316000e-02	4.068566e-05
1.317000e-02	4.067173e-05
1.318000e-02	4.065781e-05
1.319000e-02	4.064388e-05
1.320000e-02	4.062996e-05
1.321000e-02	4.061603e-05
1.322000e-02	4.060211e-05
1.323000e-02	4.058818e-05
1.324000e-02	4.057426e-05
1.325000e-02	4.056033e-05
1.326000e-02	4.054641e-05
1.327000e-02	4.053248e-05
1.328000e-02	4.051856e-05
1.329000e-02	4.050463e-05
1.330000e-02	4.049071e-05
1.331000e-02	4.047678e-05
1.332000e-02	4.046286e-05
1.333000e-02	4.044893e-05
1.334000e-02	4.043501e-05
1.335000e-02	4.042108e-05
1.336000e-02	4.040716e-05
1.337000e-02	4.039323e-05
1.338000e-02	4.037931e-05
1.339000e-02	4.036538e-05
1.340000e-02	4.035146e-05
1.341000e-02	4.033753e-05
1.342000e-02	4.032361e-05
1.343000e-02	4.030968e-05
1.344000e-02	4.029576e-05
1.345000e-02	4.028183e-05
1.346000e-02	4.026791e-05
1.347000e-02	4.025398e-05
1.348000e-02	4.024006e-05
1.349000e-02	4.022613e-05
1.350000e-02	4.021221e-05
1.351000e-02	4.019828e-05
1.352000e-02	4.018436e-05
1.353000e-02	4.017043e-05
1.354000e-02	4.015651e-05
1.355000e-02	4.014258e-05
1.356000e-02	4.012866e-05
1.357000e-02	4.011473e-05
1.358000e-02	4.010081e-05
1.359000e-02	4.008688e-05
1.360000e-02	4.007296e-05
1.361000e-02	4.005903e-05
1.362000e-02	4.004511e-05
1.363000e-02	4.003118e-05
1.364000e-02	4.001726e-05
1.365000e-02	4.000333e-05
1.366000e-02	3.998941e-05
1.367000e-02	3.997548e-05
1.368000e-02	3.996156e-05
1.369000e-02	3.994763e-05
1.370000e-02	3.993371e-05
1.371000e-02	3.991978e-05
1.372000e-02	3.990586e-05
1.373000e-02	3.989193e-05
1.374000e-02	3.987801e-05
1.375000e-02	3.986408e-05
1.376000e-02	3.985016e-05
1.377000e-02	3.983623e-05
1.378000e-02	3.982231e-05
1.379000e-02	3.980838e-05
1.380000e-02	3.979446e-05
1.381000e-02	3.978724e-05
1.382000e-02	3.978002e-05
1.383000e-02	3.977279e-05
1.384000e-02	3.976557e-05
1.385000e-02	3.975835e-05
1.386000e-02	3.975113e-05
1.387000e-02	3.974391e-05
1.388000e-02	3.973669e-05
1.389000e-02	3.972947e-05
1.390000e-02	3.972225e-05
1.391000e-02	3.971502e-05
1.392000e-02	3.970780e-05
1.393000e-02	3.970058e-05
1.394000e-02	3.969336e-05
1.395000e-02	3.968614e-05
1.396000e-02	3.967892e-05
1.397000e-02	3.967170e-05
1.398000e-02	3.966448e-05
1.399000e-02	3.965725e-05
1.400000e-02	3.965003e-05
1.401000e-02	3.964281e-05
1.402000e-02	3.963559e-05
1.403000e-02	3.962837e-05
1.404000e-02	3.962115e-05
1.405000e-02	3.961393e-05
1.406000e-02	3.960671e-05
1.407000e-02	3.959948e-05
1.408000e-02	3.959226e-05
1.409000e-02	3.958504e-05
1.410000e-02	3.957782e-05
1.411000e-02	3.957060e-05
1.412000e-02	3.956338e-05
1.413000e-02	3.955616e-05
1.414000e-02	3.954893e-05
1.415000e-02	3.954171e-05
1.416000e-02	3.953449e-05
1.417000e-02	3.952727e-05
1.418000e-02	3.952005e-05
1.419000e-02	3.951283e-05
1.420000e-02	3.950561e-05
1.421000e-02	3.949839e-05
1.422000e-02	3.949116e-05
1.423000e-02	3.948394e-05
1.424000e-02	3.947672e-05
1.425000e-02	3.946950e-05
1.426000e-02	3.946228e-05
1.427000e-02	3.945506e-05
1.428000e-02	3.944784e-05
1.429000e-02	3.944062e-05
1.430000e-02	3.943339e-05
1.431000e-02	3.942617e-05
1.432000e-02	3.941895e-05
1.433000e-02	3.941173e-05
1.434000e-02	3.940451e-05
1.435000e-02	3.939729e-05
1.436000e-02	3.939007e-05
1.437000e-02	3.938285e-05
1.438000e-02	3.937562e-05
1.439000e-02	3.936840e-05
1.440000e-02	3.936118e-05
1.441000e-02	3.935396e-05
1.442000e-02	3.934674e-05
1.443000e-02	3.933952e-05
1.444000e-02	3.933230e-05
1.445000e-02	3.932507e-05
1.446000e-02	3.931785e-05
1.447000e-02	3.931063e-05
1.448000e-02	3.930341e-05
1.449000e-02	3.929619e-05
1.450000e-02	3.928897e-05
1.451000e-02	3.928175e-05
1.452000e-02	3.927453e-05
1.453000e-02	3.926730e-05
1.454000e-02	3.926008e-05
1.455000e-02	3.925286e-05
1.456000e-02	3.924564e-05
1.457000e-02	3.923842e-05
1.458000e-02	3.923120e-05
1.459000e-02	3.922398e-05
1.460000e-02	3.921676e-05
1.461000e-02	3.920953e-05
1.462000e-02	3.920231e-05
1.463000e-02	3.919509e-05
1.464000e-02	3.918787e-05
1.465000e-02	3.918065e-05
1.466000e-02	3.917343e-05
1.467000e-02	3.916621e-05
1.468000e-02	3.915899e-05
1.469000e-02	3.915176e-05
1.470000e-02	3.914454e-05
1.471000e-02	3.913732e-05
1.472000e-02	3.913010e-05
1.473000e-02	3.912288e-05
1.474000e-02	3.911566e-05
1.475000e-02	3.910844e-05
1.476000e-02	3.910121e-05
1.477000e-02	3.909399e-05
1.478000e-02	3.908677e-05
1.479000e-02	3.907955e-05
1.480000e-02	3.907233e-05
1.481000e-02	3.907218e-05
1.482000e-02	3.907204e-05
1.483000e-02	3.907189e-05
1.484000e-02	3.907175e-05
1.485000e-02	3.907160e-05
1.486000e-02	3.907146e-05
1.487000e-02	3.907131e-05
1.488000e-02	3.907116e-05
1.489000e-02	3.907102e-05
1.490000e-02	3.907087e-05
1.491000e-02	3.907073e-05
1.492000e-02	3.907058e-05
1.493000e-02	3.907044e-05
1.494000e-02	3.907029e-05
1.495000e-02	3.907015e-05
1.496000e-02	3.907000e-05
1.497000e-02	3.906985e-05
1.498000e-02	3.906971e-05
1.499000e-02	3.906956e-05
1.500000e-02	3.906942e-05
1.501000e-02	3.906927e-05
1.502000e-02	3.906913e-05
1.503000e-02	3.906898e-05
1.504000e-02	3.906884e-05
1.505000e-02	3.906869e-05
1.506000e-02	3.906854e-05
1.507000e-02	3.906840e-05
1.508000e-02	3.906825e-05
1.509000e-02	3.906811e-05
1.510000e-02	3.906796e-05
1.511000e-02	3.906782e-05
1.512000e-02	3.906767e-05
1.513000e-02	3.906752e-05
1.514000e-02	3.906738e-05
1.515000e-02	3.906723e-05
1.516000e-02	3.906709e-05
1.517000e-02	3.906694e-05
1.518000e-02	3.906680e-05
1.519000e-02	3.906665e-05
1.520000e-02	3.906651e-05
1.521000e-02	3.906636e-05
1.522000e-02	3.906621e-05
1.523000e-02	3.906607e-05
1.524000e-02	3.906592e-05
1.525000e-02	3.906578e-05
1.526000e-02	3.906563e-05
1.527000e-02	3.906549e-05
1.528000e-02	3.906534e-05
1.529000e-02	3.906520e-05
1.530000e-02	3.906505e-05
1.531000e-02	3.906490e-05
1.532000e-02	3.906476e-05
1.533000e-02	3.906461e-05
1.534000e-02	3.906447e-05
1.535000e-02	3.906432e-05
1.536000e-02	3.906418e-05
1.537000e-02	3.906403e-05
1.538000e-02	3.906388e-05
1.539000e-02	3.906374e-05
1.540000e-02	3.906359e-05
1.541000e-02	3.906345e-05
1.542000e-02	3.906330e-05
1.543000e-02	3.906316e-05
1.544000e-02	3.906301e-05
1.545000e-02	3.906287e-05
1.546000e-02	3.906272e-05
1.547000e-02	3.906257e-05
1.548000e-02	3.906243e-05
1.549000e-02	3.906228e-05
1.550000e-02	3.906214e-05
1.551000e-02	3.906199e-05
1.552000e-02	3.906185e-05
1.553000e-02	3.906170e-05
1.554000e-02	3.906156e-05
1.555000e-02	3.906141e-05
1.556000e-02	3.906126e-05
1.557000e-02	3.906112e-05
1.558000e-02	3.906097e-05
1.559000e-02	3.906083e-05
1.560000e-02	3.906068e-05
1.561000e-02	3.906054e-05
1.562000e-02	3.906039e-05
1.563000e-02	3.906024e-05
1.564000e-02	3.906010e-05
1.565000e-02	3.905995e-05
1.566000e-02	3.905981e-05
1.567000e-02	3.905966e-05
1.568000e-02	3.905952e-05
1.569000e-02	3.905937e-05
1.570000e-02	3.905923e-05
1.571000e-02	3.905908e-05
1.572000e-02	3.905893e-05
1.573000e-02	3.905879e-05
1.574000e-02	3.905864e-05
1.575000e-02	3.905850e-05
1.576000e-02	3.905835e-05
1.577000e-02	3.905821e-05
1.578000e-02	3.905806e-05
1.579000e-02	3.905792e-05
1.580000e-02	3.905777e-05
1.581000e-02	3.906471e-05
1.582000e-02	3.907165e-05
1.583000e-02	3.907858e-05
1.584000e-02	3.908552e-05
1.585000e-02	3.909246e-05
1.586000e-02	3.909940e-05
1.587000e-02	3.910633e-05
1.588000e-02	3.911327e-05
1.589000e-02	3.912021e-05
1.590000e-02	3.912715e-05
1.591000e-02	3.913409e-05
1.592000e-02	3.914102e-05
1.593000e-02	3.914796e-05
1.594000e-02	3.915490e-05
1.595000e-02	3.916184e-05
1.596000e-02	3.916878e-05
1.597000e-02	3.917571e-05
1.598000e-02	3.918265e-05
1.599000e-02	3.918959e-05
1.600000e-02	3.919653e-05
1.601000e-02	3.920346e-05
1.602000e-02	3.921040e-05
1.603000e-02	3.921734e-05
1.604000e-02	3.922428e-05
1.605000e-02	3.923122e-05
1.606000e-02	3.923815e-05
1.607000e-02	3.924509e-05
1.608000e-02	3.925203e-05
1.609000e-02	3.925897e-05
1.610000e-02	3.926591e-05
1.611000e-02	3.927284e-05
1.612000e-02	3.927978e-05
1.613000e-02	3.928672e-05
1.614000e-02	3.929366e-05
1.615000e-02	3.930060e-05
1.616000e-02	3.930753e-05
1.617000e-02	3.931447e-05
1.618000e-02	3.932141e-05
1.619000e-02	3.932835e-05
1.620000e-02	3.933528e-05
1.621000e-02	3.934222e-05
1.622000e-02	3.934916e-05
1.623000e-02	3.935610e-05
1.624000e-02	3.936304e-05
1.625000e-02	3.936997e-05
1.626000e-02	3.937691e-05
1.627000e-02	3.938385e-05
1.628000e-02	3.939079e-05
1.629000e-02	3.939773e-05
1.630000e-02	3.940466e-05
1.631000e-02	3.941160e-05
1.632000e-02	3.941854e-05
1.633000e-02	3.942548e-05
1.634000e-02	3.943241e-05
1.635000e-02	3.943935e-05
1.636000e-02	3.944629e-05
1.637000e-02	3.945323e-05
1.638000e-02	3.946017e-05
1.639000e-02	3.946710e-05
1.640000e-02	3.947404e-05
1.641000e-02	3.948098e-05
1.642000e-02	3.948792e-05
1.643000e-02	3.949486e-05
1.644000e-02	3.950179e-05
1.645000e-02	3.950873e-05
1.646000e-02	3.951567e-05
1.647000e-02	3.952261e-05
1.648000e-02	3.952954e-05
1.649000e-02	3.953648e-05
1.650000e-02	3.954342e-05
1.651000e-02	3.955036e-05
1.652000e-02	3.955730e-05
1.653000e-02	3.956423e-05
1.654000e-02	3.957117e-05
1.655000e-02	3.957811e-05
1.656000e-02	3.958505e-05
1.657000e-02	3.959199e-05
1.658000e-02	3.959892e-05
1.659000e-02	3.960586e-05
1.660000e-02	3.961280e-05
1.661000e-02	3.961974e-05
1.662000e-02	3.962667e-05
1.663000e-02	3.963361e-05
1.664000e-02	3.964055e-05
1.665000e-02	3.964749e-05
1.666000e-02	3.965443e-05
1.667000e-02	3.966136e-05
1.668000e-02	3.966830e-05
1.669000e-02	3.967524e-05
1.670000e-02	3.968218e-05
1.671000e-02	3.968912e-05
1.672000e-02	3.969605e-05
1.673000e-02	3.970299e-05
1.674000e-02	3.970993e-05
1.675000e-02	3.971687e-05
1.676000e-02	3.972381e-05
1.677000e-02	3.973074e-05
1.678000e-02	3.973768e-05
1.679000e-02	3.974462e-05
1.680000e-02	3.975156e-05
1.681000e-02	3.977402e-05
1.682000e-02	3.979649e-05
1.683000e-02	3.981895e-05
1.684000e-02	3.984141e-05
1.685000e-02	3.986388e-05
1.686000e-02	3.988634e-05
1.687000e-02	3.990881e-05
1.688000e-02	3.993127e-05
1.689000e-02	3.995374e-05
1.690000e-02	3.997620e-05
1.691000e-02	3.999867e-05
1.692000e-02	4.002113e-05
1.693000e-02	4.004359e-05
1.694000e-02	4.006606e-05
1.695000e-02	4.008852e-05
1.696000e-02	4.011099e-05
1.697000e-02	4.013345e-05
1.698000e-02	4.015592e-05
1.699000e-02	4.017838e-05
1.700000e-02	4.020084e-05
1.701000e-02	4.022331e-05
1.702000e-02	4.024577e-05
1.703000e-02	4.026824e-05
1.704000e-02	4.029070e-05
1.705000e-02	4.031317e-05
1.706000e-02	4.033563e-05
1.707000e-02	4.035810e-05
1.708000e-02	4.038056e-05
1.709000e-02	4.040302e-05
1.710000e-02	4.042549e-05
1.711000e-02	4.044795e-05
1.712000e-02	4.047042e-05
1.713000e-02	4.049288e-05
1.714000e-02	4.051535e-05
1.715000e-02	4.053781e-05
1.716000e-02	4.056028e-05
1.717000e-02	4.058274e-05
1.718000e-02	4.060520e-05
1.719000e-02	4.062767e-05
1.720000e-02	4.065013e-05
1.721000e-02	4.067260e-05
1.722000e-02	4.069506e-05
1.723000e-02	4.071753e-05
1.724000e-02	4.073999e-05
1.725000e-02	4.076246e-05
1.726000e-02	4.078492e-05
1.727000e-02	4.080738e-05
1.728000e-02	4.082985e-05
1.729000e-02	4.085231e-05
1.730000e-02	4.087478e-05
1.731000e-02	4.089724e-05
1.732000e-02	4.091971e-05
1.733000e-02	4.094217e-05
1.734000e-02	4.096464e-05
1.735000e-02	4.098710e-05
1.736000e-02	4.100956e-05
1.737000e-02	4.103203e-05
1.738000e-02	4.105449e-05
1.739000e-02	4.107696e-05
1.740000e-02	4.109942e-05
1.741000e-02	4.112189e-05
1.742000e-02	4.114435e-05
1.743000e-02	4.116681e-05
1.744000e-02	4.118928e-05
1.745000e-02	4.121174e-05
1.746000e-02	4.123421e-05
1.747000e-02	4.125667e-05
1.748000e-02	4.127914e-05
1.749000e-02	4.130160e-05
1.750000e-02	4.132407e-05
1.751000e-02	4.134653e-05
1.752000e-02	4.136899e-05
1.753000e-02	4.139146e-05
1.754000e-02	4.141392e-05
1.755000e-02	4.143639e-05
1.756000e-02	4.145885e-05
1.757000e-02	4.148132e-05
1.758000e-02	4.150378e-05
1.759000e-02	4.152625e-05
1.760000e-02	4.154871e-05
1.761000e-02	4.157117e-05
1.762000e-02	4.159364e-05
1.763000e-02	4.161610e-05
1.764000e-02	4.163857e-05
1.765000e-02	4.166103e-05
1.766000e-02	4.168350e-05
1.767000e-02	4.170596e-05
1.768000e-02	4.172843e-05
1.769000e-02	4.175089e-05
1.770000e-02	4.177335e-05
1.771000e-02	4.179582e-05
1.772000e-02	4.181828e-05
1.773000e-02	4.184075e-05
1.774000e-02	4.186321e-05
1.775000e-02	4.188568e-05
1.776000e-02	4.190814e-05
1.777000e-02	4.193061e-05
1.778000e-02	4.195307e-05
1.779000e-02	4.197553e-05
1.780000e-02	4.199800e-05
1.781000e-02	4.202046e-05
1.782000e-02	4.204293e-05
1.783000e-02	4.206539e-05
1.784000e-02	4.208786e-05
1.785000e-02	4.211032e-05
1.786000e-02	4.213278e-05
1.787000e-02	4.215525e-05
1.788000e-02	4.217771e-05
1.789000e-02	4.220018e-05
1.790000e-02	4.222264e-05
1.791000e-02	4.224511e-05
1.792000e-02	4.226757e-05
1.793000e-02	4.229004e-05
1.794000e-02	4.231250e-05
1.795000e-02	4.233496e-05
1.796000e-02	4.235743e-05
1.797000e-02	4.237989e-05
1.798000e-02	4.240236e-05
1.799000e-02	4.242482e-05
1.800000e-02	4.244729e-05
1.801000e-02	4.246975e-05
1.802000e-02	4.249222e-05
1.803000e-02	4.251468e-05
1.804000e-02	4.253714e-05
1.805000e-02	4.255961e-05
1.806000e-02	4.258207e-05
1.807000e-02	4.260454e-05
1.808000e-02	4.262700e-05
1.809000e-02	4.264947e-05
1.810000e-02	4.267193e-05
1.811000e-02	4.269440e-05
1.812000e-02	4.271686e-05
1.813000e-02	4.273932e-05
1.814000e-02	4.276179e-05
1.815000e-02	4.278425e-05
1.816000e-02	4.280672e-05
1.817000e-02	4.282918e-05
1.818000e-02	4.285165e-05
1.819000e-02	4.287411e-05
1.820000e-02	4.289658e-05
1.821000e-02	4.291904e-05
1.822000e-02	4.294150e-05
1.823000e-02	4.296397e-05
1.824000e-02	4.298643e-05
1.825000e-02	4.300890e-05
1.826000e-02	4.303136e-05
1.827000e-02	4.305383e-05
1.828000e-02	4.307629e-05
1.829000e-02	4.309875e-05
1.830000e-02	4.312122e-05
1.831000e-02	4.314368e-05
1.832000e-02	4.316615e-05
1.833000e-02	4.318861e-05
1.834000e-02	4.321108e-05
1.835000e-02	4.323354e-05
1.836000e-02	4.325601e-05
1.837000e-02	4.327847e-05
1.838000e-02	4.330093e-05
1.839000e-02	4.332340e-05
1.840000e-02	4.334586e-05
1.841000e-02	4.336833e-05
1.842000e-02	4.339079e-05
1.843000e-02	4.341326e-05
1.844000e-02	4.343572e-05
1.845000e-02	4.345819e-05
1.846000e-02	4.348065e-05
1.847000e-02	4.350311e-05
1.848000e-02	4.352558e-05
1.849000e-02	4.354804e-05
1.850000e-02	4.357051e-05
1.851000e-02	4.359297e-05
1.852000e-02	4.361544e-05
1.853000e-02	4.363790e-05
1.854000e-02	4.366037e-05
1.855000e-02	4.368283e-05
1.856000e-02	4.370529e-05
1.857000e-02	4.372776e-05
1.858000e-02	4.375022e-05
1.859000e-02	4.377269e-05
1.860000e-02	4.379515e-05
1.861000e-02	4.381762e-05
1.862000e-02	4.384008e-05
1.863000e-02	4.386255e-05
1.864000e-02	4.388501e-05
1.865000e-02	4.390747e-05
1.866000e-02	4.392994e-05
1.867000e-02	4.395240e-05
1.868000e-02	4.397487e-05
1.869000e-02	4.399733e-05
1.870000e-02	4.401980e-05
1.871000e-02	4.404226e-05
1.872000e-02	4.406473e-05
1.873000e-02	4.408719e-05
1.874000e-02	4.410965e-05
1.875000e-02	4.413212e-05
1.876000e-02	4.415458e-05
1.877000e-02	4.417705e-05
1.878000e-02	4.419951e-05
1.879000e-02	4.422198e-05
1.880000e-02	4.424444e-05
1.881000e-02	4.426690e-05
1.882000e-02	4.428937e-05
1.883000e-02	4.431183e-05
1.884000e-02	4.433430e-05
1.885000e-02	4.435676e-05
1.886000e-02	4.437923e-05
1.887000e-02	4.440169e-05
1.888000e-02	4.442416e-05
1.889000e-02	4.444662e-05
1.890000e-02	4.446908e-05
1.891000e-02	4.449155e-05
1.892000e-02	4.451401e-05
1.893000e-02	4.453648e-05
1.894000e-02	4.455894e-05
1.895000e-02	4.458141e-05
1.896000e-02	4.460387e-05
1.897000e-02	4.462634e-05
1.898000e-02	4.464880e-05
1.899000e-02	4.467126e-05
1.900000e-02	4.469373e-05
1.901000e-02	4.471619e-05
1.902000e-02	4.473866e-05
1.903000e-02	4.476112e-05
1.904000e-02	4.478359e-05
1.905000e-02	4.480605e-05
1.906000e-02	4.482852e-05
1.907000e-02	4.485098e-05
1.908000e-02	4.487344e-05
1.909000e-02	4.489591e-05
1.910000e-02	4.491837e-05
1.911000e-02	4.494084e-05
1.912000e-02	4.496330e-05
1.913000e-02	4.498577e-05
1.914000e-02	4.500823e-05
1.915000e-02	4.503070e-05
1.916000e-02	4.505316e-05
1.917000e-02	4.507562e-05
1.918000e-02	4.509809e-05
1.919000e-02	4.512055e-05
1.920000e-02	4.514302e-05
1.921000e-02	4.516548e-05
1.922000e-02	4.518795e-05
1.923000e-02	4.521041e-05
1.924000e-02	4.523287e-05
1.925000e-02	4.525534e-05
1.926000e-02	4.527780e-05
1.927000e-02	4.530027e-05
1.928000e-02	4.532273e-05
1.929000e-02	4.534520e-05
1.930000e-02	4.536766e-05
1.931000e-02	4.539013e-05
1.932000e-02	4.541259e-05
1.933000e-02	4.543505e-05
1.934000e-02	4.545752e-05
1.935000e-02	4.547998e-05
1.936000e-02	4.550245e-05
1.937000e-02	4.552491e-05
1.938000e-02	4.554738e-05
1.939000e-02	4.556984e-05
1.940000e-02	4.559231e-05
1.941000e-02	4.561477e-05
1.942000e-02	4.563723e-05
1.943000e-02	4.565970e-05
1.944000e-02	4.568216e-05
1.945000e-02	4.570463e-05
1.946000e-02	4.572709e-05
1.947000e-02	4.574956e-05
1.948000e-02	4.577202e-05
1.949000e-02	4.579449e-05
1.950000e-02	4.581695e-05
1.951000e-02	4.583941e-05
1.952000e-02	4.586188e-05
1.953000e-02	4.588434e-05
1.954000e-02	4.590681e-05
1.955000e-02	4.592927e-05
1.956000e-02	4.595174e-05
1.957000e-02	4.597420e-05
1.958000e-02	4.599667e-05
1.959000e-02	4.601913e-05
1.960000e-02	4.604159e-05
1.961000e-02	4.606406e-05
1.962000e-02	4.608652e-05
1.963000e-02	4.610899e-05
1.964000e-02	4.613145e-05
1.965000e-02	4.615392e-05
1.966000e-02	4.617638e-05
1.967000e-02	4.619884e-05
1.968000e-02	4.622131e-05
1.969000e-02	4.624377e-05
1.970000e-02	4.626624e-05
1.971000e-02	4.628870e-05
1.972000e-02	4.631117e-05
1.973000e-02	4.633363e-05
1.974000e-02	4.635610e-05
1.975000e-02	4.637856e-05
1.976000e-02	4.640102e-05
1.977000e-02	4.642349e-05
1.978000e-02	4.644595e-05
1.979000e-02	4.646842e-05
1.980000e-02	4.649088e-05
1.981000e-02	4.651335e-05
1.982000e-02	4.653581e-05
1.983000e-02	4.655828e-05
1.984000e-02	4.658074e-05
1.985000e-02	4.660320e-05
1.986000e-02	4.662567e-05
1.987000e-02	4.664813e-05
1.988000e-02	4.667060e-05
1.989000e-02	4.669306e-05
1.990000e-02	4.671553e-05
1.991000e-02	4.673799e-05
1.992000e-02	4.676046e-05
1.993000e-02	4.678292e-05
1.994000e-02	4.680538e-05
1.995000e-02	4.682785e-05
1.996000e-02	4.685031e-05
1.997000e-02	4.687278e-05
1.998000e-02	4.689524e-05
1.999000e-02	4.691771e-05
2.000000e-02	4.694017e-05
2.001000e-02	4.696264e-05
2.002000e-02	4.698510e-05
2.003000e-02	4.700756e-05
2.004000e-02	4.703003e-05
2.005000e-02	4.705249e-05
2.006000e-02	4.707496e-05
2.007000e-02	4.709742e-05
2.008000e-02	4.711989e-05
2.009000e-02	4.714235e-05
2.010000e-02	4.716481e-05
2.011000e-02	4.718728e-05
2.012000e-02	4.720974e-05
2.013000e-02	4.723221e-05
2.014000e-02	4.725467e-05
2.015000e-02	4.727714e-05
2.016000e-02	4.729960e-05
2.017000e-02	4.732207e-05
2.018000e-02	4.734453e-05
2.019000e-02	4.736699e-05
2.020000e-02	4.738946e-05
2.021000e-02	4.741192e-05
2.022000e-02	4.743439e-05
2.023000e-02	4.745685e-05
2.024000e-02	4.747932e-05
2.025000e-02	4.750178e-05
2.026000e-02	4.752425e-05
2.027000e-02	4.754671e-05
2.028000e-02	4.756917e-05
2.029000e-02	4.759164e-05
2.030000e-02	4.761410e-05
2.031000e-02	4.763657e-05
2.032000e-02	4.765903e-05
2.033000e-02	4.768150e-05
2.034000e-02	4.770396e-05
2.035000e-02	4.772643e-05
2.036000e-02	4.774889e-05
2.037000e-02	4.777135e-05
2.038000e-02	4.779382e-05
2.039000e-02	4.781628e-05
2.040000e-02	4.783875e-05
2.041000e-02	4.786121e-05
2.042000e-02	4.788368e-05
2.043000e-02	4.790614e-05
2.044000e-02	4.792861e-05
2.045000e-02	4.795107e-05
2.046000e-02	4.797353e-05
2.047000e-02	4.799600e-05
2.048000e-02	4.801846e-05
2.049000e-02	4.804093e-05
2.050000e-02	4.806339e-05
2.051000e-02	4.808586e-05
2.052000e-02	4.810832e-05
2.053000e-02	4.813078e-05
2.054000e-02	4.815325e-05
2.055000e-02	4.817571e-05
2.056000e-02	4.819818e-05
2.057000e-02	4.822064e-05
2.058000e-02	4.824311e-05
2.059000e-02	4.826557e-05
2.060000e-02	4.828804e-05
2.061000e-02	4.831050e-05
2.062000e-02	4.833296e-05
2.063000e-02	4.835543e-05
2.064000e-02	4.837789e-05
2.065000e-02	4.840036e-05
2.066000e-02	4.842282e-05
2.067000e-02	4.844529e-05
2.068000e-02	4.846775e-05
2.069000e-02	4.849022e-05
2.070000e-02	4.851268e-05
2.071000e-02	4.853514e-05
2.072000e-02	4.855761e-05
2.073000e-02	4.858007e-05
2.074000e-02	4.860254e-05
2.075000e-02	4.862500e-05
2.076000e-02	4.864747e-05
2.077000e-02	4.866993e-05
2.078000e-02	4.869240e-05
2.079000e-02	4.871486e-05
2.080000e-02	4.873732e-05
2.081000e-02	4.875979e-05
2.082000e-02	4.878225e-05
2.083000e-02	4.880472e-05
2.084000e-02	4.882718e-05
2.085000e-02	4.884965e-05
2.086000e-02	4.887211e-05
2.087000e-02	4.889458e-05
2.088000e-02	4.891704e-05
2.089000e-02	4.893950e-05
2.090000e-02	4.896197e-05
2.091000e-02	4.898443e-05
2.092000e-02	4.900690e-05
2.093000e-02	4.902936e-05
2.094000e-02	4.905183e-05
2.095000e-02	4.907429e-05
2.096000e-02	4.909675e-05
2.097000e-02	4.911922e-05
2.098000e-02	4.914168e-05
2.099000e-02	4.916415e-05
2.100000e-02	4.918661e-05
2.101000e-02	4.922051e-05
2.102000e-02	4.925440e-05
2.103000e-02	4.928829e-05
2.104000e-02	4.932219e-05
2.105000e-02	4.935608e-05
2.106000e-02	4.938998e-05
2.107000e-02	4.942387e-05
2.108000e-02	4.945776e-05
2.109000e-02	4.949166e-05
2.110000e-02	4.952555e-05
2.111000e-02	4.955944e-05
2.112000e-02	4.959334e-05
2.113000e-02	4.962723e-05
2.114000e-02	4.966113e-05
2.115000e-02	4.969502e-05
2.116000e-02	4.972891e-05
2.117000e-02	4.976281e-05
2.118000e-02	4.979670e-05
2.119000e-02	4.983059e-05
2.120000e-02	4.986449e-05
2.121000e-02	4.989838e-05
2.122000e-02	4.993228e-05
2.123000e-02	4.996617e-05
2.124000e-02	5.000006e-05
2.125000e-02	5.003396e-05
2.126000e-02	5.006785e-05
2.127000e-02	5.010174e-05
2.128000e-02	5.013564e-05
2.129000e-02	5.016953e-05
2.130000e-02	5.020343e-05
2.131000e-02	5.023732e-05
2.132000e-02	5.027121e-05
2.133000e-02	5.030511e-05
2.134000e-02	5.033900e-05
2.135000e-02	5.037290e-05
2.136000e-02	5.040679e-05
2.137000e-02	5.044068e-05
2.138000e-02	5.047458e-05
2.139000e-02	5.050847e-05
2.140000e-02	5.054236e-05
2.141000e-02	5.057626e-05
2.142000e-02	5.061015e-05
2.143000e-02	5.064405e-05
2.144000e-02	5.067794e-05
2.145000e-02	5.071183e-05
2.146000e-02	5.074573e-05
2.147000e-02	5.077962e-05
2.148000e-02	5.081351e-05
2.149000e-02	5.084741e-05
2.150000e-02	5.088130e-05
2.151000e-02	5.091520e-05
2.152000e-02	5.094909e-05
2.153000e-02	5.098298e-05
2.154000e-02	5.101688e-05
2.155000e-02	5.105077e-05
2.156000e-02	5.108466e-05
2.157000e-02	5.111856e-05
2.158000e-02	5.115245e-05
2.159000e-02	5.118635e-05
2.160000e-02	5.122024e-05
2.161000e-02	5.125413e-05
2.162000e-02	5.128803e-05
2.163000e-02	5.132192e-05
2.164000e-02	5.135581e-05
2.165000e-02	5.138971e-05
2.166000e-02	5.142360e-05
2.167000e-02	5.145750e-05
2.168000e-02	5.149139e-05
2.169000e-02	5.152528e-05
2.170000e-02	5.155918e-05
2.171000e-02	5.159307e-05
2.172000e-02	5.162697e-05
2.173000e-02	5.166086e-05
2.174000e-02	5.169475e-05
2.175000e-02	5.172865e-05
2.176000e-02	5.176254e-05
2.177000e-02	5.179643e-05
2.178000e-02	5.183033e-05
2.179000e-02	5.186422e-05
2.180000e-02	5.189812e-05
2.181000e-02	5.193201e-05
2.182000e-02	5.196590e-05
2.183000e-02	5.199980e-05
2.184000e-02	5.203369e-05
2.185000e-02	5.206758e-05
2.186000e-02	5.210148e-05
2.187000e-02	5.213537e-05
2.188000e-02	5.216927e-05
2.189000e-02	5.220316e-05
2.190000e-02	5.223705e-05
2.191000e-02	5.227095e-05
2.192000e-02	5.230484e-05
2.193000e-02	5.233873e-05
2.194000e-02	5.237263e-05
2.195000e-02	5.240652e-05
2.196000e-02	5.244042e-05
2.197000e-02	5.247431e-05
2.198000e-02	5.250820e-05
2.199000e-02	5.254210e-05
2.200000e-02	5.257599e-05
2.201000e-02	5.261281e-05
2.202000e-02	5.264963e-05
2.203000e-02	5.268645e-05
2.204000e-02	5.272327e-05
2.205000e-02	5.276009e-05
2.206000e-02	5.279691e-05
2.207000e-02	5.283373e-05
2.208000e-02	5.287055e-05
2.209000e-02	5.290737e-05
2.210000e-02	5.294419e-05
2.211000e-02	5.298101e-05
2.212000e-02	5.301783e-05
2.213000e-02	5.305465e-05
2.214000e-02	5.309147e-05
2.215000e-02	5.312829e-05
2.216000e-02	5.316511e-05
2.217000e-02	5.320193e-05
2.218000e-02	5.323875e-05
2.219000e-02	5.327557e-05
2.220000e-02	5.331239e-05
2.221000e-02	5.334921e-05
2.222000e-02	5.338603e-05
2.223000e-02	5.342285e-05
2.224000e-02	5.345967e-05
2.225000e-02	5.349649e-05
2.226000e-02	5.353331e-05
2.227000e-02	5.357013e-05
2.228000e-02	5.360695e-05
2.229000e-02	5.364377e-05
2.230000e-02	5.368059e-05
2.231000e-02	5.371741e-05
2.232000e-02	5.375423e-05
2.233000e-02	5.379105e-05
2.234000e-02	5.382787e-05
2.235000e-02	5.386469e-05
2.236000e-02	5.390151e-05
2.237000e-02	5.393833e-05
2.238000e-02	5.397515e-05
2.239000e-02	5.401197e-05
2.240000e-02	5.404879e-05
2.241000e-02	5.408561e-05
2.242000e-02	5.412243e-05
2.243000e-02	5.415925e-05
2.244000e-02	5.419607e-05
2.245000e-02	5.423289e-05
2.246000e-02	5.426971e-05
2.247000e-02	5.430653e-05
2.248000e-02	5.434335e-05
2.249000e-02	5.438017e-05
2.250000e-02	5.441699e-05
2.251000e-02	5.445381e-05
2.252000e-02	5.449063e-05
2.253000e-02	5.452745e-05
2.254000e-02	5.456427e-05
2.255000e-02	5.460109e-05
2.256000e-02	5.463791e-05
2.257000e-02	5.467473e-05
2.258000e-02	5.471155e-05
2.259000e-02	5.474837e-05
2.260000e-02	5.478519e-05
2.261000e-02	5.482201e-05
2.262000e-02	5.485883e-05
2.263000e-02	5.489565e-05
2.264000e-02	5.493247e-05
2.265000e-02	5.496929e-05
2.266000e-02	5.500611e-05
2.267000e-02	5.504293e-05
2.268000e-02	5.507975e-05
2.269000e-02	5.511657e-05
2.270000e-02	5.515339e-05
2.271000e-02	5.519021e-05
2.272000e-02	5.522703e-05
2.273000e-02	5.526385e-05
2.274000e-02	5.530067e-05
2.275000e-02	5.533749e-05
2.276000e-02	5.537431e-05
2.277000e-02	5.541113e-05
2.278000e-02	5.544795e-05
2.279000e-02	5.548477e-05
2.280000e-02	5.552159e-05
2.281000e-02	5.555841e-05
2.282000e-02	5.559523e-05
2.283000e-02	5.563205e-05
2.284000e-02	5.566887e-05
2.285000e-02	5.570569e-05
2.286000e-02	5.574251e-05
2.287000e-02	5.577933e-05
2.288000e-02	5.581615e-05
2.289000e-02	5.585297e-05
2.290000e-02	5.588979e-05
2.291000e-02	5.592661e-05
2.292000e-02	5.596343e-05
2.293000e-02	5.600025e-05
2.294000e-02	5.603707e-05
2.295000e-02	5.607389e-05
2.296000e-02	5.611071e-05
2.297000e-02	5.614753e-05
2.298000e-02	5.618435e-05
2.299000e-02	5.622117e-05
2.300000e-02	5.625799e-05
2.301000e-02	5.629720e-05
2.302000e-02	5.633641e-05
2.303000e-02	5.637562e-05
2.304000e-02	5.641483e-05
2.305000e-02	5.645404e-05
2.306000e-02	5.649324e-05
2.307000e-02	5.653245e-05
2.308000e-02	5.657166e-05
2.309000e-02	5.661087e-05
2.310000e-02	5.665008e-05
2.311000e-02	5.668929e-05
2.312000e-02	5.672850e-05
2.313000e-02	5.676771e-05
2.314000e-02	5.680692e-05
2.315000e-02	5.684613e-05
2.316000e-02	5.688534e-05
2.317000e-02	5.692455e-05
2.318000e-02	5.696376e-05
2.319000e-02	5.700297e-05
2.320000e-02	5.704217e-05
2.321000e-02	5.708138e-05
2.322000e-02	5.712059e-05
2.323000e-02	5.715980e-05
2.324000e-02	5.719901e-05
2.325000e-02	5.723822e-05
2.326000e-02	5.727743e-05
2.327000e-02	5.731664e-05
2.328000e-02	5.735585e-05
2.329000e-02	5.739506e-05
2.330000e-02	5.743427e-05
2.331000e-02	5.747348e-05
2.332000e-02	5.751269e-05
2.333000e-02	5.755190e-05
2.334000e-02	5.759110e-05
2.335000e-02	5.763031e-05
2.336000e-02	5.766952e-05
2.337000e-02	5.770873e-05
2.338000e-02	5.774794e-05
2.339000e-02	5.778715e-05
2.340000e-02	5.782636e-05
2.341000e-02	5.786557e-05
2.342000e-02	5.790478e-05
2.343000e-02	5.794399e-05
2.344000e-02	5.798320e-05
2.345000e-02	5.802241e-05
2.346000e-02	5.806162e-05
2.347000e-02	5.810083e-05
2.348000e-02	5.814003e-05
2.349000e-02	5.817924e-05
2.350000e-02	5.821845e-05
2.351000e-02	5.825766e-05
2.352000e-02	5.829687e-05
2.353000e-02	5.833608e-05
2.354000e-02	5.837529e-05
2.355000e-02	5.841450e-05
2.356000e-02	5.845371e-05
2.357000e-02	5.849292e-05
2.358000e-02	5.853213e-05
2.359000e-02	5.857134e-05
2.360000e-02	5.861055e-05
2.361000e-02	5.864976e-05
2.362000e-02	5.868896e-05
2.363000e-02	5.872817e-05
2.364000e-02	5.876738e-05
2.365000e-02	5.880659e-05
2.366000e-02	5.884580e-05
2.367000e-02	5.888501e-05
2.368000e-02	5.892422e-05
2.369000e-02	5.896343e-05
2.370000e-02	5.900264e-05
2.371000e-02	5.904185e-05
2.372000e-02	5.908106e-05
2.373000e-02	5.912027e-05
2.374000e-02	5.915948e-05
2.375000e-02	5.919869e-05
2.376000e-02	5.923789e-05
2.377000e-02	5.927710e-05
2.378000e-02	5.931631e-05
2.379000e-02	5.935552e-05
2.380000e-02	5.939473e-05
2.381000e-02	5.943394e-05
2.382000e-02	5.947315e-05
2.383000e-02	5.951236e-05
2.384000e-02	5.955157e-05
2.385000e-02	5.959078e-05
2.386000e-02	5.962999e-05
2.387000e-02	5.966920e-05
2.388000e-02	5.970841e-05
2.389000e-02	5.974762e-05
2.390000e-02	5.978683e-05
2.391000e-02	5.982603e-05
2.392000e-02	5.986524e-05
2.393000e-02	5.990445e-05
2.394000e-02	5.994366e-05
2.395000e-02	5.998287e-05
2.396000e-02	6.002208e-05
2.397000e-02	6.006129e-05
2.398000e-02	6.010050e-05
2.399000e-02	6.013971e-05
2.400000e-02	6.017892e-05
2.401000e-02	6.022008e-05
2.402000e-02	6.026124e-05
2.403000e-02	6.030240e-05
2.404000e-02	6.034356e-05
2.405000e-02	6.038473e-05
2.406000e-02	6.042589e-05
2.407000e-02	6.046705e-05
2.408000e-02	6.050821e-05
2.409000e-02	6.054937e-05
2.410000e-02	6.059053e-05
2.411000e-02	6.063170e-05
2.412000e-02	6.067286e-05
2.413000e-02	6.071402e-05
2.414000e-02	6.075518e-05
2.415000e-02	6.079634e-05
2.416000e-02	6.083750e-05
2.417000e-02	6.087867e-05
2.418000e-02	6.091983e-05
2.419000e-02	6.096099e-05
2.420000e-02	6.100215e-05
2.421000e-02	6.104331e-05
2.422000e-02	6.108447e-05
2.423000e-02	6.112564e-05
2.424000e-02	6.116680e-05
2.425000e-02	6.120796e-05
2.426000e-02	6.124912e-05
2.427000e-02	6.129028e-05
2.428000e-02	6.133144e-05
2.429000e-02	6.137261e-05
2.430000e-02	6.141377e-05
2.431000e-02	6.145493e-05
2.432000e-02	6.149609e-05
2.433000e-02	6.153725e-05
2.434000e-02	6.157841e-05
2.435000e-02	6.161958e-05
2.436000e-02	6.166074e-05
2.437000e-02	6.170190e-05
2.438000e-02	6.174306e-05
2.439000e-02	6.178422e-05
2.440000e-02	6.182538e-05
2.441000e-02	6.186655e-05
2.442000e-02	6.190771e-05
2.443000e-02	6.194887e-05
2.444000e-02	6.199003e-05
2.445000e-02	6.203119e-05
2.446000e-02	6.207235e-05
2.447000e-02	6.211351e-05
2.448000e-02	6.215468e-05
2.449000e-02	6.219584e-05
2.450000e-02	6.223700e-05
2.451000e-02	6.227816e-05
2.452000e-02	6.231932e-05
2.453000e-02	6.236048e-05
2.454000e-02	6.240165e-05
2.455000e-02	6.244281e-05
2.456000e-02	6.248397e-05
2.457000e-02	6.252513e-05
2.458000e-02	6.256629e-05
2.459000e-02	6.260745e-05
2.460000e-02	6.264862e-05
2.461000e-02	6.268978e-05
2.462000e-02	6.273094e-05
2.463000e-02	6.277210e-05
2.464000e-02	6.281326e-05
2.465000e-02	6.285442e-05
2.466000e-02	6.289559e-05
2.467000e-02	6.293675e-05
2.468000e-02	6.297791e-05
2.469000e-02	6.301907e-05
2.470000e-02	6.306023e-05
2.471000e-02	6.310139e-05
2.472000e-02	6.314256e-05
2.473000e-02	6.318372e-05
2.474000e-02	6.322488e-05
2.475000e-02	6.326604e-05
2.476000e-02	6.330720e-05
2.477000e-02	6.334836e-05
2.478000e-02	6.338953e-05
2.479000e-02	6.343069e-05
2.480000e-02	6.347185e-05
2.481000e-02	6.351301e-05
2.482000e-02	6.355417e-05
2.483000e-02	6.359533e-05
2.484000e-02	6.363650e-05
2.485000e-02	6.367766e-05
2.486000e-02	6.371882e-05
2.487000e-02	6.375998e-05
2.488000e-02	6.380114e-05
2.489000e-02	6.384230e-05
2.490000e-02	6.388347e-05
2.491000e-02	6.392463e-05
2.492000e-02	6.396579e-05
2.493000e-02	6.400695e-05
2.494000e-02	6.404811e-05
2.495000e-02	6.408927e-05
2.496000e-02	6.413043e-05
2.497000e-02	6.417160e-05
2.498000e-02	6.421276e-05
2.499000e-02	6.425392e-05
