z1_new_m	d2_new_long_m
1.000000e-03	1.085299e-04
1.010000e-03	1.084761e-04
1.020000e-03	1.084223e-04
1.030000e-03	1.083684e-04
1.040000e-03	1.083146e-04
1.050000e-03	1.082608e-04
1.060000e-03	1.082070e-04
1.070000e-03	1.081531e-04
1.080000e-03	1.080993e-04
1.090000e-03	1.080455e-04
1.100000e-03	1.079917e-04
1.110000e-03	1.079378e-04
1.120000e-03	1.078840e-04
1.130000e-03	1.078302e-04
1.140000e-03	1.077763e-04
1.150000e-03	1.077225e-04
1.160000e-03	1.076687e-04
1.170000e-03	1.076149e-04
1.180000e-03	1.075610e-04
1.190000e-03	1.075072e-04
1.200000e-03	1.074534e-04
1.210000e-03	1.073996e-04
1.220000e-03	1.073457e-04
1.230000e-03	1.072919e-04
1.240000e-03	1.072381e-04
1.250000e-03	1.071842e-04
1.260000e-03	1.071304e-04
1.270000e-03	1.070766e-04
1.280000e-03	1.070228e-04
1.290000e-03	1.069689e-04
1.300000e-03	1.069151e-04
1.310000e-03	1.068613e-04
1.320000e-03	1.068075e-04
1.330000e-03	1.067536e-04
1.340000e-03	1.066998e-04
1.350000e-03	1.066460e-04
1.360000e-03	1.065921e-04
1.370000e-03	1.065383e-04
1.380000e-03	1.064845e-04
1.390000e-03	1.064307e-04
1.400000e-03	1.063768e-04
1.410000e-03	1.063230e-04
1.420000e-03	1.062692e-04
1.430000e-03	1.062154e-04
1.440000e-03	1.061615e-04
1.450000e-03	1.061077e-04
1.460000e-03	1.060539e-04
1.470000e-03	1.060000e-04
1.480000e-03	1.059462e-04
1.490000e-03	1.058924e-04
1.500000e-03	1.058386e-04
1.510000e-03	1.057847e-04
1.520000e-03	1.057309e-04
1.530000e-03	1.056771e-04
1.540000e-03	1.056233e-04
1.550000e-03	1.055694e-04
1.560000e-03	1.055156e-04
1.570000e-03	1.054618e-04
1.580000e-03	1.054080e-04
1.590000e-03	1.053541e-04
1.600000e-03	1.053003e-04
1.610000e-03	1.052465e-04
1.620000e-03	1.051926e-04
1.630000e-03	1.051388e-04
1.640000e-03	1.050850e-04
1.650000e-03	1.050312e-04
1.660000e-03	1.049773e-04
1.670000e-03	1.049235e-04
1.680000e-03	1.048697e-04
1.690000e-03	1.048159e-04
1.700000e-03	1.047620e-04
1.710000e-03	1.047082e-04
1.720000e-03	1.046544e-04
1.730000e-03	1.046005e-04
1.740000e-03	1.045467e-04
1.750000e-03	1.044929e-04
1.760000e-03	1.044391e-04
1.770000e-03	1.043852e-04
1.780000e-03	1.043314e-04
1.790000e-03	1.042776e-04
1.800000e-03	1.042238e-04
1.810000e-03	1.041699e-04
1.820000e-03	1.041161e-04
1.830000e-03	1.040623e-04
1.840000e-03	1.040084e-04
1.850000e-03	1.039546e-04
1.860000e-03	1.039008e-04
1.870000e-03	1.038470e-04
1.880000e-03	1.037931e-04
1.890000e-03	1.037393e-04
1.900000e-03	1.036855e-04
1.910000e-03	1.036317e-04
1.920000e-03	1.035778e-04
1.930000e-03	1.035240e-04
1.940000e-03	1.034702e-04
1.950000e-03	1.034163e-04
1.960000e-03	1.033625e-04
1.970000e-03	1.033087e-04
1.980000e-03	1.032549e-04
1.990000e-03	1.032010e-04
2.000000e-03	1.031472e-04
2.010000e-03	1.030947e-04
2.020000e-03	1.030423e-04
2.030000e-03	1.029898e-04
2.040000e-03	1.029373e-04
2.050000e-03	1.028849e-04
2.060000e-03	1.028324e-04
2.070000e-03	1.027800e-04
2.080000e-03	1.027275e-04
2.090000e-03	1.026750e-04
2.100000e-03	1.026226e-04
2.110000e-03	1.025701e-04
2.120000e-03	1.025176e-04
2.130000e-03	1.024652e-04
2.140000e-03	1.024127e-04
2.150000e-03	1.023602e-04
2.160000e-03	1.023078e-04
2.170000e-03	1.022553e-04
2.180000e-03	1.022028e-04
2.190000e-03	1.021504e-04
2.200000e-03	1.020979e-04
2.210000e-03	1.020454e-04
2.220000e-03	1.019930e-04
2.230000e-03	1.019405e-04
2.240000e-03	1.018880e-04
2.250000e-03	1.018356e-04
2.260000e-03	1.017831e-04
2.270000e-03	1.017306e-04
2.280000e-03	1.016782e-04
2.290000e-03	1.016257e-04
2.300000e-03	1.015732e-04
2.310000e-03	1.015208e-04
2.320000e-03	1.014683e-04
2.330000e-03	1.014159e-04
2.340000e-03	1.013634e-04
2.350000e-03	1.013109e-04
2.360000e-03	1.012585e-04
2.370000e-03	1.012060e-04
2.380000e-03	1.011535e-04
2.390000e-03	1.011011e-04
2.400000e-03	1.010486e-04
2.410000e-03	1.009961e-04
2.420000e-03	1.009437e-04
2.430000e-03	1.008912e-04
2.440000e-03	1.008387e-04
2.450000e-03	1.007863e-04
2.460000e-03	1.007338e-04
2.470000e-03	1.006813e-04
2.480000e-03	1.006289e-04
2.490000e-03	1.005764e-04
2.500000e-03	1.005239e-04
2.510000e-03	1.004715e-04
2.520000e-03	1.004190e-04
2.530000e-03	1.003665e-04
2.540000e-03	1.003141e-04
2.550000e-03	1.002616e-04
2.560000e-03	1.002092e-04
2.570000e-03	1.001567e-04
2.580000e-03	1.001042e-04
2.590000e-03	1.000518e-04
2.600000e-03	9.999929e-05
2.610000e-03	9.994683e-05
2.620000e-03	9.989436e-05
2.630000e-03	9.984190e-05
2.640000e-03	9.978943e-05
2.650000e-03	9.973697e-05
2.660000e-03	9.968450e-05
2.670000e-03	9.963203e-05
2.680000e-03	9.957957e-05
2.690000e-03	9.952710e-05
2.700000e-03	9.947464e-05
2.710000e-03	9.942217e-05
2.720000e-03	9.936971e-05
2.730000e-03	9.931724e-05
2.740000e-03	9.926478e-05
2.750000e-03	9.921231e-05
2.760000e-03	9.915985e-05
2.770000e-03	9.910738e-05
2.780000e-03	9.905492e-05
2.790000e-03	9.900245e-05
2.800000e-03	9.894999e-05
2.810000e-03	9.889752e-05
2.820000e-03	9.884506e-05
2.830000e-03	9.879259e-05
2.840000e-03	9.874012e-05
2.850000e-03	9.868766e-05
2.860000e-03	9.863519e-05
2.870000e-03	9.858273e-05
2.880000e-03	9.853026e-05
2.890000e-03	9.847780e-05
2.900000e-03	9.842533e-05
2.910000e-03	9.837287e-05
2.920000e-03	9.832040e-05
2.930000e-03	9.826794e-05
2.940000e-03	9.821547e-05
2.950000e-03	9.816301e-05
2.960000e-03	9.811054e-05
2.970000e-03	9.805808e-05
2.980000e-03	9.800561e-05
2.990000e-03	9.795315e-05
3.000000e-03	9.790068e-05
3.010000e-03	9.784981e-05
3.020000e-03	9.779894e-05
3.030000e-03	9.774806e-05
3.040000e-03	9.769719e-05
3.050000e-03	9.764632e-05
3.060000e-03	9.759545e-05
3.070000e-03	9.754457e-05
3.080000e-03	9.749370e-05
3.090000e-03	9.744283e-05
3.100000e-03	9.739196e-05
3.110000e-03	9.734108e-05
3.120000e-03	9.729021e-05
3.130000e-03	9.723934e-05
3.140000e-03	9.718847e-05
3.150000e-03	9.713759e-05
3.160000e-03	9.708672e-05
3.170000e-03	9.703585e-05
3.180000e-03	9.698498e-05
3.190000e-03	9.693410e-05
3.200000e-03	9.688323e-05
3.210000e-03	9.683236e-05
3.220000e-03	9.678149e-05
3.230000e-03	9.673062e-05
3.240000e-03	9.667974e-05
3.250000e-03	9.662887e-05
3.260000e-03	9.657800e-05
3.270000e-03	9.652713e-05
3.280000e-03	9.647625e-05
3.290000e-03	9.642538e-05
3.300000e-03	9.637451e-05
3.310000e-03	9.632364e-05
3.320000e-03	9.627276e-05
3.330000e-03	9.622189e-05
3.340000e-03	9.617102e-05
3.350000e-03	9.612015e-05
3.360000e-03	9.606927e-05
3.370000e-03	9.601840e-05
3.380000e-03	9.596753e-05
3.390000e-03	9.591666e-05
3.400000e-03	9.586578e-05
3.410000e-03	9.581491e-05
3.420000e-03	9.576404e-05
3.430000e-03	9.571317e-05
3.440000e-03	9.566230e-05
3.450000e-03	9.561142e-05
3.460000e-03	9.556055e-05
3.470000e-03	9.550968e-05
3.480000e-03	9.545881e-05
3.490000e-03	9.540793e-05
3.500000e-03	9.535706e-05
3.510000e-03	9.530619e-05
3.520000e-03	9.525532e-05
3.530000e-03	9.520444e-05
3.540000e-03	9.515357e-05
3.550000e-03	9.510270e-05
3.560000e-03	9.505183e-05
3.570000e-03	9.500095e-05
3.580000e-03	9.495008e-05
3.590000e-03	9.489921e-05
3.600000e-03	9.484834e-05
3.610000e-03	9.479746e-05
3.620000e-03	9.474659e-05
3.630000e-03	9.469572e-05
3.640000e-03	9.464485e-05
3.650000e-03	9.459398e-05
3.660000e-03	9.454310e-05
3.670000e-03	9.449223e-05
3.680000e-03	9.444136e-05
3.690000e-03	9.439049e-05
3.700000e-03	9.433961e-05
3.710000e-03	9.428874e-05
3.720000e-03	9.423787e-05
3.730000e-03	9.418700e-05
3.740000e-03	9.413612e-05
3.750000e-03	9.408525e-05
3.760000e-03	9.403438e-05
3.770000e-03	9.398351e-05
3.780000e-03	9.393263e-05
3.790000e-03	9.388176e-05
3.800000e-03	9.383089e-05
3.810000e-03	9.378002e-05
3.820000e-03	9.372914e-05
3.830000e-03	9.367827e-05
3.840000e-03	9.362740e-05
3.850000e-03	9.357653e-05
3.860000e-03	9.352565e-05
3.870000e-03	9.347478e-05
3.880000e-03	9.342391e-05
3.890000e-03	9.337304e-05
3.900000e-03	9.332217e-05
3.910000e-03	9.327129e-05
3.920000e-03	9.322042e-05
3.930000e-03	9.316955e-05
3.940000e-03	9.311868e-05
3.950000e-03	9.306780e-05
3.960000e-03	9.301693e-05
3.970000e-03	9.296606e-05
3.980000e-03	9.291519e-05
3.990000e-03	9.286431e-05
4.000000e-03	9.281344e-05
4.010000e-03	9.276444e-05
4.020000e-03	9.271544e-05
4.030000e-03	9.266643e-05
4.040000e-03	9.261743e-05
4.050000e-03	9.256843e-05
4.060000e-03	9.251942e-05
4.070000e-03	9.247042e-05
4.080000e-03	9.242142e-05
4.090000e-03	9.237242e-05
4.100000e-03	9.232341e-05
4.110000e-03	9.227441e-05
4.120000e-03	9.222541e-05
4.130000e-03	9.217640e-05
4.140000e-03	9.212740e-05
4.150000e-03	9.207840e-05
4.160000e-03	9.202939e-05
4.170000e-03	9.198039e-05
4.180000e-03	9.193139e-05
4.190000e-03	9.188239e-05
4.200000e-03	9.183338e-05
4.210000e-03	9.178438e-05
4.220000e-03	9.173538e-05
4.230000e-03	9.168637e-05
4.240000e-03	9.163737e-05
4.250000e-03	9.158837e-05
4.260000e-03	9.153937e-05
4.270000e-03	9.149036e-05
4.280000e-03	9.144136e-05
4.290000e-03	9.139236e-05
4.300000e-03	9.134335e-05
4.310000e-03	9.129435e-05
4.320000e-03	9.124535e-05
4.330000e-03	9.119634e-05
4.340000e-03	9.114734e-05
4.350000e-03	9.109834e-05
4.360000e-03	9.104934e-05
4.370000e-03	9.100033e-05
4.380000e-03	9.095133e-05
4.390000e-03	9.090233e-05
4.400000e-03	9.085332e-05
4.410000e-03	9.080432e-05
4.420000e-03	9.075532e-05
4.430000e-03	9.070632e-05
4.440000e-03	9.065731e-05
4.450000e-03	9.060831e-05
4.460000e-03	9.055931e-05
4.470000e-03	9.051030e-05
4.480000e-03	9.046130e-05
4.490000e-03	9.041230e-05
4.500000e-03	9.036330e-05
4.510000e-03	9.031429e-05
4.520000e-03	9.026529e-05
4.530000e-03	9.021629e-05
4.540000e-03	9.016728e-05
4.550000e-03	9.011828e-05
4.560000e-03	9.006928e-05
4.570000e-03	9.002027e-05
4.580000e-03	8.997127e-05
4.590000e-03	8.992227e-05
4.600000e-03	8.987327e-05
4.610000e-03	8.982426e-05
4.620000e-03	8.977526e-05
4.630000e-03	8.972626e-05
4.640000e-03	8.967725e-05
4.650000e-03	8.962825e-05
4.660000e-03	8.957925e-05
4.670000e-03	8.953025e-05
4.680000e-03	8.948124e-05
4.690000e-03	8.943224e-05
4.700000e-03	8.938324e-05
4.710000e-03	8.933423e-05
4.720000e-03	8.928523e-05
4.730000e-03	8.923623e-05
4.740000e-03	8.918722e-05
4.750000e-03	8.913822e-05
4.760000e-03	8.908922e-05
4.770000e-03	8.904022e-05
4.780000e-03	8.899121e-05
4.790000e-03	8.894221e-05
4.800000e-03	8.889321e-05
4.810000e-03	8.884420e-05
4.820000e-03	8.879520e-05
4.830000e-03	8.874620e-05
4.840000e-03	8.869720e-05
4.850000e-03	8.864819e-05
4.860000e-03	8.859919e-05
4.870000e-03	8.855019e-05
4.880000e-03	8.850118e-05
4.890000e-03	8.845218e-05
4.900000e-03	8.840318e-05
4.910000e-03	8.835418e-05
4.920000e-03	8.830517e-05
4.930000e-03	8.825617e-05
4.940000e-03	8.820717e-05
4.950000e-03	8.815816e-05
4.960000e-03	8.810916e-05
4.970000e-03	8.806016e-05
4.980000e-03	8.801115e-05
4.990000e-03	8.796215e-05
5.000000e-03	8.791315e-05
5.010000e-03	8.787982e-05
5.020000e-03	8.784649e-05
5.030000e-03	8.781316e-05
5.040000e-03	8.777984e-05
5.050000e-03	8.774651e-05
5.060000e-03	8.771318e-05
5.070000e-03	8.767985e-05
5.080000e-03	8.764652e-05
5.090000e-03	8.761319e-05
5.100000e-03	8.757987e-05
5.110000e-03	8.754654e-05
5.120000e-03	8.751321e-05
5.130000e-03	8.747988e-05
5.140000e-03	8.744655e-05
5.150000e-03	8.741322e-05
5.160000e-03	8.737990e-05
5.170000e-03	8.734657e-05
5.180000e-03	8.731324e-05
5.190000e-03	8.727991e-05
5.200000e-03	8.724658e-05
5.210000e-03	8.721325e-05
5.220000e-03	8.717993e-05
5.230000e-03	8.714660e-05
5.240000e-03	8.711327e-05
5.250000e-03	8.707994e-05
5.260000e-03	8.704661e-05
5.270000e-03	8.701328e-05
5.280000e-03	8.697995e-05
5.290000e-03	8.694663e-05
5.300000e-03	8.691330e-05
5.310000e-03	8.687997e-05
5.320000e-03	8.684664e-05
5.330000e-03	8.681331e-05
5.340000e-03	8.677998e-05
5.350000e-03	8.674666e-05
5.360000e-03	8.671333e-05
5.370000e-03	8.668000e-05
5.380000e-03	8.664667e-05
5.390000e-03	8.661334e-05
5.400000e-03	8.658001e-05
5.410000e-03	8.654669e-05
5.420000e-03	8.651336e-05
5.430000e-03	8.648003e-05
5.440000e-03	8.644670e-05
5.450000e-03	8.641337e-05
5.460000e-03	8.638004e-05
5.470000e-03	8.634672e-05
5.480000e-03	8.631339e-05
5.490000e-03	8.628006e-05
5.500000e-03	8.624673e-05
5.510000e-03	8.621340e-05
5.520000e-03	8.618007e-05
5.530000e-03	8.614675e-05
5.540000e-03	8.611342e-05
5.550000e-03	8.608009e-05
5.560000e-03	8.604676e-05
5.570000e-03	8.601343e-05
5.580000e-03	8.598010e-05
5.590000e-03	8.594678e-05
5.600000e-03	8.591345e-05
5.610000e-03	8.588012e-05
5.620000e-03	8.584679e-05
5.630000e-03	8.581346e-05
5.640000e-03	8.578013e-05
5.650000e-03	8.574681e-05
5.660000e-03	8.571348e-05
5.670000e-03	8.568015e-05
5.680000e-03	8.564682e-05
5.690000e-03	8.561349e-05
5.700000e-03	8.558016e-05
5.710000e-03	8.554684e-05
5.720000e-03	8.551351e-05
5.730000e-03	8.548018e-05
5.740000e-03	8.544685e-05
5.750000e-03	8.541352e-05
5.760000e-03	8.538019e-05
5.770000e-03	8.534687e-05
5.780000e-03	8.531354e-05
5.790000e-03	8.528021e-05
5.800000e-03	8.524688e-05
5.810000e-03	8.521355e-05
5.820000e-03	8.518022e-05
5.830000e-03	8.514690e-05
5.840000e-03	8.511357e-05
5.850000e-03	8.508024e-05
5.860000e-03	8.504691e-05
5.870000e-03	8.501358e-05
5.880000e-03	8.498025e-05
5.890000e-03	8.494693e-05
5.900000e-03	8.491360e-05
5.910000e-03	8.488027e-05
5.920000e-03	8.484694e-05
5.930000e-03	8.481361e-05
5.940000e-03	8.478028e-05
5.950000e-03	8.474696e-05
5.960000e-03	8.471363e-05
5.970000e-03	8.468030e-05
5.980000e-03	8.464697e-05
5.990000e-03	8.461364e-05
6.000000e-03	8.458031e-05
6.010000e-03	8.454699e-05
6.020000e-03	8.451366e-05
6.030000e-03	8.448033e-05
6.040000e-03	8.444700e-05
6.050000e-03	8.441367e-05
6.060000e-03	8.438034e-05
6.070000e-03	8.434701e-05
6.080000e-03	8.431369e-05
6.090000e-03	8.428036e-05
6.100000e-03	8.424703e-05
6.110000e-03	8.421370e-05
6.120000e-03	8.418037e-05
6.130000e-03	8.414704e-05
6.140000e-03	8.411372e-05
6.150000e-03	8.408039e-05
6.160000e-03	8.404706e-05
6.170000e-03	8.401373e-05
6.180000e-03	8.398040e-05
6.190000e-03	8.394707e-05
6.200000e-03	8.391375e-05
6.210000e-03	8.388042e-05
6.220000e-03	8.384709e-05
6.230000e-03	8.381376e-05
6.240000e-03	8.378043e-05
6.250000e-03	8.374710e-05
6.260000e-03	8.371378e-05
6.270000e-03	8.368045e-05
6.280000e-03	8.364712e-05
6.290000e-03	8.361379e-05
6.300000e-03	8.358046e-05
6.310000e-03	8.354713e-05
6.320000e-03	8.351381e-05
6.330000e-03	8.348048e-05
6.340000e-03	8.344715e-05
6.350000e-03	8.341382e-05
6.360000e-03	8.338049e-05
6.370000e-03	8.334716e-05
6.380000e-03	8.331384e-05
6.390000e-03	8.328051e-05
6.400000e-03	8.324718e-05
6.410000e-03	8.321385e-05
6.420000e-03	8.318052e-05
6.430000e-03	8.314719e-05
6.440000e-03	8.311387e-05
6.450000e-03	8.308054e-05
6.460000e-03	8.304721e-05
6.470000e-03	8.301388e-05
6.480000e-03	8.298055e-05
6.490000e-03	8.294722e-05
6.500000e-03	8.291390e-05
6.510000e-03	8.288057e-05
6.520000e-03	8.284724e-05
6.530000e-03	8.281391e-05
6.540000e-03	8.278058e-05
6.550000e-03	8.274725e-05
6.560000e-03	8.271393e-05
6.570000e-03	8.268060e-05
6.580000e-03	8.264727e-05
6.590000e-03	8.261394e-05
6.600000e-03	8.258061e-05
6.610000e-03	8.254728e-05
6.620000e-03	8.251396e-05
6.630000e-03	8.248063e-05
6.640000e-03	8.244730e-05
6.650000e-03	8.241397e-05
6.660000e-03	8.238064e-05
6.670000e-03	8.234731e-05
6.680000e-03	8.231399e-05
6.690000e-03	8.228066e-05
6.700000e-03	8.224733e-05
6.710000e-03	8.221400e-05
6.720000e-03	8.218067e-05
6.730000e-03	8.214734e-05
6.740000e-03	8.211402e-05
6.750000e-03	8.208069e-05
6.760000e-03	8.204736e-05
6.770000e-03	8.201403e-05
6.780000e-03	8.198070e-05
6.790000e-03	8.194737e-05
6.800000e-03	8.191405e-05
6.810000e-03	8.188072e-05
6.820000e-03	8.184739e-05
6.830000e-03	8.181406e-05
6.840000e-03	8.178073e-05
6.850000e-03	8.174740e-05
6.860000e-03	8.171408e-05
6.870000e-03	8.168075e-05
6.880000e-03	8.164742e-05
6.890000e-03	8.161409e-05
6.900000e-03	8.158076e-05
6.910000e-03	8.154743e-05
6.920000e-03	8.151410e-05
6.930000e-03	8.148078e-05
6.940000e-03	8.144745e-05
6.950000e-03	8.141412e-05
6.960000e-03	8.138079e-05
6.970000e-03	8.134746e-05
6.980000e-03	8.131413e-05
6.990000e-03	8.128081e-05
7.000000e-03	8.124748e-05
7.010000e-03	8.121415e-05
7.020000e-03	8.118082e-05
7.030000e-03	8.114749e-05
7.040000e-03	8.111416e-05
7.050000e-03	8.108084e-05
7.060000e-03	8.104751e-05
7.070000e-03	8.101418e-05
7.080000e-03	8.098085e-05
7.090000e-03	8.094752e-05
7.100000e-03	8.091419e-05
7.110000e-03	8.088087e-05
7.120000e-03	8.084754e-05
7.130000e-03	8.081421e-05
7.140000e-03	8.078088e-05
7.150000e-03	8.074755e-05
7.160000e-03	8.071422e-05
7.170000e-03	8.068090e-05
7.180000e-03	8.064757e-05
7.190000e-03	8.061424e-05
7.200000e-03	8.058091e-05
7.210000e-03	8.054758e-05
7.220000e-03	8.051425e-05
7.230000e-03	8.048093e-05
7.240000e-03	8.044760e-05
7.250000e-03	8.041427e-05
7.260000e-03	8.038094e-05
7.270000e-03	8.034761e-05
7.280000e-03	8.031428e-05
7.290000e-03	8.028096e-05
7.300000e-03	8.024763e-05
7.310000e-03	8.021430e-05
7.320000e-03	8.018097e-05
7.330000e-03	8.014764e-05
7.340000e-03	8.011431e-05
7.350000e-03	8.008099e-05
7.360000e-03	8.004766e-05
7.370000e-03	8.001433e-05
7.380000e-03	7.998100e-05
7.390000e-03	7.994767e-05
7.400000e-03	7.991434e-05
7.410000e-03	7.988102e-05
7.420000e-03	7.984769e-05
7.430000e-03	7.981436e-05
7.440000e-03	7.978103e-05
7.450000e-03	7.974770e-05
7.460000e-03	7.971437e-05
7.470000e-03	7.968105e-05
7.480000e-03	7.964772e-05
7.490000e-03	7.961439e-05
7.500000e-03	7.958106e-05
7.510000e-03	7.954773e-05
7.520000e-03	7.951440e-05
7.530000e-03	7.948108e-05
7.540000e-03	7.944775e-05
7.550000e-03	7.941442e-05
7.560000e-03	7.938109e-05
7.570000e-03	7.934776e-05
7.580000e-03	7.931443e-05
7.590000e-03	7.928111e-05
7.600000e-03	7.924778e-05
7.610000e-03	7.921445e-05
7.620000e-03	7.918112e-05
7.630000e-03	7.914779e-05
7.640000e-03	7.911446e-05
7.650000e-03	7.908114e-05
7.660000e-03	7.904781e-05
7.670000e-03	7.901448e-05
7.680000e-03	7.898115e-05
7.690000e-03	7.894782e-05
7.700000e-03	7.891449e-05
7.710000e-03	7.888116e-05
7.720000e-03	7.884784e-05
7.730000e-03	7.881451e-05
7.740000e-03	7.878118e-05
7.750000e-03	7.874785e-05
7.760000e-03	7.871452e-05
7.770000e-03	7.868119e-05
7.780000e-03	7.864787e-05
7.790000e-03	7.861454e-05
7.800000e-03	7.858121e-05
7.810000e-03	7.854788e-05
7.820000e-03	7.851455e-05
7.830000e-03	7.848122e-05
7.840000e-03	7.844790e-05
7.850000e-03	7.841457e-05
7.860000e-03	7.838124e-05
7.870000e-03	7.834791e-05
7.880000e-03	7.831458e-05
7.890000e-03	7.828125e-05
7.900000e-03	7.824793e-05
7.910000e-03	7.821460e-05
7.920000e-03	7.818127e-05
7.930000e-03	7.814794e-05
7.940000e-03	7.811461e-05
7.950000e-03	7.808128e-05
7.960000e-03	7.804796e-05
7.970000e-03	7.801463e-05
7.980000e-03	7.798130e-05
7.990000e-03	7.794797e-05
8.000000e-03	7.791464e-05
8.010000e-03	7.788131e-05
8.020000e-03	7.784799e-05
8.030000e-03	7.781466e-05
8.040000e-03	7.778133e-05
8.050000e-03	7.774800e-05
8.060000e-03	7.771467e-05
8.070000e-03	7.768134e-05
8.080000e-03	7.764802e-05
8.090000e-03	7.761469e-05
8.100000e-03	7.758136e-05
8.110000e-03	7.754803e-05
8.120000e-03	7.751470e-05
8.130000e-03	7.748137e-05
8.140000e-03	7.744805e-05
8.150000e-03	7.741472e-05
8.160000e-03	7.738139e-05
8.170000e-03	7.734806e-05
8.180000e-03	7.731473e-05
8.190000e-03	7.728140e-05
8.200000e-03	7.724808e-05
8.210000e-03	7.721475e-05
8.220000e-03	7.718142e-05
8.230000e-03	7.714809e-05
8.240000e-03	7.711476e-05
8.250000e-03	7.708143e-05
8.260000e-03	7.704811e-05
8.270000e-03	7.701478e-05
8.280000e-03	7.698145e-05
8.290000e-03	7.694812e-05
8.300000e-03	7.691479e-05
8.310000e-03	7.688146e-05
8.320000e-03	7.684814e-05
8.330000e-03	7.681481e-05
8.340000e-03	7.678148e-05
8.350000e-03	7.674815e-05
8.360000e-03	7.671482e-05
8.370000e-03	7.668149e-05
8.380000e-03	7.664817e-05
8.390000e-03	7.661484e-05
8.400000e-03	7.658151e-05
8.410000e-03	7.654818e-05
8.420000e-03	7.651485e-05
8.430000e-03	7.648152e-05
8.440000e-03	7.644820e-05
8.450000e-03	7.641487e-05
8.460000e-03	7.638154e-05
8.470000e-03	7.634821e-05
8.480000e-03	7.631488e-05
8.490000e-03	7.628155e-05
8.500000e-03	7.624823e-05
8.510000e-03	7.621490e-05
8.520000e-03	7.618157e-05
8.530000e-03	7.614824e-05
8.540000e-03	7.611491e-05
8.550000e-03	7.608158e-05
8.560000e-03	7.604825e-05
8.570000e-03	7.601493e-05
8.580000e-03	7.598160e-05
8.590000e-03	7.594827e-05
8.600000e-03	7.591494e-05
8.610000e-03	7.588161e-05
8.620000e-03	7.584828e-05
8.630000e-03	7.581496e-05
8.640000e-03	7.578163e-05
8.650000e-03	7.574830e-05
8.660000e-03	7.571497e-05
8.670000e-03	7.568164e-05
8.680000e-03	7.564831e-05
8.690000e-03	7.561499e-05
8.700000e-03	7.558166e-05
8.710000e-03	7.554833e-05
8.720000e-03	7.551500e-05
8.730000e-03	7.548167e-05
8.740000e-03	7.544834e-05
8.750000e-03	7.541502e-05
8.760000e-03	7.538169e-05
8.770000e-03	7.534836e-05
8.780000e-03	7.531503e-05
8.790000e-03	7.528170e-05
8.800000e-03	7.524837e-05
8.810000e-03	7.521505e-05
8.820000e-03	7.518172e-05
8.830000e-03	7.514839e-05
8.840000e-03	7.511506e-05
8.850000e-03	7.508173e-05
8.860000e-03	7.504840e-05
8.870000e-03	7.501508e-05
8.880000e-03	7.498175e-05
8.890000e-03	7.494842e-05
8.900000e-03	7.491509e-05
8.910000e-03	7.488176e-05
8.920000e-03	7.484843e-05
8.930000e-03	7.481511e-05
8.940000e-03	7.478178e-05
8.950000e-03	7.474845e-05
8.960000e-03	7.471512e-05
8.970000e-03	7.468179e-05
8.980000e-03	7.464846e-05
8.990000e-03	7.461514e-05
9.000000e-03	7.458181e-05
9.010000e-03	7.454848e-05
9.020000e-03	7.451515e-05
9.030000e-03	7.448182e-05
9.040000e-03	7.444849e-05
9.050000e-03	7.441517e-05
9.060000e-03	7.438184e-05
9.070000e-03	7.434851e-05
9.080000e-03	7.431518e-05
9.090000e-03	7.428185e-05
9.100000e-03	7.424852e-05
9.110000e-03	7.421520e-05
9.120000e-03	7.418187e-05
9.130000e-03	7.414854e-05
9.140000e-03	7.411521e-05
9.150000e-03	7.408188e-05
9.160000e-03	7.404855e-05
9.170000e-03	7.401523e-05
9.180000e-03	7.398190e-05
9.190000e-03	7.394857e-05
9.200000e-03	7.391524e-05
9.210000e-03	7.388191e-05
9.220000e-03	7.384858e-05
9.230000e-03	7.381526e-05
9.240000e-03	7.378193e-05
9.250000e-03	7.374860e-05
9.260000e-03	7.371527e-05
9.270000e-03	7.368194e-05
9.280000e-03	7.364861e-05
9.290000e-03	7.361529e-05
9.300000e-03	7.358196e-05
9.310000e-03	7.354863e-05
9.320000e-03	7.351530e-05
9.330000e-03	7.348197e-05
9.340000e-03	7.344864e-05
9.350000e-03	7.341532e-05
9.360000e-03	7.338199e-05
9.370000e-03	7.334866e-05
9.380000e-03	7.331533e-05
9.390000e-03	7.328200e-05
9.400000e-03	7.324867e-05
9.410000e-03	7.321534e-05
9.420000e-03	7.318202e-05
9.430000e-03	7.314869e-05
9.440000e-03	7.311536e-05
9.450000e-03	7.308203e-05
9.460000e-03	7.304870e-05
9.470000e-03	7.301537e-05
9.480000e-03	7.298205e-05
9.490000e-03	7.294872e-05
9.500000e-03	7.291539e-05
9.510000e-03	7.288206e-05
9.520000e-03	7.284873e-05
9.530000e-03	7.281540e-05
9.540000e-03	7.278208e-05
9.550000e-03	7.274875e-05
9.560000e-03	7.271542e-05
9.570000e-03	7.268209e-05
9.580000e-03	7.264876e-05
9.590000e-03	7.261543e-05
9.600000e-03	7.258211e-05
9.610000e-03	7.254878e-05
9.620000e-03	7.251545e-05
9.630000e-03	7.248212e-05
9.640000e-03	7.244879e-05
9.650000e-03	7.241546e-05
9.660000e-03	7.238214e-05
9.670000e-03	7.234881e-05
9.680000e-03	7.231548e-05
9.690000e-03	7.228215e-05
9.700000e-03	7.224882e-05
9.710000e-03	7.221549e-05
9.720000e-03	7.218217e-05
9.730000e-03	7.214884e-05
9.740000e-03	7.211551e-05
9.750000e-03	7.208218e-05
9.760000e-03	7.204885e-05
9.770000e-03	7.201552e-05
9.780000e-03	7.198220e-05
9.790000e-03	7.194887e-05
9.800000e-03	7.191554e-05
9.810000e-03	7.188221e-05
9.820000e-03	7.184888e-05
9.830000e-03	7.181555e-05
9.840000e-03	7.178223e-05
9.850000e-03	7.174890e-05
9.860000e-03	7.171557e-05
9.870000e-03	7.168224e-05
9.880000e-03	7.164891e-05
9.890000e-03	7.161558e-05
9.900000e-03	7.158226e-05
9.910000e-03	7.154893e-05
9.920000e-03	7.151560e-05
9.930000e-03	7.148227e-05
9.940000e-03	7.144894e-05
9.950000e-03	7.141561e-05
9.960000e-03	7.138229e-05
9.970000e-03	7.134896e-05
9.980000e-03	7.131563e-05
9.990000e-03	7.128230e-05
1.000000e-02	7.124897e-05
1.001000e-02	7.121564e-05
1.002000e-02	7.118232e-05
1.003000e-02	7.114899e-05
1.004000e-02	7.111566e-05
1.005000e-02	7.108233e-05
1.006000e-02	7.104900e-05
1.007000e-02	7.101567e-05
1.008000e-02	7.098235e-05
1.009000e-02	7.094902e-05
1.010000e-02	7.091569e-05
1.011000e-02	7.088236e-05
1.012000e-02	7.084903e-05
1.013000e-02	7.081570e-05
1.014000e-02	7.078238e-05
1.015000e-02	7.074905e-05
1.016000e-02	7.071572e-05
1.017000e-02	7.068239e-05
1.018000e-02	7.064906e-05
1.019000e-02	7.061573e-05
1.020000e-02	7.058240e-05
1.021000e-02	7.054908e-05
1.022000e-02	7.051575e-05
1.023000e-02	7.048242e-05
1.024000e-02	7.044909e-05
1.025000e-02	7.041576e-05
1.026000e-02	7.038243e-05
1.027000e-02	7.034911e-05
1.028000e-02	7.031578e-05
1.029000e-02	7.028245e-05
1.030000e-02	7.024912e-05
1.031000e-02	7.021579e-05
1.032000e-02	7.018246e-05
1.033000e-02	7.014914e-05
1.034000e-02	7.011581e-05
1.035000e-02	7.008248e-05
1.036000e-02	7.004915e-05
1.037000e-02	7.001582e-05
1.038000e-02	6.998249e-05
1.039000e-02	6.994917e-05
1.040000e-02	6.991584e-05
1.041000e-02	6.988251e-05
1.042000e-02	6.984918e-05
1.043000e-02	6.981585e-05
1.044000e-02	6.978252e-05
1.045000e-02	6.974920e-05
1.046000e-02	6.971587e-05
1.047000e-02	6.968254e-05
1.048000e-02	6.964921e-05
1.049000e-02	6.961588e-05
1.050000e-02	6.958255e-05
1.051000e-02	6.954923e-05
1.052000e-02	6.951590e-05
1.053000e-02	6.948257e-05
1.054000e-02	6.944924e-05
1.055000e-02	6.941591e-05
1.056000e-02	6.938258e-05
1.057000e-02	6.934926e-05
1.058000e-02	6.931593e-05
1.059000e-02	6.928260e-05
1.060000e-02	6.924927e-05
1.061000e-02	6.921594e-05
1.062000e-02	6.918261e-05
1.063000e-02	6.914929e-05
1.064000e-02	6.911596e-05
1.065000e-02	6.908263e-05
1.066000e-02	6.904930e-05
1.067000e-02	6.901597e-05
1.068000e-02	6.898264e-05
1.069000e-02	6.894932e-05
1.070000e-02	6.891599e-05
1.071000e-02	6.888266e-05
1.072000e-02	6.884933e-05
1.073000e-02	6.881600e-05
1.074000e-02	6.878267e-05
1.075000e-02	6.874935e-05
1.076000e-02	6.871602e-05
1.077000e-02	6.868269e-05
1.078000e-02	6.864936e-05
1.079000e-02	6.861603e-05
1.080000e-02	6.858270e-05
1.081000e-02	6.854938e-05
1.082000e-02	6.851605e-05
1.083000e-02	6.848272e-05
1.084000e-02	6.844939e-05
1.085000e-02	6.841606e-05
1.086000e-02	6.838273e-05
1.087000e-02	6.834941e-05
1.088000e-02	6.831608e-05
1.089000e-02	6.828275e-05
1.090000e-02	6.824942e-05
1.091000e-02	6.821609e-05
1.092000e-02	6.818276e-05
1.093000e-02	6.814944e-05
1.094000e-02	6.811611e-05
1.095000e-02	6.808278e-05
1.096000e-02	6.804945e-05
1.097000e-02	6.801612e-05
1.098000e-02	6.798279e-05
1.099000e-02	6.794947e-05
1.100000e-02	6.791614e-05
1.101000e-02	6.788281e-05
1.102000e-02	6.784948e-05
1.103000e-02	6.781615e-05
1.104000e-02	6.778282e-05
1.105000e-02	6.774949e-05
1.106000e-02	6.771617e-05
1.107000e-02	6.768284e-05
1.108000e-02	6.764951e-05
1.109000e-02	6.761618e-05
1.110000e-02	6.758285e-05
1.111000e-02	6.754952e-05
1.112000e-02	6.751620e-05
1.113000e-02	6.748287e-05
1.114000e-02	6.744954e-05
1.115000e-02	6.741621e-05
1.116000e-02	6.738288e-05
1.117000e-02	6.734955e-05
1.118000e-02	6.731623e-05
1.119000e-02	6.728290e-05
1.120000e-02	6.724957e-05
1.121000e-02	6.721624e-05
1.122000e-02	6.718291e-05
1.123000e-02	6.714958e-05
1.124000e-02	6.711626e-05
1.125000e-02	6.708293e-05
1.126000e-02	6.704960e-05
1.127000e-02	6.701627e-05
1.128000e-02	6.698294e-05
1.129000e-02	6.694961e-05
1.130000e-02	6.691629e-05
1.131000e-02	6.688296e-05
1.132000e-02	6.684963e-05
1.133000e-02	6.681630e-05
1.134000e-02	6.678297e-05
1.135000e-02	6.674964e-05
1.136000e-02	6.671632e-05
1.137000e-02	6.668299e-05
1.138000e-02	6.664966e-05
1.139000e-02	6.661633e-05
1.140000e-02	6.658300e-05
1.141000e-02	6.654967e-05
1.142000e-02	6.651635e-05
1.143000e-02	6.648302e-05
1.144000e-02	6.644969e-05
1.145000e-02	6.641636e-05
1.146000e-02	6.638303e-05
1.147000e-02	6.634970e-05
1.148000e-02	6.631638e-05
1.149000e-02	6.628305e-05
1.150000e-02	6.624972e-05
1.151000e-02	6.621639e-05
1.152000e-02	6.618306e-05
1.153000e-02	6.614973e-05
1.154000e-02	6.611641e-05
1.155000e-02	6.608308e-05
1.156000e-02	6.604975e-05
1.157000e-02	6.601642e-05
1.158000e-02	6.598309e-05
1.159000e-02	6.594976e-05
1.160000e-02	6.591644e-05
1.161000e-02	6.588311e-05
1.162000e-02	6.584978e-05
1.163000e-02	6.581645e-05
1.164000e-02	6.578312e-05
1.165000e-02	6.574979e-05
1.166000e-02	6.571647e-05
1.167000e-02	6.568314e-05
1.168000e-02	6.564981e-05
1.169000e-02	6.561648e-05
1.170000e-02	6.558315e-05
1.171000e-02	6.554982e-05
1.172000e-02	6.551650e-05
1.173000e-02	6.548317e-05
1.174000e-02	6.544984e-05
1.175000e-02	6.541651e-05
1.176000e-02	6.538318e-05
1.177000e-02	6.534985e-05
1.178000e-02	6.531653e-05
1.179000e-02	6.528320e-05
1.180000e-02	6.524987e-05
1.181000e-02	6.521654e-05
1.182000e-02	6.518321e-05
1.183000e-02	6.514988e-05
1.184000e-02	6.511656e-05
1.185000e-02	6.508323e-05
1.186000e-02	6.504990e-05
1.187000e-02	6.501657e-05
1.188000e-02	6.498324e-05
1.189000e-02	6.494991e-05
1.190000e-02	6.491658e-05
1.191000e-02	6.488326e-05
1.192000e-02	6.484993e-05
1.193000e-02	6.481660e-05
1.194000e-02	6.478327e-05
1.195000e-02	6.474994e-05
1.196000e-02	6.471661e-05
1.197000e-02	6.468329e-05
1.198000e-02	6.464996e-05
1.199000e-02	6.461663e-05
1.200000e-02	6.458330e-05
1.201000e-02	6.454997e-05
1.202000e-02	6.451664e-05
1.203000e-02	6.448332e-05
1.204000e-02	6.444999e-05
1.205000e-02	6.441666e-05
1.206000e-02	6.438333e-05
1.207000e-02	6.435000e-05
1.208000e-02	6.431667e-05
1.209000e-02	6.428335e-05
1.210000e-02	6.425002e-05
1.211000e-02	6.421669e-05
1.212000e-02	6.418336e-05
1.213000e-02	6.415003e-05
1.214000e-02	6.411670e-05
1.215000e-02	6.408338e-05
1.216000e-02	6.405005e-05
1.217000e-02	6.401672e-05
1.218000e-02	6.398339e-05
1.219000e-02	6.395006e-05
1.220000e-02	6.391673e-05
1.221000e-02	6.388341e-05
1.222000e-02	6.385008e-05
1.223000e-02	6.381675e-05
1.224000e-02	6.378342e-05
1.225000e-02	6.375009e-05
1.226000e-02	6.371676e-05
1.227000e-02	6.368344e-05
1.228000e-02	6.365011e-05
1.229000e-02	6.361678e-05
1.230000e-02	6.358345e-05
1.231000e-02	6.355012e-05
1.232000e-02	6.351679e-05
1.233000e-02	6.348347e-05
1.234000e-02	6.345014e-05
1.235000e-02	6.341681e-05
1.236000e-02	6.338348e-05
1.237000e-02	6.335015e-05
1.238000e-02	6.331682e-05
1.239000e-02	6.328350e-05
1.240000e-02	6.325017e-05
1.241000e-02	6.321684e-05
1.242000e-02	6.318351e-05
1.243000e-02	6.315018e-05
1.244000e-02	6.311685e-05
1.245000e-02	6.308353e-05
1.246000e-02	6.305020e-05
1.247000e-02	6.301687e-05
1.248000e-02	6.298354e-05
1.249000e-02	6.295021e-05
1.250000e-02	6.291688e-05
1.251000e-02	6.288356e-05
1.252000e-02	6.285023e-05
1.253000e-02	6.281690e-05
1.254000e-02	6.278357e-05
1.255000e-02	6.275024e-05
1.256000e-02	6.271691e-05
1.257000e-02	6.268359e-05
1.258000e-02	6.265026e-05
1.259000e-02	6.261693e-05
1.260000e-02	6.258360e-05
1.261000e-02	6.255027e-05
1.262000e-02	6.251694e-05
1.263000e-02	6.248362e-05
1.264000e-02	6.245029e-05
1.265000e-02	6.241696e-05
1.266000e-02	6.238363e-05
1.267000e-02	6.235030e-05
1.268000e-02	6.231697e-05
1.269000e-02	6.228364e-05
1.270000e-02	6.225032e-05
1.271000e-02	6.221699e-05
1.272000e-02	6.218366e-05
1.273000e-02	6.215033e-05
1.274000e-02	6.211700e-05
1.275000e-02	6.208367e-05
1.276000e-02	6.205035e-05
1.277000e-02	6.201702e-05
1.278000e-02	6.198369e-05
1.279000e-02	6.195036e-05
1.280000e-02	6.191703e-05
1.281000e-02	6.188370e-05
1.282000e-02	6.185038e-05
1.283000e-02	6.181705e-05
1.284000e-02	6.178372e-05
1.285000e-02	6.175039e-05
1.286000e-02	6.171706e-05
1.287000e-02	6.168373e-05
1.288000e-02	6.165041e-05
1.289000e-02	6.161708e-05
1.290000e-02	6.158375e-05
1.291000e-02	6.155042e-05
1.292000e-02	6.151709e-05
1.293000e-02	6.148376e-05
1.294000e-02	6.145044e-05
1.295000e-02	6.141711e-05
1.296000e-02	6.138378e-05
1.297000e-02	6.135045e-05
1.298000e-02	6.131712e-05
1.299000e-02	6.128379e-05
1.300000e-02	6.125047e-05
1.301000e-02	6.121714e-05
1.302000e-02	6.118381e-05
1.303000e-02	6.115048e-05
1.304000e-02	6.111715e-05
1.305000e-02	6.108382e-05
1.306000e-02	6.105050e-05
1.307000e-02	6.101717e-05
1.308000e-02	6.098384e-05
1.309000e-02	6.095051e-05
1.310000e-02	6.091718e-05
1.311000e-02	6.088385e-05
1.312000e-02	6.085053e-05
1.313000e-02	6.081720e-05
1.314000e-02	6.078387e-05
1.315000e-02	6.075054e-05
1.316000e-02	6.071721e-05
1.317000e-02	6.068388e-05
1.318000e-02	6.065056e-05
1.319000e-02	6.061723e-05
1.320000e-02	6.058390e-05
1.321000e-02	6.055057e-05
1.322000e-02	6.051724e-05
1.323000e-02	6.048391e-05
1.324000e-02	6.045059e-05
1.325000e-02	6.041726e-05
1.326000e-02	6.040866e-05
1.327000e-02	6.040007e-05
1.328000e-02	6.039147e-05
1.329000e-02	6.038288e-05
1.330000e-02	6.037429e-05
1.331000e-02	6.036569e-05
1.332000e-02	6.035710e-05
1.333000e-02	6.034850e-05
1.334000e-02	6.033991e-05
1.335000e-02	6.033132e-05
1.336000e-02	6.032272e-05
1.337000e-02	6.031413e-05
1.338000e-02	6.030553e-05
1.339000e-02	6.029694e-05
1.340000e-02	6.028834e-05
1.341000e-02	6.027975e-05
1.342000e-02	6.027116e-05
1.343000e-02	6.026256e-05
1.344000e-02	6.025397e-05
1.345000e-02	6.024537e-05
1.346000e-02	6.023678e-05
1.347000e-02	6.022819e-05
1.348000e-02	6.021959e-05
1.349000e-02	6.021100e-05
1.350000e-02	6.020240e-05
1.351000e-02	6.019381e-05
1.352000e-02	6.018521e-05
1.353000e-02	6.017662e-05
1.354000e-02	6.016803e-05
1.355000e-02	6.015943e-05
1.356000e-02	6.015084e-05
1.357000e-02	6.014224e-05
1.358000e-02	6.013365e-05
1.359000e-02	6.012506e-05
1.360000e-02	6.011646e-05
1.361000e-02	6.010787e-05
1.362000e-02	6.009927e-05
1.363000e-02	6.009068e-05
1.364000e-02	6.008209e-05
1.365000e-02	6.007349e-05
1.366000e-02	6.006490e-05
1.367000e-02	6.005630e-05
1.368000e-02	6.004771e-05
1.369000e-02	6.003911e-05
1.370000e-02	6.003052e-05
1.371000e-02	6.002193e-05
1.372000e-02	6.001333e-05
1.373000e-02	6.000474e-05
1.374000e-02	5.999614e-05
1.375000e-02	5.998755e-05
1.376000e-02	5.997896e-05
1.377000e-02	5.997036e-05
1.378000e-02	5.996177e-05
1.379000e-02	5.995317e-05
1.380000e-02	5.994458e-05
1.381000e-02	5.993598e-05
1.382000e-02	5.992739e-05
1.383000e-02	5.991880e-05
1.384000e-02	5.991020e-05
1.385000e-02	5.990161e-05
1.386000e-02	5.989301e-05
1.387000e-02	5.988442e-05
1.388000e-02	5.987583e-05
1.389000e-02	5.986723e-05
1.390000e-02	5.985864e-05
1.391000e-02	5.985004e-05
1.392000e-02	5.984145e-05
1.393000e-02	5.983285e-05
1.394000e-02	5.982426e-05
1.395000e-02	5.981567e-05
1.396000e-02	5.980707e-05
1.397000e-02	5.979848e-05
1.398000e-02	5.978988e-05
1.399000e-02	5.978129e-05
1.400000e-02	5.977270e-05
1.401000e-02	5.976410e-05
1.402000e-02	5.975551e-05
1.403000e-02	5.974691e-05
1.404000e-02	5.973832e-05
1.405000e-02	5.972972e-05
1.406000e-02	5.972113e-05
1.407000e-02	5.971254e-05
1.408000e-02	5.970394e-05
1.409000e-02	5.969535e-05
1.410000e-02	5.968675e-05
1.411000e-02	5.967816e-05
1.412000e-02	5.966957e-05
1.413000e-02	5.966097e-05
1.414000e-02	5.965238e-05
1.415000e-02	5.964378e-05
1.416000e-02	5.963519e-05
1.417000e-02	5.962659e-05
1.418000e-02	5.961800e-05
1.419000e-02	5.960941e-05
1.420000e-02	5.960081e-05
1.421000e-02	5.959222e-05
1.422000e-02	5.958362e-05
1.423000e-02	5.957503e-05
1.424000e-02	5.956644e-05
1.425000e-02	5.955784e-05
1.426000e-02	5.955629e-05
1.427000e-02	5.955473e-05
1.428000e-02	5.955317e-05
1.429000e-02	5.955162e-05
1.430000e-02	5.955006e-05
1.431000e-02	5.954850e-05
1.432000e-02	5.954695e-05
1.433000e-02	5.954539e-05
1.434000e-02	5.954384e-05
1.435000e-02	5.954228e-05
1.436000e-02	5.954072e-05
1.437000e-02	5.953917e-05
1.438000e-02	5.953761e-05
1.439000e-02	5.953605e-05
1.440000e-02	5.953450e-05
1.441000e-02	5.953294e-05
1.442000e-02	5.953139e-05
1.443000e-02	5.952983e-05
1.444000e-02	5.952827e-05
1.445000e-02	5.952672e-05
1.446000e-02	5.952516e-05
1.447000e-02	5.952360e-05
1.448000e-02	5.952205e-05
1.449000e-02	5.952049e-05
1.450000e-02	5.951894e-05
1.451000e-02	5.951738e-05
1.452000e-02	5.951582e-05
1.453000e-02	5.951427e-05
1.454000e-02	5.951271e-05
1.455000e-02	5.951115e-05
1.456000e-02	5.950960e-05
1.457000e-02	5.950804e-05
1.458000e-02	5.950648e-05
1.459000e-02	5.950493e-05
1.460000e-02	5.950337e-05
1.461000e-02	5.950182e-05
1.462000e-02	5.950026e-05
1.463000e-02	5.949870e-05
1.464000e-02	5.949715e-05
1.465000e-02	5.949559e-05
1.466000e-02	5.949403e-05
1.467000e-02	5.949248e-05
1.468000e-02	5.949092e-05
1.469000e-02	5.948937e-05
1.470000e-02	5.948781e-05
1.471000e-02	5.948625e-05
1.472000e-02	5.948470e-05
1.473000e-02	5.948314e-05
1.474000e-02	5.948158e-05
1.475000e-02	5.948003e-05
1.476000e-02	5.947847e-05
1.477000e-02	5.947692e-05
1.478000e-02	5.947536e-05
1.479000e-02	5.947380e-05
1.480000e-02	5.947225e-05
1.481000e-02	5.947069e-05
1.482000e-02	5.946913e-05
1.483000e-02	5.946758e-05
1.484000e-02	5.946602e-05
1.485000e-02	5.946447e-05
1.486000e-02	5.946291e-05
1.487000e-02	5.946135e-05
1.488000e-02	5.945980e-05
1.489000e-02	5.945824e-05
1.490000e-02	5.945668e-05
1.491000e-02	5.945513e-05
1.492000e-02	5.945357e-05
1.493000e-02	5.945202e-05
1.494000e-02	5.945046e-05
1.495000e-02	5.944890e-05
1.496000e-02	5.944735e-05
1.497000e-02	5.944579e-05
1.498000e-02	5.944423e-05
1.499000e-02	5.944268e-05
1.500000e-02	5.944112e-05
1.501000e-02	5.943957e-05
1.502000e-02	5.943801e-05
1.503000e-02	5.943645e-05
1.504000e-02	5.943490e-05
1.505000e-02	5.943334e-05
1.506000e-02	5.943178e-05
1.507000e-02	5.943023e-05
1.508000e-02	5.942867e-05
1.509000e-02	5.942712e-05
1.510000e-02	5.942556e-05
1.511000e-02	5.942400e-05
1.512000e-02	5.942245e-05
1.513000e-02	5.942089e-05
1.514000e-02	5.941933e-05
1.515000e-02	5.941778e-05
1.516000e-02	5.941622e-05
1.517000e-02	5.941467e-05
1.518000e-02	5.941311e-05
1.519000e-02	5.941155e-05
1.520000e-02	5.941000e-05
1.521000e-02	5.940844e-05
1.522000e-02	5.940688e-05
1.523000e-02	5.940533e-05
1.524000e-02	5.940377e-05
1.525000e-02	5.940222e-05
1.526000e-02	5.940775e-05
1.527000e-02	5.941329e-05
1.528000e-02	5.941882e-05
1.529000e-02	5.942436e-05
1.530000e-02	5.942990e-05
1.531000e-02	5.943543e-05
1.532000e-02	5.944097e-05
1.533000e-02	5.944651e-05
1.534000e-02	5.945204e-05
1.535000e-02	5.945758e-05
1.536000e-02	5.946312e-05
1.537000e-02	5.946865e-05
1.538000e-02	5.947419e-05
1.539000e-02	5.947973e-05
1.540000e-02	5.948526e-05
1.541000e-02	5.949080e-05
1.542000e-02	5.949633e-05
1.543000e-02	5.950187e-05
1.544000e-02	5.950741e-05
1.545000e-02	5.951294e-05
1.546000e-02	5.951848e-05
1.547000e-02	5.952402e-05
1.548000e-02	5.952955e-05
1.549000e-02	5.953509e-05
1.550000e-02	5.954063e-05
1.551000e-02	5.954616e-05
1.552000e-02	5.955170e-05
1.553000e-02	5.955724e-05
1.554000e-02	5.956277e-05
1.555000e-02	5.956831e-05
1.556000e-02	5.957384e-05
1.557000e-02	5.957938e-05
1.558000e-02	5.958492e-05
1.559000e-02	5.959045e-05
1.560000e-02	5.959599e-05
1.561000e-02	5.960153e-05
1.562000e-02	5.960706e-05
1.563000e-02	5.961260e-05
1.564000e-02	5.961814e-05
1.565000e-02	5.962367e-05
1.566000e-02	5.962921e-05
1.567000e-02	5.963475e-05
1.568000e-02	5.964028e-05
1.569000e-02	5.964582e-05
1.570000e-02	5.965135e-05
1.571000e-02	5.965689e-05
1.572000e-02	5.966243e-05
1.573000e-02	5.966796e-05
1.574000e-02	5.967350e-05
1.575000e-02	5.967904e-05
1.576000e-02	5.968457e-05
1.577000e-02	5.969011e-05
1.578000e-02	5.969565e-05
1.579000e-02	5.970118e-05
1.580000e-02	5.970672e-05
1.581000e-02	5.971226e-05
1.582000e-02	5.971779e-05
1.583000e-02	5.972333e-05
1.584000e-02	5.972886e-05
1.585000e-02	5.973440e-05
1.586000e-02	5.973994e-05
1.587000e-02	5.974547e-05
1.588000e-02	5.975101e-05
1.589000e-02	5.975655e-05
1.590000e-02	5.976208e-05
1.591000e-02	5.976762e-05
1.592000e-02	5.977316e-05
1.593000e-02	5.977869e-05
1.594000e-02	5.978423e-05
1.595000e-02	5.978977e-05
1.596000e-02	5.979530e-05
1.597000e-02	5.980084e-05
1.598000e-02	5.980637e-05
1.599000e-02	5.981191e-05
1.600000e-02	5.981745e-05
1.601000e-02	5.982298e-05
1.602000e-02	5.982852e-05
1.603000e-02	5.983406e-05
1.604000e-02	5.983959e-05
1.605000e-02	5.984513e-05
1.606000e-02	5.985067e-05
1.607000e-02	5.985620e-05
1.608000e-02	5.986174e-05
1.609000e-02	5.986728e-05
1.610000e-02	5.987281e-05
1.611000e-02	5.987835e-05
1.612000e-02	5.988388e-05
1.613000e-02	5.988942e-05
1.614000e-02	5.989496e-05
1.615000e-02	5.990049e-05
1.616000e-02	5.990603e-05
1.617000e-02	5.991157e-05
1.618000e-02	5.991710e-05
1.619000e-02	5.992264e-05
1.620000e-02	5.992818e-05
1.621000e-02	5.993371e-05
1.622000e-02	5.993925e-05
1.623000e-02	5.994479e-05
1.624000e-02	5.995032e-05
1.625000e-02	5.995586e-05
1.626000e-02	5.996829e-05
1.627000e-02	5.998073e-05
1.628000e-02	5.999317e-05
1.629000e-02	6.000560e-05
1.630000e-02	6.001804e-05
1.631000e-02	6.003048e-05
1.632000e-02	6.004291e-05
1.633000e-02	6.005535e-05
1.634000e-02	6.006779e-05
1.635000e-02	6.008022e-05
1.636000e-02	6.009266e-05
1.637000e-02	6.010510e-05
1.638000e-02	6.011753e-05
1.639000e-02	6.012997e-05
1.640000e-02	6.014241e-05
1.641000e-02	6.015484e-05
1.642000e-02	6.016728e-05
1.643000e-02	6.017972e-05
1.644000e-02	6.019215e-05
1.645000e-02	6.020459e-05
1.646000e-02	6.021703e-05
1.647000e-02	6.022946e-05
1.648000e-02	6.024190e-05
1.649000e-02	6.025434e-05
1.650000e-02	6.026677e-05
1.651000e-02	6.027921e-05
1.652000e-02	6.029165e-05
1.653000e-02	6.030408e-05
1.654000e-02	6.031652e-05
1.655000e-02	6.032896e-05
1.656000e-02	6.034139e-05
1.657000e-02	6.035383e-05
1.658000e-02	6.036627e-05
1.659000e-02	6.037870e-05
1.660000e-02	6.039114e-05
1.661000e-02	6.040358e-05
1.662000e-02	6.041601e-05
1.663000e-02	6.042845e-05
1.664000e-02	6.044089e-05
1.665000e-02	6.045332e-05
1.666000e-02	6.046576e-05
1.667000e-02	6.047820e-05
1.668000e-02	6.049063e-05
1.669000e-02	6.050307e-05
1.670000e-02	6.051551e-05
1.671000e-02	6.052794e-05
1.672000e-02	6.054038e-05
1.673000e-02	6.055282e-05
1.674000e-02	6.056525e-05
1.675000e-02	6.057769e-05
1.676000e-02	6.059013e-05
1.677000e-02	6.060256e-05
1.678000e-02	6.061500e-05
1.679000e-02	6.062744e-05
1.680000e-02	6.063987e-05
1.681000e-02	6.065231e-05
1.682000e-02	6.066475e-05
1.683000e-02	6.067718e-05
1.684000e-02	6.068962e-05
1.685000e-02	6.070206e-05
1.686000e-02	6.071449e-05
1.687000e-02	6.072693e-05
1.688000e-02	6.073937e-05
1.689000e-02	6.075180e-05
1.690000e-02	6.076424e-05
1.691000e-02	6.077668e-05
1.692000e-02	6.078911e-05
1.693000e-02	6.080155e-05
1.694000e-02	6.081399e-05
1.695000e-02	6.082642e-05
1.696000e-02	6.083886e-05
1.697000e-02	6.085130e-05
1.698000e-02	6.086373e-05
1.699000e-02	6.087617e-05
1.700000e-02	6.088861e-05
1.701000e-02	6.090104e-05
1.702000e-02	6.091348e-05
1.703000e-02	6.092592e-05
1.704000e-02	6.093835e-05
1.705000e-02	6.095079e-05
1.706000e-02	6.096323e-05
1.707000e-02	6.097566e-05
1.708000e-02	6.098810e-05
1.709000e-02	6.100054e-05
1.710000e-02	6.101297e-05
1.711000e-02	6.102541e-05
1.712000e-02	6.103785e-05
1.713000e-02	6.105028e-05
1.714000e-02	6.106272e-05
1.715000e-02	6.107516e-05
1.716000e-02	6.108759e-05
1.717000e-02	6.110003e-05
1.718000e-02	6.111247e-05
1.719000e-02	6.112490e-05
1.720000e-02	6.113734e-05
1.721000e-02	6.114978e-05
1.722000e-02	6.116221e-05
1.723000e-02	6.117465e-05
1.724000e-02	6.118709e-05
1.725000e-02	6.119952e-05
1.726000e-02	6.122609e-05
1.727000e-02	6.125265e-05
1.728000e-02	6.127921e-05
1.729000e-02	6.130578e-05
1.730000e-02	6.133234e-05
1.731000e-02	6.135890e-05
1.732000e-02	6.138547e-05
1.733000e-02	6.141203e-05
1.734000e-02	6.143859e-05
1.735000e-02	6.146516e-05
1.736000e-02	6.149172e-05
1.737000e-02	6.151828e-05
1.738000e-02	6.154485e-05
1.739000e-02	6.157141e-05
1.740000e-02	6.159797e-05
1.741000e-02	6.162453e-05
1.742000e-02	6.165110e-05
1.743000e-02	6.167766e-05
1.744000e-02	6.170422e-05
1.745000e-02	6.173079e-05
1.746000e-02	6.175735e-05
1.747000e-02	6.178391e-05
1.748000e-02	6.181048e-05
1.749000e-02	6.183704e-05
1.750000e-02	6.186360e-05
1.751000e-02	6.189017e-05
1.752000e-02	6.191673e-05
1.753000e-02	6.194329e-05
1.754000e-02	6.196986e-05
1.755000e-02	6.199642e-05
1.756000e-02	6.202298e-05
1.757000e-02	6.204954e-05
1.758000e-02	6.207611e-05
1.759000e-02	6.210267e-05
1.760000e-02	6.212923e-05
1.761000e-02	6.215580e-05
1.762000e-02	6.218236e-05
1.763000e-02	6.220892e-05
1.764000e-02	6.223549e-05
1.765000e-02	6.226205e-05
1.766000e-02	6.228861e-05
1.767000e-02	6.231518e-05
1.768000e-02	6.234174e-05
1.769000e-02	6.236830e-05
1.770000e-02	6.239487e-05
1.771000e-02	6.242143e-05
1.772000e-02	6.244799e-05
1.773000e-02	6.247455e-05
1.774000e-02	6.250112e-05
1.775000e-02	6.252768e-05
1.776000e-02	6.255424e-05
1.777000e-02	6.258081e-05
1.778000e-02	6.260737e-05
1.779000e-02	6.263393e-05
1.780000e-02	6.266050e-05
1.781000e-02	6.268706e-05
1.782000e-02	6.271362e-05
1.783000e-02	6.274019e-05
1.784000e-02	6.276675e-05
1.785000e-02	6.279331e-05
1.786000e-02	6.281988e-05
1.787000e-02	6.284644e-05
1.788000e-02	6.287300e-05
1.789000e-02	6.289956e-05
1.790000e-02	6.292613e-05
1.791000e-02	6.295269e-05
1.792000e-02	6.297925e-05
1.793000e-02	6.300582e-05
1.794000e-02	6.303238e-05
1.795000e-02	6.305894e-05
1.796000e-02	6.308551e-05
1.797000e-02	6.311207e-05
1.798000e-02	6.313863e-05
1.799000e-02	6.316520e-05
1.800000e-02	6.319176e-05
1.801000e-02	6.321832e-05
1.802000e-02	6.324489e-05
1.803000e-02	6.327145e-05
1.804000e-02	6.329801e-05
1.805000e-02	6.332458e-05
1.806000e-02	6.335114e-05
1.807000e-02	6.337770e-05
1.808000e-02	6.340426e-05
1.809000e-02	6.343083e-05
1.810000e-02	6.345739e-05
1.811000e-02	6.348395e-05
1.812000e-02	6.351052e-05
1.813000e-02	6.353708e-05
1.814000e-02	6.356364e-05
1.815000e-02	6.359021e-05
1.816000e-02	6.361677e-05
1.817000e-02	6.364333e-05
1.818000e-02	6.366990e-05
1.819000e-02	6.369646e-05
1.820000e-02	6.372302e-05
1.821000e-02	6.374959e-05
1.822000e-02	6.377615e-05
1.823000e-02	6.380271e-05
1.824000e-02	6.382927e-05
1.825000e-02	6.385584e-05
1.826000e-02	6.388240e-05
1.827000e-02	6.390896e-05
1.828000e-02	6.393553e-05
1.829000e-02	6.396209e-05
1.830000e-02	6.398865e-05
1.831000e-02	6.401522e-05
1.832000e-02	6.404178e-05
1.833000e-02	6.406834e-05
1.834000e-02	6.409491e-05
1.835000e-02	6.412147e-05
1.836000e-02	6.414803e-05
1.837000e-02	6.417460e-05
1.838000e-02	6.420116e-05
1.839000e-02	6.422772e-05
1.840000e-02	6.425428e-05
1.841000e-02	6.428085e-05
1.842000e-02	6.430741e-05
1.843000e-02	6.433397e-05
1.844000e-02	6.436054e-05
1.845000e-02	6.438710e-05
1.846000e-02	6.441366e-05
1.847000e-02	6.444023e-05
1.848000e-02	6.446679e-05
1.849000e-02	6.449335e-05
1.850000e-02	6.451992e-05
1.851000e-02	6.454648e-05
1.852000e-02	6.457304e-05
1.853000e-02	6.459961e-05
1.854000e-02	6.462617e-05
1.855000e-02	6.465273e-05
1.856000e-02	6.467929e-05
1.857000e-02	6.470586e-05
1.858000e-02	6.473242e-05
1.859000e-02	6.475898e-05
1.860000e-02	6.478555e-05
1.861000e-02	6.481211e-05
1.862000e-02	6.483867e-05
1.863000e-02	6.486524e-05
1.864000e-02	6.489180e-05
1.865000e-02	6.491836e-05
1.866000e-02	6.494493e-05
1.867000e-02	6.497149e-05
1.868000e-02	6.499805e-05
1.869000e-02	6.502462e-05
1.870000e-02	6.505118e-05
1.871000e-02	6.507774e-05
1.872000e-02	6.510431e-05
1.873000e-02	6.513087e-05
1.874000e-02	6.515743e-05
1.875000e-02	6.518399e-05
1.876000e-02	6.521056e-05
1.877000e-02	6.523712e-05
1.878000e-02	6.526368e-05
1.879000e-02	6.529025e-05
1.880000e-02	6.531681e-05
1.881000e-02	6.534337e-05
1.882000e-02	6.536994e-05
1.883000e-02	6.539650e-05
1.884000e-02	6.542306e-05
1.885000e-02	6.544963e-05
1.886000e-02	6.547619e-05
1.887000e-02	6.550275e-05
1.888000e-02	6.552932e-05
1.889000e-02	6.555588e-05
1.890000e-02	6.558244e-05
1.891000e-02	6.560900e-05
1.892000e-02	6.563557e-05
1.893000e-02	6.566213e-05
1.894000e-02	6.568869e-05
1.895000e-02	6.571526e-05
1.896000e-02	6.574182e-05
1.897000e-02	6.576838e-05
1.898000e-02	6.579495e-05
1.899000e-02	6.582151e-05
1.900000e-02	6.584807e-05
1.901000e-02	6.587464e-05
1.902000e-02	6.590120e-05
1.903000e-02	6.592776e-05
1.904000e-02	6.595433e-05
1.905000e-02	6.598089e-05
1.906000e-02	6.600745e-05
1.907000e-02	6.603401e-05
1.908000e-02	6.606058e-05
1.909000e-02	6.608714e-05
1.910000e-02	6.611370e-05
1.911000e-02	6.614027e-05
1.912000e-02	6.616683e-05
1.913000e-02	6.619339e-05
1.914000e-02	6.621996e-05
1.915000e-02	6.624652e-05
1.916000e-02	6.627308e-05
1.917000e-02	6.629965e-05
1.918000e-02	6.632621e-05
1.919000e-02	6.635277e-05
1.920000e-02	6.637934e-05
1.921000e-02	6.640590e-05
1.922000e-02	6.643246e-05
1.923000e-02	6.645902e-05
1.924000e-02	6.648559e-05
1.925000e-02	6.651215e-05
1.926000e-02	6.653871e-05
1.927000e-02	6.656528e-05
1.928000e-02	6.659184e-05
1.929000e-02	6.661840e-05
1.930000e-02	6.664497e-05
1.931000e-02	6.667153e-05
1.932000e-02	6.669809e-05
1.933000e-02	6.672466e-05
1.934000e-02	6.675122e-05
1.935000e-02	6.677778e-05
1.936000e-02	6.680435e-05
1.937000e-02	6.683091e-05
1.938000e-02	6.685747e-05
1.939000e-02	6.688404e-05
1.940000e-02	6.691060e-05
1.941000e-02	6.693716e-05
1.942000e-02	6.696372e-05
1.943000e-02	6.699029e-05
1.944000e-02	6.701685e-05
1.945000e-02	6.704341e-05
1.946000e-02	6.706998e-05
1.947000e-02	6.709654e-05
1.948000e-02	6.712310e-05
1.949000e-02	6.714967e-05
1.950000e-02	6.717623e-05
1.951000e-02	6.720279e-05
1.952000e-02	6.722936e-05
1.953000e-02	6.725592e-05
1.954000e-02	6.728248e-05
1.955000e-02	6.730905e-05
1.956000e-02	6.733561e-05
1.957000e-02	6.736217e-05
1.958000e-02	6.738873e-05
1.959000e-02	6.741530e-05
1.960000e-02	6.744186e-05
1.961000e-02	6.746842e-05
1.962000e-02	6.749499e-05
1.963000e-02	6.752155e-05
1.964000e-02	6.754811e-05
1.965000e-02	6.757468e-05
1.966000e-02	6.760124e-05
1.967000e-02	6.762780e-05
1.968000e-02	6.765437e-05
1.969000e-02	6.768093e-05
1.970000e-02	6.770749e-05
1.971000e-02	6.773406e-05
1.972000e-02	6.776062e-05
1.973000e-02	6.778718e-05
1.974000e-02	6.781374e-05
1.975000e-02	6.784031e-05
1.976000e-02	6.786687e-05
1.977000e-02	6.789343e-05
1.978000e-02	6.792000e-05
1.979000e-02	6.794656e-05
1.980000e-02	6.797312e-05
1.981000e-02	6.799969e-05
1.982000e-02	6.802625e-05
1.983000e-02	6.805281e-05
1.984000e-02	6.807938e-05
1.985000e-02	6.810594e-05
1.986000e-02	6.813250e-05
1.987000e-02	6.815907e-05
1.988000e-02	6.818563e-05
1.989000e-02	6.821219e-05
1.990000e-02	6.823875e-05
1.991000e-02	6.826532e-05
1.992000e-02	6.829188e-05
1.993000e-02	6.831844e-05
1.994000e-02	6.834501e-05
1.995000e-02	6.837157e-05
1.996000e-02	6.839813e-05
1.997000e-02	6.842470e-05
1.998000e-02	6.845126e-05
1.999000e-02	6.847782e-05
2.000000e-02	6.850439e-05
2.001000e-02	6.853095e-05
2.002000e-02	6.855751e-05
2.003000e-02	6.858408e-05
2.004000e-02	6.861064e-05
2.005000e-02	6.863720e-05
2.006000e-02	6.866377e-05
2.007000e-02	6.869033e-05
2.008000e-02	6.871689e-05
2.009000e-02	6.874345e-05
2.010000e-02	6.877002e-05
2.011000e-02	6.879658e-05
2.012000e-02	6.882314e-05
2.013000e-02	6.884971e-05
2.014000e-02	6.887627e-05
2.015000e-02	6.890283e-05
2.016000e-02	6.892940e-05
2.017000e-02	6.895596e-05
2.018000e-02	6.898252e-05
2.019000e-02	6.900909e-05
2.020000e-02	6.903565e-05
2.021000e-02	6.906221e-05
2.022000e-02	6.908878e-05
2.023000e-02	6.911534e-05
2.024000e-02	6.914190e-05
2.025000e-02	6.916846e-05
2.026000e-02	6.919503e-05
2.027000e-02	6.922159e-05
2.028000e-02	6.924815e-05
2.029000e-02	6.927472e-05
2.030000e-02	6.930128e-05
2.031000e-02	6.932784e-05
2.032000e-02	6.935441e-05
2.033000e-02	6.938097e-05
2.034000e-02	6.940753e-05
2.035000e-02	6.943410e-05
2.036000e-02	6.946066e-05
2.037000e-02	6.948722e-05
2.038000e-02	6.951379e-05
2.039000e-02	6.954035e-05
2.040000e-02	6.956691e-05
2.041000e-02	6.959347e-05
2.042000e-02	6.962004e-05
2.043000e-02	6.964660e-05
2.044000e-02	6.967316e-05
2.045000e-02	6.969973e-05
2.046000e-02	6.972629e-05
2.047000e-02	6.975285e-05
2.048000e-02	6.977942e-05
2.049000e-02	6.980598e-05
2.050000e-02	6.983254e-05
2.051000e-02	6.985911e-05
2.052000e-02	6.988567e-05
2.053000e-02	6.991223e-05
2.054000e-02	6.993880e-05
2.055000e-02	6.996536e-05
2.056000e-02	6.999192e-05
2.057000e-02	7.001848e-05
2.058000e-02	7.004505e-05
2.059000e-02	7.007161e-05
2.060000e-02	7.009817e-05
2.061000e-02	7.012474e-05
2.062000e-02	7.015130e-05
2.063000e-02	7.017786e-05
2.064000e-02	7.020443e-05
2.065000e-02	7.023099e-05
2.066000e-02	7.025755e-05
2.067000e-02	7.028412e-05
2.068000e-02	7.031068e-05
2.069000e-02	7.033724e-05
2.070000e-02	7.036381e-05
2.071000e-02	7.039037e-05
2.072000e-02	7.041693e-05
2.073000e-02	7.044350e-05
2.074000e-02	7.047006e-05
2.075000e-02	7.049662e-05
2.076000e-02	7.052318e-05
2.077000e-02	7.054975e-05
2.078000e-02	7.057631e-05
2.079000e-02	7.060287e-05
2.080000e-02	7.062944e-05
2.081000e-02	7.065600e-05
2.082000e-02	7.068256e-05
2.083000e-02	7.070913e-05
2.084000e-02	7.073569e-05
2.085000e-02	7.076225e-05
2.086000e-02	7.078882e-05
2.087000e-02	7.081538e-05
2.088000e-02	7.084194e-05
2.089000e-02	7.086851e-05
2.090000e-02	7.089507e-05
2.091000e-02	7.092163e-05
2.092000e-02	7.094819e-05
2.093000e-02	7.097476e-05
2.094000e-02	7.100132e-05
2.095000e-02	7.102788e-05
2.096000e-02	7.105445e-05
2.097000e-02	7.108101e-05
2.098000e-02	7.110757e-05
2.099000e-02	7.113414e-05
2.100000e-02	7.116070e-05
2.101000e-02	7.119852e-05
2.102000e-02	7.123633e-05
2.103000e-02	7.127415e-05
2.104000e-02	7.131196e-05
2.105000e-02	7.134978e-05
2.106000e-02	7.138760e-05
2.107000e-02	7.142541e-05
2.108000e-02	7.146323e-05
2.109000e-02	7.150104e-05
2.110000e-02	7.153886e-05
2.111000e-02	7.157668e-05
2.112000e-02	7.161449e-05
2.113000e-02	7.165231e-05
2.114000e-02	7.169012e-05
2.115000e-02	7.172794e-05
2.116000e-02	7.176576e-05
2.117000e-02	7.180357e-05
2.118000e-02	7.184139e-05
2.119000e-02	7.187920e-05
2.120000e-02	7.191702e-05
2.121000e-02	7.195484e-05
2.122000e-02	7.199265e-05
2.123000e-02	7.203047e-05
2.124000e-02	7.206828e-05
2.125000e-02	7.210610e-05
2.126000e-02	7.214392e-05
2.127000e-02	7.218173e-05
2.128000e-02	7.221955e-05
2.129000e-02	7.225736e-05
2.130000e-02	7.229518e-05
2.131000e-02	7.233300e-05
2.132000e-02	7.237081e-05
2.133000e-02	7.240863e-05
2.134000e-02	7.244644e-05
2.135000e-02	7.248426e-05
2.136000e-02	7.252208e-05
2.137000e-02	7.255989e-05
2.138000e-02	7.259771e-05
2.139000e-02	7.263552e-05
2.140000e-02	7.267334e-05
2.141000e-02	7.271116e-05
2.142000e-02	7.274897e-05
2.143000e-02	7.278679e-05
2.144000e-02	7.282461e-05
2.145000e-02	7.286242e-05
2.146000e-02	7.290024e-05
2.147000e-02	7.293805e-05
2.148000e-02	7.297587e-05
2.149000e-02	7.301369e-05
2.150000e-02	7.305150e-05
2.151000e-02	7.308932e-05
2.152000e-02	7.312713e-05
2.153000e-02	7.316495e-05
2.154000e-02	7.320277e-05
2.155000e-02	7.324058e-05
2.156000e-02	7.327840e-05
2.157000e-02	7.331621e-05
2.158000e-02	7.335403e-05
2.159000e-02	7.339185e-05
2.160000e-02	7.342966e-05
2.161000e-02	7.346748e-05
2.162000e-02	7.350529e-05
2.163000e-02	7.354311e-05
2.164000e-02	7.358093e-05
2.165000e-02	7.361874e-05
2.166000e-02	7.365656e-05
2.167000e-02	7.369437e-05
2.168000e-02	7.373219e-05
2.169000e-02	7.377001e-05
2.170000e-02	7.380782e-05
2.171000e-02	7.384564e-05
2.172000e-02	7.388345e-05
2.173000e-02	7.392127e-05
2.174000e-02	7.395909e-05
2.175000e-02	7.399690e-05
2.176000e-02	7.403472e-05
2.177000e-02	7.407253e-05
2.178000e-02	7.411035e-05
2.179000e-02	7.414817e-05
2.180000e-02	7.418598e-05
2.181000e-02	7.422380e-05
2.182000e-02	7.426161e-05
2.183000e-02	7.429943e-05
2.184000e-02	7.433725e-05
2.185000e-02	7.437506e-05
2.186000e-02	7.441288e-05
2.187000e-02	7.445069e-05
2.188000e-02	7.448851e-05
2.189000e-02	7.452633e-05
2.190000e-02	7.456414e-05
2.191000e-02	7.460196e-05
2.192000e-02	7.463977e-05
2.193000e-02	7.467759e-05
2.194000e-02	7.471541e-05
2.195000e-02	7.475322e-05
2.196000e-02	7.479104e-05
2.197000e-02	7.482885e-05
2.198000e-02	7.486667e-05
2.199000e-02	7.490449e-05
2.200000e-02	7.494230e-05
2.201000e-02	7.498367e-05
2.202000e-02	7.502503e-05
2.203000e-02	7.506640e-05
2.204000e-02	7.510776e-05
2.205000e-02	7.514913e-05
2.206000e-02	7.519049e-05
2.207000e-02	7.523185e-05
2.208000e-02	7.527322e-05
2.209000e-02	7.531458e-05
2.210000e-02	7.535595e-05
2.211000e-02	7.539731e-05
2.212000e-02	7.543868e-05
2.213000e-02	7.548004e-05
2.214000e-02	7.552140e-05
2.215000e-02	7.556277e-05
2.216000e-02	7.560413e-05
2.217000e-02	7.564550e-05
2.218000e-02	7.568686e-05
2.219000e-02	7.572823e-05
2.220000e-02	7.576959e-05
2.221000e-02	7.581096e-05
2.222000e-02	7.585232e-05
2.223000e-02	7.589368e-05
2.224000e-02	7.593505e-05
2.225000e-02	7.597641e-05
2.226000e-02	7.601778e-05
2.227000e-02	7.605914e-05
2.228000e-02	7.610051e-05
2.229000e-02	7.614187e-05
2.230000e-02	7.618323e-05
2.231000e-02	7.622460e-05
2.232000e-02	7.626596e-05
2.233000e-02	7.630733e-05
2.234000e-02	7.634869e-05
2.235000e-02	7.639006e-05
2.236000e-02	7.643142e-05
2.237000e-02	7.647279e-05
2.238000e-02	7.651415e-05
2.239000e-02	7.655551e-05
2.240000e-02	7.659688e-05
2.241000e-02	7.663824e-05
2.242000e-02	7.667961e-05
2.243000e-02	7.672097e-05
2.244000e-02	7.676234e-05
2.245000e-02	7.680370e-05
2.246000e-02	7.684507e-05
2.247000e-02	7.688643e-05
2.248000e-02	7.692779e-05
2.249000e-02	7.696916e-05
2.250000e-02	7.701052e-05
2.251000e-02	7.705189e-05
2.252000e-02	7.709325e-05
2.253000e-02	7.713462e-05
2.254000e-02	7.717598e-05
2.255000e-02	7.721734e-05
2.256000e-02	7.725871e-05
2.257000e-02	7.730007e-05
2.258000e-02	7.734144e-05
2.259000e-02	7.738280e-05
2.260000e-02	7.742417e-05
2.261000e-02	7.746553e-05
2.262000e-02	7.750690e-05
2.263000e-02	7.754826e-05
2.264000e-02	7.758962e-05
2.265000e-02	7.763099e-05
2.266000e-02	7.767235e-05
2.267000e-02	7.771372e-05
2.268000e-02	7.775508e-05
2.269000e-02	7.779645e-05
2.270000e-02	7.783781e-05
2.271000e-02	7.787918e-05
2.272000e-02	7.792054e-05
2.273000e-02	7.796190e-05
2.274000e-02	7.800327e-05
2.275000e-02	7.804463e-05
2.276000e-02	7.808600e-05
2.277000e-02	7.812736e-05
2.278000e-02	7.816873e-05
2.279000e-02	7.821009e-05
2.280000e-02	7.825145e-05
2.281000e-02	7.829282e-05
2.282000e-02	7.833418e-05
2.283000e-02	7.837555e-05
2.284000e-02	7.841691e-05
2.285000e-02	7.845828e-05
2.286000e-02	7.849964e-05
2.287000e-02	7.854101e-05
2.288000e-02	7.858237e-05
2.289000e-02	7.862373e-05
2.290000e-02	7.866510e-05
2.291000e-02	7.870646e-05
2.292000e-02	7.874783e-05
2.293000e-02	7.878919e-05
2.294000e-02	7.883056e-05
2.295000e-02	7.887192e-05
2.296000e-02	7.891328e-05
2.297000e-02	7.895465e-05
2.298000e-02	7.899601e-05
2.299000e-02	7.903738e-05
2.300000e-02	7.907874e-05
2.301000e-02	7.912313e-05
2.302000e-02	7.916751e-05
2.303000e-02	7.921190e-05
2.304000e-02	7.925629e-05
2.305000e-02	7.930067e-05
2.306000e-02	7.934506e-05
2.307000e-02	7.938944e-05
2.308000e-02	7.943383e-05
2.309000e-02	7.947821e-05
2.310000e-02	7.952260e-05
2.311000e-02	7.956699e-05
2.312000e-02	7.961137e-05
2.313000e-02	7.965576e-05
2.314000e-02	7.970014e-05
2.315000e-02	7.974453e-05
2.316000e-02	7.978891e-05
2.317000e-02	7.983330e-05
2.318000e-02	7.987768e-05
2.319000e-02	7.992207e-05
2.320000e-02	7.996646e-05
2.321000e-02	8.001084e-05
2.322000e-02	8.005523e-05
2.323000e-02	8.009961e-05
2.324000e-02	8.014400e-05
2.325000e-02	8.018838e-05
2.326000e-02	8.023277e-05
2.327000e-02	8.027716e-05
2.328000e-02	8.032154e-05
2.329000e-02	8.036593e-05
2.330000e-02	8.041031e-05
2.331000e-02	8.045470e-05
2.332000e-02	8.049908e-05
2.333000e-02	8.054347e-05
2.334000e-02	8.058786e-05
2.335000e-02	8.063224e-05
2.336000e-02	8.067663e-05
2.337000e-02	8.072101e-05
2.338000e-02	8.076540e-05
2.339000e-02	8.080978e-05
2.340000e-02	8.085417e-05
2.341000e-02	8.089856e-05
2.342000e-02	8.094294e-05
2.343000e-02	8.098733e-05
2.344000e-02	8.103171e-05
2.345000e-02	8.107610e-05
2.346000e-02	8.112048e-05
2.347000e-02	8.116487e-05
2.348000e-02	8.120926e-05
2.349000e-02	8.125364e-05
2.350000e-02	8.129803e-05
2.351000e-02	8.134241e-05
2.352000e-02	8.138680e-05
2.353000e-02	8.143118e-05
2.354000e-02	8.147557e-05
2.355000e-02	8.151996e-05
2.356000e-02	8.156434e-05
2.357000e-02	8.160873e-05
2.358000e-02	8.165311e-05
2.359000e-02	8.169750e-05
2.360000e-02	8.174188e-05
2.361000e-02	8.178627e-05
2.362000e-02	8.183066e-05
2.363000e-02	8.187504e-05
2.364000e-02	8.191943e-05
2.365000e-02	8.196381e-05
2.366000e-02	8.200820e-05
2.367000e-02	8.205258e-05
2.368000e-02	8.209697e-05
2.369000e-02	8.214136e-05
2.370000e-02	8.218574e-05
2.371000e-02	8.223013e-05
2.372000e-02	8.227451e-05
2.373000e-02	8.231890e-05
2.374000e-02	8.236328e-05
2.375000e-02	8.240767e-05
2.376000e-02	8.245206e-05
2.377000e-02	8.249644e-05
2.378000e-02	8.254083e-05
2.379000e-02	8.258521e-05
2.380000e-02	8.262960e-05
2.381000e-02	8.267398e-05
2.382000e-02	8.271837e-05
2.383000e-02	8.276275e-05
2.384000e-02	8.280714e-05
2.385000e-02	8.285153e-05
2.386000e-02	8.289591e-05
2.387000e-02	8.294030e-05
2.388000e-02	8.298468e-05
2.389000e-02	8.302907e-05
2.390000e-02	8.307345e-05
2.391000e-02	8.311784e-05
2.392000e-02	8.316223e-05
2.393000e-02	8.320661e-05
2.394000e-02	8.325100e-05
2.395000e-02	8.329538e-05
2.396000e-02	8.333977e-05
2.397000e-02	8.338415e-05
2.398000e-02	8.342854e-05
2.399000e-02	8.347293e-05
2.400000e-02	8.351731e-05
2.401000e-02	8.356426e-05
2.402000e-02	8.361121e-05
2.403000e-02	8.365816e-05
2.404000e-02	8.370512e-05
2.405000e-02	8.375207e-05
2.406000e-02	8.379902e-05
2.407000e-02	8.384597e-05
2.408000e-02	8.389292e-05
2.409000e-02	8.393987e-05
2.410000e-02	8.398682e-05
2.411000e-02	8.403377e-05
2.412000e-02	8.408072e-05
2.413000e-02	8.412768e-05
2.414000e-02	8.417463e-05
2.415000e-02	8.422158e-05
2.416000e-02	8.426853e-05
2.417000e-02	8.431548e-05
2.418000e-02	8.436243e-05
2.419000e-02	8.440938e-05
2.420000e-02	8.445633e-05
2.421000e-02	8.450328e-05
2.422000e-02	8.455023e-05
2.423000e-02	8.459719e-05
2.424000e-02	8.464414e-05
2.425000e-02	8.469109e-05
2.426000e-02	8.473804e-05
2.427000e-02	8.478499e-05
2.428000e-02	8.483194e-05
2.429000e-02	8.487889e-05
2.430000e-02	8.492584e-05
2.431000e-02	8.497279e-05
2.432000e-02	8.501974e-05
2.433000e-02	8.506670e-05
2.434000e-02	8.511365e-05
2.435000e-02	8.516060e-05
2.436000e-02	8.520755e-05
2.437000e-02	8.525450e-05
2.438000e-02	8.530145e-05
2.439000e-02	8.534840e-05
2.440000e-02	8.539535e-05
2.441000e-02	8.544230e-05
2.442000e-02	8.548926e-05
2.443000e-02	8.553621e-05
2.444000e-02	8.558316e-05
2.445000e-02	8.563011e-05
2.446000e-02	8.567706e-05
2.447000e-02	8.572401e-05
2.448000e-02	8.577096e-05
2.449000e-02	8.581791e-05
2.450000e-02	8.586486e-05
2.451000e-02	8.591181e-05
2.452000e-02	8.595877e-05
2.453000e-02	8.600572e-05
2.454000e-02	8.605267e-05
2.455000e-02	8.609962e-05
2.456000e-02	8.614657e-05
2.457000e-02	8.619352e-05
2.458000e-02	8.624047e-05
2.459000e-02	8.628742e-05
2.460000e-02	8.633437e-05
2.461000e-02	8.638133e-05
2.462000e-02	8.642828e-05
2.463000e-02	8.647523e-05
2.464000e-02	8.652218e-05
2.465000e-02	8.656913e-05
2.466000e-02	8.661608e-05
2.467000e-02	8.666303e-05
2.468000e-02	8.670998e-05
2.469000e-02	8.675693e-05
2.470000e-02	8.680388e-05
2.471000e-02	8.685084e-05
2.472000e-02	8.689779e-05
2.473000e-02	8.694474e-05
2.474000e-02	8.699169e-05
2.475000e-02	8.703864e-05
2.476000e-02	8.708559e-05
2.477000e-02	8.713254e-05
2.478000e-02	8.717949e-05
2.479000e-02	8.722644e-05
2.480000e-02	8.727339e-05
2.481000e-02	8.732035e-05
2.482000e-02	8.736730e-05
2.483000e-02	8.741425e-05
2.484000e-02	8.746120e-05
2.485000e-02	8.750815e-05
2.486000e-02	8.755510e-05
2.487000e-02	8.760205e-05
2.488000e-02	8.764900e-05
2.489000e-02	8.769595e-05
2.490000e-02	8.774291e-05
2.491000e-02	8.778986e-05
2.492000e-02	8.783681e-05
2.493000e-02	8.788376e-05
2.494000e-02	8.793071e-05
2.495000e-02	8.797766e-05
2.496000e-02	8.802461e-05
2.497000e-02	8.807156e-05
2.498000e-02	8.811851e-05
2.499000e-02	8.816546e-05
