z1_new_m	d1_new_long_m
1.000000e-03	8.739180e-05
1.010000e-03	8.734236e-05
1.020000e-03	8.729291e-05
1.030000e-03	8.724347e-05
1.040000e-03	8.719403e-05
1.050000e-03	8.714459e-05
1.060000e-03	8.709514e-05
1.070000e-03	8.704570e-05
1.080000e-03	8.699626e-05
1.090000e-03	8.694682e-05
1.100000e-03	8.689737e-05
1.110000e-03	8.684793e-05
1.120000e-03	8.679849e-05
1.130000e-03	8.674905e-05
1.140000e-03	8.669960e-05
1.150000e-03	8.665016e-05
1.160000e-03	8.660072e-05
1.170000e-03	8.655127e-05
1.180000e-03	8.650183e-05
1.190000e-03	8.645239e-05
1.200000e-03	8.640295e-05
1.210000e-03	8.635350e-05
1.220000e-03	8.630406e-05
1.230000e-03	8.625462e-05
1.240000e-03	8.620518e-05
1.250000e-03	8.615573e-05
1.260000e-03	8.610629e-05
1.270000e-03	8.605685e-05
1.280000e-03	8.600741e-05
1.290000e-03	8.595796e-05
1.300000e-03	8.590852e-05
1.310000e-03	8.585908e-05
1.320000e-03	8.580964e-05
1.330000e-03	8.576019e-05
1.340000e-03	8.571075e-05
1.350000e-03	8.566131e-05
1.360000e-03	8.561187e-05
1.370000e-03	8.556242e-05
1.380000e-03	8.551298e-05
1.390000e-03	8.546354e-05
1.400000e-03	8.541410e-05
1.410000e-03	8.536465e-05
1.420000e-03	8.531521e-05
1.430000e-03	8.526577e-05
1.440000e-03	8.521633e-05
1.450000e-03	8.516688e-05
1.460000e-03	8.511744e-05
1.470000e-03	8.506800e-05
1.480000e-03	8.501855e-05
1.490000e-03	8.496911e-05
1.500000e-03	8.491967e-05
1.510000e-03	8.487023e-05
1.520000e-03	8.482078e-05
1.530000e-03	8.477134e-05
1.540000e-03	8.472190e-05
1.550000e-03	8.467246e-05
1.560000e-03	8.462301e-05
1.570000e-03	8.457357e-05
1.580000e-03	8.452413e-05
1.590000e-03	8.447469e-05
1.600000e-03	8.442524e-05
1.610000e-03	8.437580e-05
1.620000e-03	8.432636e-05
1.630000e-03	8.427692e-05
1.640000e-03	8.422747e-05
1.650000e-03	8.417803e-05
1.660000e-03	8.412859e-05
1.670000e-03	8.407915e-05
1.680000e-03	8.402970e-05
1.690000e-03	8.398026e-05
1.700000e-03	8.393082e-05
1.710000e-03	8.388138e-05
1.720000e-03	8.383193e-05
1.730000e-03	8.378249e-05
1.740000e-03	8.373305e-05
1.750000e-03	8.368361e-05
1.760000e-03	8.363416e-05
1.770000e-03	8.358472e-05
1.780000e-03	8.353528e-05
1.790000e-03	8.348583e-05
1.800000e-03	8.343639e-05
1.810000e-03	8.338695e-05
1.820000e-03	8.333751e-05
1.830000e-03	8.328806e-05
1.840000e-03	8.323862e-05
1.850000e-03	8.318918e-05
1.860000e-03	8.313974e-05
1.870000e-03	8.309029e-05
1.880000e-03	8.304085e-05
1.890000e-03	8.299141e-05
1.900000e-03	8.294197e-05
1.910000e-03	8.289252e-05
1.920000e-03	8.284308e-05
1.930000e-03	8.279364e-05
1.940000e-03	8.274420e-05
1.950000e-03	8.269475e-05
1.960000e-03	8.264531e-05
1.970000e-03	8.259587e-05
1.980000e-03	8.254643e-05
1.990000e-03	8.249698e-05
2.000000e-03	8.244754e-05
2.010000e-03	8.239890e-05
2.020000e-03	8.235026e-05
2.030000e-03	8.230162e-05
2.040000e-03	8.225298e-05
2.050000e-03	8.220434e-05
2.060000e-03	8.215570e-05
2.070000e-03	8.210706e-05
2.080000e-03	8.205842e-05
2.090000e-03	8.200978e-05
2.100000e-03	8.196114e-05
2.110000e-03	8.191250e-05
2.120000e-03	8.186386e-05
2.130000e-03	8.181522e-05
2.140000e-03	8.176658e-05
2.150000e-03	8.171794e-05
2.160000e-03	8.166930e-05
2.170000e-03	8.162066e-05
2.180000e-03	8.157201e-05
2.190000e-03	8.152337e-05
2.200000e-03	8.147473e-05
2.210000e-03	8.142609e-05
2.220000e-03	8.137745e-05
2.230000e-03	8.132881e-05
2.240000e-03	8.128017e-05
2.250000e-03	8.123153e-05
2.260000e-03	8.118289e-05
2.270000e-03	8.113425e-05
2.280000e-03	8.108561e-05
2.290000e-03	8.103697e-05
2.300000e-03	8.098833e-05
2.310000e-03	8.093969e-05
2.320000e-03	8.089105e-05
2.330000e-03	8.084241e-05
2.340000e-03	8.079377e-05
2.350000e-03	8.074513e-05
2.360000e-03	8.069649e-05
2.370000e-03	8.064785e-05
2.380000e-03	8.059921e-05
2.390000e-03	8.055057e-05
2.400000e-03	8.050193e-05
2.410000e-03	8.045329e-05
2.420000e-03	8.040465e-05
2.430000e-03	8.035601e-05
2.440000e-03	8.030737e-05
2.450000e-03	8.025873e-05
2.460000e-03	8.021009e-05
2.470000e-03	8.016145e-05
2.480000e-03	8.011280e-05
2.490000e-03	8.006416e-05
2.500000e-03	8.001552e-05
2.510000e-03	7.996688e-05
2.520000e-03	7.991824e-05
2.530000e-03	7.986960e-05
2.540000e-03	7.982096e-05
2.550000e-03	7.977232e-05
2.560000e-03	7.972368e-05
2.570000e-03	7.967504e-05
2.580000e-03	7.962640e-05
2.590000e-03	7.957776e-05
2.600000e-03	7.952912e-05
2.610000e-03	7.948048e-05
2.620000e-03	7.943184e-05
2.630000e-03	7.938320e-05
2.640000e-03	7.933456e-05
2.650000e-03	7.928592e-05
2.660000e-03	7.923728e-05
2.670000e-03	7.918864e-05
2.680000e-03	7.914000e-05
2.690000e-03	7.909136e-05
2.700000e-03	7.904272e-05
2.710000e-03	7.899408e-05
2.720000e-03	7.894544e-05
2.730000e-03	7.889680e-05
2.740000e-03	7.884816e-05
2.750000e-03	7.879952e-05
2.760000e-03	7.875088e-05
2.770000e-03	7.870224e-05
2.780000e-03	7.865360e-05
2.790000e-03	7.860495e-05
2.800000e-03	7.855631e-05
2.810000e-03	7.850767e-05
2.820000e-03	7.845903e-05
2.830000e-03	7.841039e-05
2.840000e-03	7.836175e-05
2.850000e-03	7.831311e-05
2.860000e-03	7.826447e-05
2.870000e-03	7.821583e-05
2.880000e-03	7.816719e-05
2.890000e-03	7.811855e-05
2.900000e-03	7.806991e-05
2.910000e-03	7.802127e-05
2.920000e-03	7.797263e-05
2.930000e-03	7.792399e-05
2.940000e-03	7.787535e-05
2.950000e-03	7.782671e-05
2.960000e-03	7.777807e-05
2.970000e-03	7.772943e-05
2.980000e-03	7.768079e-05
2.990000e-03	7.763215e-05
3.000000e-03	7.758351e-05
3.010000e-03	7.753583e-05
3.020000e-03	7.748815e-05
3.030000e-03	7.744048e-05
3.040000e-03	7.739280e-05
3.050000e-03	7.734512e-05
3.060000e-03	7.729744e-05
3.070000e-03	7.724977e-05
3.080000e-03	7.720209e-05
3.090000e-03	7.715441e-05
3.100000e-03	7.710674e-05
3.110000e-03	7.705906e-05
3.120000e-03	7.701138e-05
3.130000e-03	7.696370e-05
3.140000e-03	7.691603e-05
3.150000e-03	7.686835e-05
3.160000e-03	7.682067e-05
3.170000e-03	7.677299e-05
3.180000e-03	7.672532e-05
3.190000e-03	7.667764e-05
3.200000e-03	7.662996e-05
3.210000e-03	7.658229e-05
3.220000e-03	7.653461e-05
3.230000e-03	7.648693e-05
3.240000e-03	7.643925e-05
3.250000e-03	7.639158e-05
3.260000e-03	7.634390e-05
3.270000e-03	7.629622e-05
3.280000e-03	7.624854e-05
3.290000e-03	7.620087e-05
3.300000e-03	7.615319e-05
3.310000e-03	7.610551e-05
3.320000e-03	7.605783e-05
3.330000e-03	7.601016e-05
3.340000e-03	7.596248e-05
3.350000e-03	7.591480e-05
3.360000e-03	7.586713e-05
3.370000e-03	7.581945e-05
3.380000e-03	7.577177e-05
3.390000e-03	7.572409e-05
3.400000e-03	7.567642e-05
3.410000e-03	7.562874e-05
3.420000e-03	7.558106e-05
3.430000e-03	7.553338e-05
3.440000e-03	7.548571e-05
3.450000e-03	7.543803e-05
3.460000e-03	7.539035e-05
3.470000e-03	7.534268e-05
3.480000e-03	7.529500e-05
3.490000e-03	7.524732e-05
3.500000e-03	7.519964e-05
3.510000e-03	7.515197e-05
3.520000e-03	7.510429e-05
3.530000e-03	7.505661e-05
3.540000e-03	7.500893e-05
3.550000e-03	7.496126e-05
3.560000e-03	7.491358e-05
3.570000e-03	7.486590e-05
3.580000e-03	7.481823e-05
3.590000e-03	7.477055e-05
3.600000e-03	7.472287e-05
3.610000e-03	7.467519e-05
3.620000e-03	7.462752e-05
3.630000e-03	7.457984e-05
3.640000e-03	7.453216e-05
3.650000e-03	7.448448e-05
3.660000e-03	7.443681e-05
3.670000e-03	7.438913e-05
3.680000e-03	7.434145e-05
3.690000e-03	7.429378e-05
3.700000e-03	7.424610e-05
3.710000e-03	7.419842e-05
3.720000e-03	7.415074e-05
3.730000e-03	7.410307e-05
3.740000e-03	7.405539e-05
3.750000e-03	7.400771e-05
3.760000e-03	7.396003e-05
3.770000e-03	7.391236e-05
3.780000e-03	7.386468e-05
3.790000e-03	7.381700e-05
3.800000e-03	7.376933e-05
3.810000e-03	7.372165e-05
3.820000e-03	7.367397e-05
3.830000e-03	7.362629e-05
3.840000e-03	7.357862e-05
3.850000e-03	7.353094e-05
3.860000e-03	7.348326e-05
3.870000e-03	7.343558e-05
3.880000e-03	7.338791e-05
3.890000e-03	7.334023e-05
3.900000e-03	7.329255e-05
3.910000e-03	7.324488e-05
3.920000e-03	7.319720e-05
3.930000e-03	7.314952e-05
3.940000e-03	7.310184e-05
3.950000e-03	7.305417e-05
3.960000e-03	7.300649e-05
3.970000e-03	7.295881e-05
3.980000e-03	7.291113e-05
3.990000e-03	7.286346e-05
4.000000e-03	7.281578e-05
4.010000e-03	7.276927e-05
4.020000e-03	7.272276e-05
4.030000e-03	7.267624e-05
4.040000e-03	7.262973e-05
4.050000e-03	7.258322e-05
4.060000e-03	7.253671e-05
4.070000e-03	7.249019e-05
4.080000e-03	7.244368e-05
4.090000e-03	7.239717e-05
4.100000e-03	7.235066e-05
4.110000e-03	7.230415e-05
4.120000e-03	7.225763e-05
4.130000e-03	7.221112e-05
4.140000e-03	7.216461e-05
4.150000e-03	7.211810e-05
4.160000e-03	7.207159e-05
4.170000e-03	7.202507e-05
4.180000e-03	7.197856e-05
4.190000e-03	7.193205e-05
4.200000e-03	7.188554e-05
4.210000e-03	7.183903e-05
4.220000e-03	7.179251e-05
4.230000e-03	7.174600e-05
4.240000e-03	7.169949e-05
4.250000e-03	7.165298e-05
4.260000e-03	7.160646e-05
4.270000e-03	7.155995e-05
4.280000e-03	7.151344e-05
4.290000e-03	7.146693e-05
4.300000e-03	7.142042e-05
4.310000e-03	7.137390e-05
4.320000e-03	7.132739e-05
4.330000e-03	7.128088e-05
4.340000e-03	7.123437e-05
4.350000e-03	7.118786e-05
4.360000e-03	7.114134e-05
4.370000e-03	7.109483e-05
4.380000e-03	7.104832e-05
4.390000e-03	7.100181e-05
4.400000e-03	7.095529e-05
4.410000e-03	7.090878e-05
4.420000e-03	7.086227e-05
4.430000e-03	7.081576e-05
4.440000e-03	7.076925e-05
4.450000e-03	7.072273e-05
4.460000e-03	7.067622e-05
4.470000e-03	7.062971e-05
4.480000e-03	7.058320e-05
4.490000e-03	7.053669e-05
4.500000e-03	7.049017e-05
4.510000e-03	7.044366e-05
4.520000e-03	7.039715e-05
4.530000e-03	7.035064e-05
4.540000e-03	7.030412e-05
4.550000e-03	7.025761e-05
4.560000e-03	7.021110e-05
4.570000e-03	7.016459e-05
4.580000e-03	7.011808e-05
4.590000e-03	7.007156e-05
4.600000e-03	7.002505e-05
4.610000e-03	6.997854e-05
4.620000e-03	6.993203e-05
4.630000e-03	6.988552e-05
4.640000e-03	6.983900e-05
4.650000e-03	6.979249e-05
4.660000e-03	6.974598e-05
4.670000e-03	6.969947e-05
4.680000e-03	6.965296e-05
4.690000e-03	6.960644e-05
4.700000e-03	6.955993e-05
4.710000e-03	6.951342e-05
4.720000e-03	6.946691e-05
4.730000e-03	6.942039e-05
4.740000e-03	6.937388e-05
4.750000e-03	6.932737e-05
4.760000e-03	6.928086e-05
4.770000e-03	6.923435e-05
4.780000e-03	6.918783e-05
4.790000e-03	6.914132e-05
4.800000e-03	6.909481e-05
4.810000e-03	6.904830e-05
4.820000e-03	6.900179e-05
4.830000e-03	6.895527e-05
4.840000e-03	6.890876e-05
4.850000e-03	6.886225e-05
4.860000e-03	6.881574e-05
4.870000e-03	6.876922e-05
4.880000e-03	6.872271e-05
4.890000e-03	6.867620e-05
4.900000e-03	6.862969e-05
4.910000e-03	6.858318e-05
4.920000e-03	6.853666e-05
4.930000e-03	6.849015e-05
4.940000e-03	6.844364e-05
4.950000e-03	6.839713e-05
4.960000e-03	6.835062e-05
4.970000e-03	6.830410e-05
4.980000e-03	6.825759e-05
4.990000e-03	6.821108e-05
5.000000e-03	6.816457e-05
5.010000e-03	6.812361e-05
5.020000e-03	6.808265e-05
5.030000e-03	6.804169e-05
5.040000e-03	6.800073e-05
5.050000e-03	6.795977e-05
5.060000e-03	6.791881e-05
5.070000e-03	6.787785e-05
5.080000e-03	6.783690e-05
5.090000e-03	6.779594e-05
5.100000e-03	6.775498e-05
5.110000e-03	6.771402e-05
5.120000e-03	6.767306e-05
5.130000e-03	6.763210e-05
5.140000e-03	6.759114e-05
5.150000e-03	6.755018e-05
5.160000e-03	6.750922e-05
5.170000e-03	6.746827e-05
5.180000e-03	6.742731e-05
5.190000e-03	6.738635e-05
5.200000e-03	6.734539e-05
5.210000e-03	6.730443e-05
5.220000e-03	6.726347e-05
5.230000e-03	6.722251e-05
5.240000e-03	6.718155e-05
5.250000e-03	6.714059e-05
5.260000e-03	6.709964e-05
5.270000e-03	6.705868e-05
5.280000e-03	6.701772e-05
5.290000e-03	6.697676e-05
5.300000e-03	6.693580e-05
5.310000e-03	6.689484e-05
5.320000e-03	6.685388e-05
5.330000e-03	6.681292e-05
5.340000e-03	6.677196e-05
5.350000e-03	6.673100e-05
5.360000e-03	6.669005e-05
5.370000e-03	6.664909e-05
5.380000e-03	6.660813e-05
5.390000e-03	6.656717e-05
5.400000e-03	6.652621e-05
5.410000e-03	6.648525e-05
5.420000e-03	6.644429e-05
5.430000e-03	6.640333e-05
5.440000e-03	6.636237e-05
5.450000e-03	6.632142e-05
5.460000e-03	6.628046e-05
5.470000e-03	6.623950e-05
5.480000e-03	6.619854e-05
5.490000e-03	6.615758e-05
5.500000e-03	6.611662e-05
5.510000e-03	6.607566e-05
5.520000e-03	6.603470e-05
5.530000e-03	6.599374e-05
5.540000e-03	6.595279e-05
5.550000e-03	6.591183e-05
5.560000e-03	6.587087e-05
5.570000e-03	6.582991e-05
5.580000e-03	6.578895e-05
5.590000e-03	6.574799e-05
5.600000e-03	6.570703e-05
5.610000e-03	6.566607e-05
5.620000e-03	6.562511e-05
5.630000e-03	6.558416e-05
5.640000e-03	6.554320e-05
5.650000e-03	6.550224e-05
5.660000e-03	6.546128e-05
5.670000e-03	6.542032e-05
5.680000e-03	6.537936e-05
5.690000e-03	6.533840e-05
5.700000e-03	6.529744e-05
5.710000e-03	6.525648e-05
5.720000e-03	6.521552e-05
5.730000e-03	6.517457e-05
5.740000e-03	6.513361e-05
5.750000e-03	6.509265e-05
5.760000e-03	6.505169e-05
5.770000e-03	6.501073e-05
5.780000e-03	6.496977e-05
5.790000e-03	6.492881e-05
5.800000e-03	6.488785e-05
5.810000e-03	6.484689e-05
5.820000e-03	6.480594e-05
5.830000e-03	6.476498e-05
5.840000e-03	6.472402e-05
5.850000e-03	6.468306e-05
5.860000e-03	6.464210e-05
5.870000e-03	6.460114e-05
5.880000e-03	6.456018e-05
5.890000e-03	6.451922e-05
5.900000e-03	6.447826e-05
5.910000e-03	6.443731e-05
5.920000e-03	6.439635e-05
5.930000e-03	6.435539e-05
5.940000e-03	6.431443e-05
5.950000e-03	6.427347e-05
5.960000e-03	6.423251e-05
5.970000e-03	6.419155e-05
5.980000e-03	6.415059e-05
5.990000e-03	6.410963e-05
6.000000e-03	6.406868e-05
6.010000e-03	6.402772e-05
6.020000e-03	6.398676e-05
6.030000e-03	6.394580e-05
6.040000e-03	6.390484e-05
6.050000e-03	6.386388e-05
6.060000e-03	6.382292e-05
6.070000e-03	6.378196e-05
6.080000e-03	6.374100e-05
6.090000e-03	6.370004e-05
6.100000e-03	6.365909e-05
6.110000e-03	6.361813e-05
6.120000e-03	6.357717e-05
6.130000e-03	6.353621e-05
6.140000e-03	6.349525e-05
6.150000e-03	6.345429e-05
6.160000e-03	6.341333e-05
6.170000e-03	6.337237e-05
6.180000e-03	6.333141e-05
6.190000e-03	6.329046e-05
6.200000e-03	6.324950e-05
6.210000e-03	6.320854e-05
6.220000e-03	6.316758e-05
6.230000e-03	6.312662e-05
6.240000e-03	6.308566e-05
6.250000e-03	6.304470e-05
6.260000e-03	6.300374e-05
6.270000e-03	6.296278e-05
6.280000e-03	6.292183e-05
6.290000e-03	6.288087e-05
6.300000e-03	6.283991e-05
6.310000e-03	6.279895e-05
6.320000e-03	6.275799e-05
6.330000e-03	6.271703e-05
6.340000e-03	6.267607e-05
6.350000e-03	6.263511e-05
6.360000e-03	6.259415e-05
6.370000e-03	6.255320e-05
6.380000e-03	6.251224e-05
6.390000e-03	6.247128e-05
6.400000e-03	6.243032e-05
6.410000e-03	6.238936e-05
6.420000e-03	6.234840e-05
6.430000e-03	6.230744e-05
6.440000e-03	6.226648e-05
6.450000e-03	6.222552e-05
6.460000e-03	6.218456e-05
6.470000e-03	6.214361e-05
6.480000e-03	6.210265e-05
6.490000e-03	6.206169e-05
6.500000e-03	6.202073e-05
6.510000e-03	6.197977e-05
6.520000e-03	6.193881e-05
6.530000e-03	6.189785e-05
6.540000e-03	6.185689e-05
6.550000e-03	6.181593e-05
6.560000e-03	6.177498e-05
6.570000e-03	6.173402e-05
6.580000e-03	6.169306e-05
6.590000e-03	6.165210e-05
6.600000e-03	6.161114e-05
6.610000e-03	6.157018e-05
6.620000e-03	6.152922e-05
6.630000e-03	6.148826e-05
6.640000e-03	6.144730e-05
6.650000e-03	6.140635e-05
6.660000e-03	6.136539e-05
6.670000e-03	6.132443e-05
6.680000e-03	6.128347e-05
6.690000e-03	6.124251e-05
6.700000e-03	6.120155e-05
6.710000e-03	6.116059e-05
6.720000e-03	6.111963e-05
6.730000e-03	6.107867e-05
6.740000e-03	6.103772e-05
6.750000e-03	6.099676e-05
6.760000e-03	6.095580e-05
6.770000e-03	6.091484e-05
6.780000e-03	6.087388e-05
6.790000e-03	6.083292e-05
6.800000e-03	6.079196e-05
6.810000e-03	6.075100e-05
6.820000e-03	6.071004e-05
6.830000e-03	6.066908e-05
6.840000e-03	6.062813e-05
6.850000e-03	6.058717e-05
6.860000e-03	6.054621e-05
6.870000e-03	6.050525e-05
6.880000e-03	6.046429e-05
6.890000e-03	6.042333e-05
6.900000e-03	6.038237e-05
6.910000e-03	6.034141e-05
6.920000e-03	6.030045e-05
6.930000e-03	6.025950e-05
6.940000e-03	6.021854e-05
6.950000e-03	6.017758e-05
6.960000e-03	6.013662e-05
6.970000e-03	6.009566e-05
6.980000e-03	6.005470e-05
6.990000e-03	6.001374e-05
7.000000e-03	5.997278e-05
7.010000e-03	5.993182e-05
7.020000e-03	5.989087e-05
7.030000e-03	5.984991e-05
7.040000e-03	5.980895e-05
7.050000e-03	5.976799e-05
7.060000e-03	5.972703e-05
7.070000e-03	5.968607e-05
7.080000e-03	5.964511e-05
7.090000e-03	5.960415e-05
7.100000e-03	5.956319e-05
7.110000e-03	5.952224e-05
7.120000e-03	5.948128e-05
7.130000e-03	5.944032e-05
7.140000e-03	5.939936e-05
7.150000e-03	5.935840e-05
7.160000e-03	5.931744e-05
7.170000e-03	5.927648e-05
7.180000e-03	5.923552e-05
7.190000e-03	5.919456e-05
7.200000e-03	5.915360e-05
7.210000e-03	5.911265e-05
7.220000e-03	5.907169e-05
7.230000e-03	5.903073e-05
7.240000e-03	5.898977e-05
7.250000e-03	5.894881e-05
7.260000e-03	5.890785e-05
7.270000e-03	5.886689e-05
7.280000e-03	5.882593e-05
7.290000e-03	5.878497e-05
7.300000e-03	5.874402e-05
7.310000e-03	5.870306e-05
7.320000e-03	5.866210e-05
7.330000e-03	5.862114e-05
7.340000e-03	5.858018e-05
7.350000e-03	5.853922e-05
7.360000e-03	5.849826e-05
7.370000e-03	5.845730e-05
7.380000e-03	5.841634e-05
7.390000e-03	5.837539e-05
7.400000e-03	5.833443e-05
7.410000e-03	5.829347e-05
7.420000e-03	5.825251e-05
7.430000e-03	5.821155e-05
7.440000e-03	5.817059e-05
7.450000e-03	5.812963e-05
7.460000e-03	5.808867e-05
7.470000e-03	5.804771e-05
7.480000e-03	5.800676e-05
7.490000e-03	5.796580e-05
7.500000e-03	5.792484e-05
7.510000e-03	5.788388e-05
7.520000e-03	5.784292e-05
7.530000e-03	5.780196e-05
7.540000e-03	5.776100e-05
7.550000e-03	5.772004e-05
7.560000e-03	5.767908e-05
7.570000e-03	5.763812e-05
7.580000e-03	5.759717e-05
7.590000e-03	5.755621e-05
7.600000e-03	5.751525e-05
7.610000e-03	5.747429e-05
7.620000e-03	5.743333e-05
7.630000e-03	5.739237e-05
7.640000e-03	5.735141e-05
7.650000e-03	5.731045e-05
7.660000e-03	5.726949e-05
7.670000e-03	5.722854e-05
7.680000e-03	5.718758e-05
7.690000e-03	5.714662e-05
7.700000e-03	5.710566e-05
7.710000e-03	5.706470e-05
7.720000e-03	5.702374e-05
7.730000e-03	5.698278e-05
7.740000e-03	5.694182e-05
7.750000e-03	5.690086e-05
7.760000e-03	5.685991e-05
7.770000e-03	5.681895e-05
7.780000e-03	5.677799e-05
7.790000e-03	5.673703e-05
7.800000e-03	5.669607e-05
7.810000e-03	5.665511e-05
7.820000e-03	5.661415e-05
7.830000e-03	5.657319e-05
7.840000e-03	5.653223e-05
7.850000e-03	5.649128e-05
7.860000e-03	5.645032e-05
7.870000e-03	5.640936e-05
7.880000e-03	5.636840e-05
7.890000e-03	5.632744e-05
7.900000e-03	5.628648e-05
7.910000e-03	5.624552e-05
7.920000e-03	5.620456e-05
7.930000e-03	5.616360e-05
7.940000e-03	5.612264e-05
7.950000e-03	5.608169e-05
7.960000e-03	5.604073e-05
7.970000e-03	5.599977e-05
7.980000e-03	5.595881e-05
7.990000e-03	5.591785e-05
8.000000e-03	5.587689e-05
8.010000e-03	5.583593e-05
8.020000e-03	5.579497e-05
8.030000e-03	5.575401e-05
8.040000e-03	5.571306e-05
8.050000e-03	5.567210e-05
8.060000e-03	5.563114e-05
8.070000e-03	5.559018e-05
8.080000e-03	5.554922e-05
8.090000e-03	5.550826e-05
8.100000e-03	5.546730e-05
8.110000e-03	5.542634e-05
8.120000e-03	5.538538e-05
8.130000e-03	5.534443e-05
8.140000e-03	5.530347e-05
8.150000e-03	5.526251e-05
8.160000e-03	5.522155e-05
8.170000e-03	5.518059e-05
8.180000e-03	5.513963e-05
8.190000e-03	5.509867e-05
8.200000e-03	5.505771e-05
8.210000e-03	5.501675e-05
8.220000e-03	5.497580e-05
8.230000e-03	5.493484e-05
8.240000e-03	5.489388e-05
8.250000e-03	5.485292e-05
8.260000e-03	5.481196e-05
8.270000e-03	5.477100e-05
8.280000e-03	5.473004e-05
8.290000e-03	5.468908e-05
8.300000e-03	5.464812e-05
8.310000e-03	5.460716e-05
8.320000e-03	5.456621e-05
8.330000e-03	5.452525e-05
8.340000e-03	5.448429e-05
8.350000e-03	5.444333e-05
8.360000e-03	5.440237e-05
8.370000e-03	5.436141e-05
8.380000e-03	5.432045e-05
8.390000e-03	5.427949e-05
8.400000e-03	5.423853e-05
8.410000e-03	5.419758e-05
8.420000e-03	5.415662e-05
8.430000e-03	5.411566e-05
8.440000e-03	5.407470e-05
8.450000e-03	5.403374e-05
8.460000e-03	5.399278e-05
8.470000e-03	5.395182e-05
8.480000e-03	5.391086e-05
8.490000e-03	5.386990e-05
8.500000e-03	5.382895e-05
8.510000e-03	5.378799e-05
8.520000e-03	5.374703e-05
8.530000e-03	5.370607e-05
8.540000e-03	5.366511e-05
8.550000e-03	5.362415e-05
8.560000e-03	5.358319e-05
8.570000e-03	5.354223e-05
8.580000e-03	5.350127e-05
8.590000e-03	5.346032e-05
8.600000e-03	5.341936e-05
8.610000e-03	5.337840e-05
8.620000e-03	5.333744e-05
8.630000e-03	5.329648e-05
8.640000e-03	5.325552e-05
8.650000e-03	5.321456e-05
8.660000e-03	5.317360e-05
8.670000e-03	5.313264e-05
8.680000e-03	5.309168e-05
8.690000e-03	5.305073e-05
8.700000e-03	5.300977e-05
8.710000e-03	5.296881e-05
8.720000e-03	5.292785e-05
8.730000e-03	5.288689e-05
8.740000e-03	5.284593e-05
8.750000e-03	5.280497e-05
8.760000e-03	5.276401e-05
8.770000e-03	5.272305e-05
8.780000e-03	5.268210e-05
8.790000e-03	5.264114e-05
8.800000e-03	5.260018e-05
8.810000e-03	5.255922e-05
8.820000e-03	5.251826e-05
8.830000e-03	5.247730e-05
8.840000e-03	5.243634e-05
8.850000e-03	5.239538e-05
8.860000e-03	5.235442e-05
8.870000e-03	5.231347e-05
8.880000e-03	5.227251e-05
8.890000e-03	5.223155e-05
8.900000e-03	5.219059e-05
8.910000e-03	5.214963e-05
8.920000e-03	5.210867e-05
8.930000e-03	5.206771e-05
8.940000e-03	5.202675e-05
8.950000e-03	5.198579e-05
8.960000e-03	5.194484e-05
8.970000e-03	5.190388e-05
8.980000e-03	5.186292e-05
8.990000e-03	5.182196e-05
9.000000e-03	5.178100e-05
9.010000e-03	5.174004e-05
9.020000e-03	5.169908e-05
9.030000e-03	5.165812e-05
9.040000e-03	5.161716e-05
9.050000e-03	5.157620e-05
9.060000e-03	5.153525e-05
9.070000e-03	5.149429e-05
9.080000e-03	5.145333e-05
9.090000e-03	5.141237e-05
9.100000e-03	5.137141e-05
9.110000e-03	5.133045e-05
9.120000e-03	5.128949e-05
9.130000e-03	5.124853e-05
9.140000e-03	5.120757e-05
9.150000e-03	5.116662e-05
9.160000e-03	5.112566e-05
9.170000e-03	5.108470e-05
9.180000e-03	5.104374e-05
9.190000e-03	5.100278e-05
9.200000e-03	5.096182e-05
9.210000e-03	5.092086e-05
9.220000e-03	5.087990e-05
9.230000e-03	5.083894e-05
9.240000e-03	5.079799e-05
9.250000e-03	5.075703e-05
9.260000e-03	5.071607e-05
9.270000e-03	5.067511e-05
9.280000e-03	5.063415e-05
9.290000e-03	5.059319e-05
9.300000e-03	5.055223e-05
9.310000e-03	5.051127e-05
9.320000e-03	5.047031e-05
9.330000e-03	5.042936e-05
9.340000e-03	5.038840e-05
9.350000e-03	5.034744e-05
9.360000e-03	5.030648e-05
9.370000e-03	5.026552e-05
9.380000e-03	5.022456e-05
9.390000e-03	5.018360e-05
9.400000e-03	5.014264e-05
9.410000e-03	5.010168e-05
9.420000e-03	5.006073e-05
9.430000e-03	5.001977e-05
9.440000e-03	4.997881e-05
9.450000e-03	4.993785e-05
9.460000e-03	4.989689e-05
9.470000e-03	4.985593e-05
9.480000e-03	4.981497e-05
9.490000e-03	4.977401e-05
9.500000e-03	4.973305e-05
9.510000e-03	4.969209e-05
9.520000e-03	4.965114e-05
9.530000e-03	4.961018e-05
9.540000e-03	4.956922e-05
9.550000e-03	4.952826e-05
9.560000e-03	4.948730e-05
9.570000e-03	4.944634e-05
9.580000e-03	4.940538e-05
9.590000e-03	4.936442e-05
9.600000e-03	4.932346e-05
9.610000e-03	4.928251e-05
9.620000e-03	4.924155e-05
9.630000e-03	4.920059e-05
9.640000e-03	4.915963e-05
9.650000e-03	4.911867e-05
9.660000e-03	4.907771e-05
9.670000e-03	4.903675e-05
9.680000e-03	4.899579e-05
9.690000e-03	4.895483e-05
9.700000e-03	4.891388e-05
9.710000e-03	4.887292e-05
9.720000e-03	4.883196e-05
9.730000e-03	4.879100e-05
9.740000e-03	4.875004e-05
9.750000e-03	4.870908e-05
9.760000e-03	4.866812e-05
9.770000e-03	4.862716e-05
9.780000e-03	4.858620e-05
9.790000e-03	4.854525e-05
9.800000e-03	4.850429e-05
9.810000e-03	4.847231e-05
9.820000e-03	4.844033e-05
9.830000e-03	4.840835e-05
9.840000e-03	4.837637e-05
9.850000e-03	4.834439e-05
9.860000e-03	4.831241e-05
9.870000e-03	4.828043e-05
9.880000e-03	4.824845e-05
9.890000e-03	4.821648e-05
9.900000e-03	4.818450e-05
9.910000e-03	4.815252e-05
9.920000e-03	4.812054e-05
9.930000e-03	4.808856e-05
9.940000e-03	4.805658e-05
9.950000e-03	4.802460e-05
9.960000e-03	4.799262e-05
9.970000e-03	4.796064e-05
9.980000e-03	4.792867e-05
9.990000e-03	4.789669e-05
1.000000e-02	4.786471e-05
1.001000e-02	4.783273e-05
1.002000e-02	4.780075e-05
1.003000e-02	4.776877e-05
1.004000e-02	4.773679e-05
1.005000e-02	4.770481e-05
1.006000e-02	4.767283e-05
1.007000e-02	4.764086e-05
1.008000e-02	4.760888e-05
1.009000e-02	4.757690e-05
1.010000e-02	4.754492e-05
1.011000e-02	4.751294e-05
1.012000e-02	4.748096e-05
1.013000e-02	4.744898e-05
1.014000e-02	4.741700e-05
1.015000e-02	4.738502e-05
1.016000e-02	4.735305e-05
1.017000e-02	4.732107e-05
1.018000e-02	4.728909e-05
1.019000e-02	4.725711e-05
1.020000e-02	4.722513e-05
1.021000e-02	4.719315e-05
1.022000e-02	4.716117e-05
1.023000e-02	4.712919e-05
1.024000e-02	4.709721e-05
1.025000e-02	4.706523e-05
1.026000e-02	4.703326e-05
1.027000e-02	4.700128e-05
1.028000e-02	4.696930e-05
1.029000e-02	4.693732e-05
1.030000e-02	4.690534e-05
1.031000e-02	4.687336e-05
1.032000e-02	4.684138e-05
1.033000e-02	4.680940e-05
1.034000e-02	4.677742e-05
1.035000e-02	4.674545e-05
1.036000e-02	4.671347e-05
1.037000e-02	4.668149e-05
1.038000e-02	4.664951e-05
1.039000e-02	4.661753e-05
1.040000e-02	4.658555e-05
1.041000e-02	4.655357e-05
1.042000e-02	4.652159e-05
1.043000e-02	4.648961e-05
1.044000e-02	4.645764e-05
1.045000e-02	4.642566e-05
1.046000e-02	4.639368e-05
1.047000e-02	4.636170e-05
1.048000e-02	4.632972e-05
1.049000e-02	4.629774e-05
1.050000e-02	4.626576e-05
1.051000e-02	4.623378e-05
1.052000e-02	4.620180e-05
1.053000e-02	4.616983e-05
1.054000e-02	4.613785e-05
1.055000e-02	4.610587e-05
1.056000e-02	4.607389e-05
1.057000e-02	4.604191e-05
1.058000e-02	4.600993e-05
1.059000e-02	4.597795e-05
1.060000e-02	4.594597e-05
1.061000e-02	4.591399e-05
1.062000e-02	4.588201e-05
1.063000e-02	4.585004e-05
1.064000e-02	4.581806e-05
1.065000e-02	4.578608e-05
1.066000e-02	4.575410e-05
1.067000e-02	4.572212e-05
1.068000e-02	4.569014e-05
1.069000e-02	4.565816e-05
1.070000e-02	4.562618e-05
1.071000e-02	4.559420e-05
1.072000e-02	4.556223e-05
1.073000e-02	4.553025e-05
1.074000e-02	4.549827e-05
1.075000e-02	4.546629e-05
1.076000e-02	4.543431e-05
1.077000e-02	4.540233e-05
1.078000e-02	4.537035e-05
1.079000e-02	4.533837e-05
1.080000e-02	4.530639e-05
1.081000e-02	4.527924e-05
1.082000e-02	4.525209e-05
1.083000e-02	4.522494e-05
1.084000e-02	4.519778e-05
1.085000e-02	4.517063e-05
1.086000e-02	4.514348e-05
1.087000e-02	4.511633e-05
1.088000e-02	4.508918e-05
1.089000e-02	4.506202e-05
1.090000e-02	4.503487e-05
1.091000e-02	4.500772e-05
1.092000e-02	4.498057e-05
1.093000e-02	4.495341e-05
1.094000e-02	4.492626e-05
1.095000e-02	4.489911e-05
1.096000e-02	4.487196e-05
1.097000e-02	4.484480e-05
1.098000e-02	4.481765e-05
1.099000e-02	4.479050e-05
1.100000e-02	4.476335e-05
1.101000e-02	4.473619e-05
1.102000e-02	4.470904e-05
1.103000e-02	4.468189e-05
1.104000e-02	4.465474e-05
1.105000e-02	4.462758e-05
1.106000e-02	4.460043e-05
1.107000e-02	4.457328e-05
1.108000e-02	4.454613e-05
1.109000e-02	4.451897e-05
1.110000e-02	4.449182e-05
1.111000e-02	4.446467e-05
1.112000e-02	4.443752e-05
1.113000e-02	4.441036e-05
1.114000e-02	4.438321e-05
1.115000e-02	4.435606e-05
1.116000e-02	4.432891e-05
1.117000e-02	4.430176e-05
1.118000e-02	4.427460e-05
1.119000e-02	4.424745e-05
1.120000e-02	4.422030e-05
1.121000e-02	4.419315e-05
1.122000e-02	4.416599e-05
1.123000e-02	4.413884e-05
1.124000e-02	4.411169e-05
1.125000e-02	4.408454e-05
1.126000e-02	4.405738e-05
1.127000e-02	4.403023e-05
1.128000e-02	4.400308e-05
1.129000e-02	4.397593e-05
1.130000e-02	4.394877e-05
1.131000e-02	4.392162e-05
1.132000e-02	4.389447e-05
1.133000e-02	4.386732e-05
1.134000e-02	4.384016e-05
1.135000e-02	4.381301e-05
1.136000e-02	4.378586e-05
1.137000e-02	4.375871e-05
1.138000e-02	4.373155e-05
1.139000e-02	4.370440e-05
1.140000e-02	4.367725e-05
1.141000e-02	4.365010e-05
1.142000e-02	4.362294e-05
1.143000e-02	4.359579e-05
1.144000e-02	4.356864e-05
1.145000e-02	4.354149e-05
1.146000e-02	4.351434e-05
1.147000e-02	4.348718e-05
1.148000e-02	4.346003e-05
1.149000e-02	4.343288e-05
1.150000e-02	4.340573e-05
1.151000e-02	4.337857e-05
1.152000e-02	4.335142e-05
1.153000e-02	4.332427e-05
1.154000e-02	4.329712e-05
1.155000e-02	4.326996e-05
1.156000e-02	4.324281e-05
1.157000e-02	4.321566e-05
1.158000e-02	4.318851e-05
1.159000e-02	4.316135e-05
1.160000e-02	4.313420e-05
1.161000e-02	4.310705e-05
1.162000e-02	4.307990e-05
1.163000e-02	4.305274e-05
1.164000e-02	4.302559e-05
1.165000e-02	4.299844e-05
1.166000e-02	4.297129e-05
1.167000e-02	4.294413e-05
1.168000e-02	4.291698e-05
1.169000e-02	4.288983e-05
1.170000e-02	4.286268e-05
1.171000e-02	4.283552e-05
1.172000e-02	4.280837e-05
1.173000e-02	4.278122e-05
1.174000e-02	4.275407e-05
1.175000e-02	4.272691e-05
1.176000e-02	4.269976e-05
1.177000e-02	4.267261e-05
1.178000e-02	4.264546e-05
1.179000e-02	4.261831e-05
1.180000e-02	4.259115e-05
1.181000e-02	4.256980e-05
1.182000e-02	4.254845e-05
1.183000e-02	4.252709e-05
1.184000e-02	4.250574e-05
1.185000e-02	4.248439e-05
1.186000e-02	4.246304e-05
1.187000e-02	4.244168e-05
1.188000e-02	4.242033e-05
1.189000e-02	4.239898e-05
1.190000e-02	4.237762e-05
1.191000e-02	4.235627e-05
1.192000e-02	4.233492e-05
1.193000e-02	4.231356e-05
1.194000e-02	4.229221e-05
1.195000e-02	4.227086e-05
1.196000e-02	4.224951e-05
1.197000e-02	4.222815e-05
1.198000e-02	4.220680e-05
1.199000e-02	4.218545e-05
1.200000e-02	4.216409e-05
1.201000e-02	4.214274e-05
1.202000e-02	4.212139e-05
1.203000e-02	4.210004e-05
1.204000e-02	4.207868e-05
1.205000e-02	4.205733e-05
1.206000e-02	4.203598e-05
1.207000e-02	4.201462e-05
1.208000e-02	4.199327e-05
1.209000e-02	4.197192e-05
1.210000e-02	4.195056e-05
1.211000e-02	4.192921e-05
1.212000e-02	4.190786e-05
1.213000e-02	4.188651e-05
1.214000e-02	4.186515e-05
1.215000e-02	4.184380e-05
1.216000e-02	4.182245e-05
1.217000e-02	4.180109e-05
1.218000e-02	4.177974e-05
1.219000e-02	4.175839e-05
1.220000e-02	4.173704e-05
1.221000e-02	4.171568e-05
1.222000e-02	4.169433e-05
1.223000e-02	4.167298e-05
1.224000e-02	4.165162e-05
1.225000e-02	4.163027e-05
1.226000e-02	4.160892e-05
1.227000e-02	4.158756e-05
1.228000e-02	4.156621e-05
1.229000e-02	4.154486e-05
1.230000e-02	4.152351e-05
1.231000e-02	4.150215e-05
1.232000e-02	4.148080e-05
1.233000e-02	4.145945e-05
1.234000e-02	4.143809e-05
1.235000e-02	4.141674e-05
1.236000e-02	4.139539e-05
1.237000e-02	4.137404e-05
1.238000e-02	4.135268e-05
1.239000e-02	4.133133e-05
1.240000e-02	4.130998e-05
1.241000e-02	4.128862e-05
1.242000e-02	4.126727e-05
1.243000e-02	4.124592e-05
1.244000e-02	4.122456e-05
1.245000e-02	4.120321e-05
1.246000e-02	4.118186e-05
1.247000e-02	4.116051e-05
1.248000e-02	4.113915e-05
1.249000e-02	4.111780e-05
1.250000e-02	4.109645e-05
1.251000e-02	4.107509e-05
1.252000e-02	4.105374e-05
1.253000e-02	4.103239e-05
1.254000e-02	4.101104e-05
1.255000e-02	4.098968e-05
1.256000e-02	4.096833e-05
1.257000e-02	4.094698e-05
1.258000e-02	4.092562e-05
1.259000e-02	4.090427e-05
1.260000e-02	4.088292e-05
1.261000e-02	4.086156e-05
1.262000e-02	4.084021e-05
1.263000e-02	4.081886e-05
1.264000e-02	4.079751e-05
1.265000e-02	4.077615e-05
1.266000e-02	4.075480e-05
1.267000e-02	4.073345e-05
1.268000e-02	4.071209e-05
1.269000e-02	4.069074e-05
1.270000e-02	4.066939e-05
1.271000e-02	4.064804e-05
1.272000e-02	4.062668e-05
1.273000e-02	4.060533e-05
1.274000e-02	4.058398e-05
1.275000e-02	4.056262e-05
1.276000e-02	4.054127e-05
1.277000e-02	4.051992e-05
1.278000e-02	4.049857e-05
1.279000e-02	4.047721e-05
1.280000e-02	4.045586e-05
1.281000e-02	4.044126e-05
1.282000e-02	4.042666e-05
1.283000e-02	4.041206e-05
1.284000e-02	4.039746e-05
1.285000e-02	4.038286e-05
1.286000e-02	4.036826e-05
1.287000e-02	4.035366e-05
1.288000e-02	4.033906e-05
1.289000e-02	4.032446e-05
1.290000e-02	4.030986e-05
1.291000e-02	4.029526e-05
1.292000e-02	4.028066e-05
1.293000e-02	4.026606e-05
1.294000e-02	4.025146e-05
1.295000e-02	4.023687e-05
1.296000e-02	4.022227e-05
1.297000e-02	4.020767e-05
1.298000e-02	4.019307e-05
1.299000e-02	4.017847e-05
1.300000e-02	4.016387e-05
1.301000e-02	4.014927e-05
1.302000e-02	4.013467e-05
1.303000e-02	4.012007e-05
1.304000e-02	4.010547e-05
1.305000e-02	4.009087e-05
1.306000e-02	4.007627e-05
1.307000e-02	4.006167e-05
1.308000e-02	4.004707e-05
1.309000e-02	4.003247e-05
1.310000e-02	4.001787e-05
1.311000e-02	4.000327e-05
1.312000e-02	3.998867e-05
1.313000e-02	3.997407e-05
1.314000e-02	3.995947e-05
1.315000e-02	3.994487e-05
1.316000e-02	3.993027e-05
1.317000e-02	3.991567e-05
1.318000e-02	3.990107e-05
1.319000e-02	3.988647e-05
1.320000e-02	3.987187e-05
1.321000e-02	3.985728e-05
1.322000e-02	3.984268e-05
1.323000e-02	3.982808e-05
1.324000e-02	3.981348e-05
1.325000e-02	3.979888e-05
1.326000e-02	3.978428e-05
1.327000e-02	3.976968e-05
1.328000e-02	3.975508e-05
1.329000e-02	3.974048e-05
1.330000e-02	3.972588e-05
1.331000e-02	3.971128e-05
1.332000e-02	3.969668e-05
1.333000e-02	3.968208e-05
1.334000e-02	3.966748e-05
1.335000e-02	3.965288e-05
1.336000e-02	3.963828e-05
1.337000e-02	3.962368e-05
1.338000e-02	3.960908e-05
1.339000e-02	3.959448e-05
1.340000e-02	3.957988e-05
1.341000e-02	3.956528e-05
1.342000e-02	3.955068e-05
1.343000e-02	3.953608e-05
1.344000e-02	3.952148e-05
1.345000e-02	3.950688e-05
1.346000e-02	3.949229e-05
1.347000e-02	3.947769e-05
1.348000e-02	3.946309e-05
1.349000e-02	3.944849e-05
1.350000e-02	3.943389e-05
1.351000e-02	3.941929e-05
1.352000e-02	3.940469e-05
1.353000e-02	3.939009e-05
1.354000e-02	3.937549e-05
1.355000e-02	3.936089e-05
1.356000e-02	3.934629e-05
1.357000e-02	3.933169e-05
1.358000e-02	3.931709e-05
1.359000e-02	3.930249e-05
1.360000e-02	3.928789e-05
1.361000e-02	3.927329e-05
1.362000e-02	3.925869e-05
1.363000e-02	3.924409e-05
1.364000e-02	3.922949e-05
1.365000e-02	3.921489e-05
1.366000e-02	3.920029e-05
1.367000e-02	3.918569e-05
1.368000e-02	3.917109e-05
1.369000e-02	3.915649e-05
1.370000e-02	3.914189e-05
1.371000e-02	3.912729e-05
1.372000e-02	3.911270e-05
1.373000e-02	3.909810e-05
1.374000e-02	3.908350e-05
1.375000e-02	3.906890e-05
1.376000e-02	3.905430e-05
1.377000e-02	3.903970e-05
1.378000e-02	3.902510e-05
1.379000e-02	3.901050e-05
1.380000e-02	3.899590e-05
1.381000e-02	3.898883e-05
1.382000e-02	3.898175e-05
1.383000e-02	3.897468e-05
1.384000e-02	3.896761e-05
1.385000e-02	3.896053e-05
1.386000e-02	3.895346e-05
1.387000e-02	3.894639e-05
1.388000e-02	3.893931e-05
1.389000e-02	3.893224e-05
1.390000e-02	3.892517e-05
1.391000e-02	3.891810e-05
1.392000e-02	3.891102e-05
1.393000e-02	3.890395e-05
1.394000e-02	3.889688e-05
1.395000e-02	3.888980e-05
1.396000e-02	3.888273e-05
1.397000e-02	3.887566e-05
1.398000e-02	3.886858e-05
1.399000e-02	3.886151e-05
1.400000e-02	3.885444e-05
1.401000e-02	3.884737e-05
1.402000e-02	3.884029e-05
1.403000e-02	3.883322e-05
1.404000e-02	3.882615e-05
1.405000e-02	3.881907e-05
1.406000e-02	3.881200e-05
1.407000e-02	3.880493e-05
1.408000e-02	3.879786e-05
1.409000e-02	3.879078e-05
1.410000e-02	3.878371e-05
1.411000e-02	3.877664e-05
1.412000e-02	3.876956e-05
1.413000e-02	3.876249e-05
1.414000e-02	3.875542e-05
1.415000e-02	3.874834e-05
1.416000e-02	3.874127e-05
1.417000e-02	3.873420e-05
1.418000e-02	3.872713e-05
1.419000e-02	3.872005e-05
1.420000e-02	3.871298e-05
1.421000e-02	3.870591e-05
1.422000e-02	3.869883e-05
1.423000e-02	3.869176e-05
1.424000e-02	3.868469e-05
1.425000e-02	3.867761e-05
1.426000e-02	3.867054e-05
1.427000e-02	3.866347e-05
1.428000e-02	3.865640e-05
1.429000e-02	3.864932e-05
1.430000e-02	3.864225e-05
1.431000e-02	3.863518e-05
1.432000e-02	3.862810e-05
1.433000e-02	3.862103e-05
1.434000e-02	3.861396e-05
1.435000e-02	3.860688e-05
1.436000e-02	3.859981e-05
1.437000e-02	3.859274e-05
1.438000e-02	3.858567e-05
1.439000e-02	3.857859e-05
1.440000e-02	3.857152e-05
1.441000e-02	3.856445e-05
1.442000e-02	3.855737e-05
1.443000e-02	3.855030e-05
1.444000e-02	3.854323e-05
1.445000e-02	3.853616e-05
1.446000e-02	3.852908e-05
1.447000e-02	3.852201e-05
1.448000e-02	3.851494e-05
1.449000e-02	3.850786e-05
1.450000e-02	3.850079e-05
1.451000e-02	3.849372e-05
1.452000e-02	3.848664e-05
1.453000e-02	3.847957e-05
1.454000e-02	3.847250e-05
1.455000e-02	3.846543e-05
1.456000e-02	3.845835e-05
1.457000e-02	3.845128e-05
1.458000e-02	3.844421e-05
1.459000e-02	3.843713e-05
1.460000e-02	3.843006e-05
1.461000e-02	3.842299e-05
1.462000e-02	3.841591e-05
1.463000e-02	3.840884e-05
1.464000e-02	3.840177e-05
1.465000e-02	3.839470e-05
1.466000e-02	3.838762e-05
1.467000e-02	3.838055e-05
1.468000e-02	3.837348e-05
1.469000e-02	3.836640e-05
1.470000e-02	3.835933e-05
1.471000e-02	3.835226e-05
1.472000e-02	3.834518e-05
1.473000e-02	3.833811e-05
1.474000e-02	3.833104e-05
1.475000e-02	3.832397e-05
1.476000e-02	3.831689e-05
1.477000e-02	3.830982e-05
1.478000e-02	3.830275e-05
1.479000e-02	3.829567e-05
1.480000e-02	3.828860e-05
1.481000e-02	3.828947e-05
1.482000e-02	3.829034e-05
1.483000e-02	3.829121e-05
1.484000e-02	3.829208e-05
1.485000e-02	3.829295e-05
1.486000e-02	3.829382e-05
1.487000e-02	3.829469e-05
1.488000e-02	3.829556e-05
1.489000e-02	3.829643e-05
1.490000e-02	3.829730e-05
1.491000e-02	3.829817e-05
1.492000e-02	3.829904e-05
1.493000e-02	3.829991e-05
1.494000e-02	3.830078e-05
1.495000e-02	3.830165e-05
1.496000e-02	3.830252e-05
1.497000e-02	3.830339e-05
1.498000e-02	3.830426e-05
1.499000e-02	3.830513e-05
1.500000e-02	3.830600e-05
1.501000e-02	3.830687e-05
1.502000e-02	3.830774e-05
1.503000e-02	3.830861e-05
1.504000e-02	3.830948e-05
1.505000e-02	3.831035e-05
1.506000e-02	3.831122e-05
1.507000e-02	3.831209e-05
1.508000e-02	3.831296e-05
1.509000e-02	3.831383e-05
1.510000e-02	3.831470e-05
1.511000e-02	3.831557e-05
1.512000e-02	3.831644e-05
1.513000e-02	3.831731e-05
1.514000e-02	3.831818e-05
1.515000e-02	3.831905e-05
1.516000e-02	3.831992e-05
1.517000e-02	3.832079e-05
1.518000e-02	3.832166e-05
1.519000e-02	3.832253e-05
1.520000e-02	3.832340e-05
1.521000e-02	3.832427e-05
1.522000e-02	3.832514e-05
1.523000e-02	3.832601e-05
1.524000e-02	3.832688e-05
1.525000e-02	3.832775e-05
1.526000e-02	3.832862e-05
1.527000e-02	3.832949e-05
1.528000e-02	3.833036e-05
1.529000e-02	3.833123e-05
1.530000e-02	3.833210e-05
1.531000e-02	3.833297e-05
1.532000e-02	3.833384e-05
1.533000e-02	3.833471e-05
1.534000e-02	3.833558e-05
1.535000e-02	3.833645e-05
1.536000e-02	3.833732e-05
1.537000e-02	3.833819e-05
1.538000e-02	3.833906e-05
1.539000e-02	3.833993e-05
1.540000e-02	3.834080e-05
1.541000e-02	3.834167e-05
1.542000e-02	3.834254e-05
1.543000e-02	3.834341e-05
1.544000e-02	3.834428e-05
1.545000e-02	3.834515e-05
1.546000e-02	3.834602e-05
1.547000e-02	3.834689e-05
1.548000e-02	3.834776e-05
1.549000e-02	3.834863e-05
1.550000e-02	3.834950e-05
1.551000e-02	3.835037e-05
1.552000e-02	3.835124e-05
1.553000e-02	3.835211e-05
1.554000e-02	3.835298e-05
1.555000e-02	3.835385e-05
1.556000e-02	3.835472e-05
1.557000e-02	3.835559e-05
1.558000e-02	3.835646e-05
1.559000e-02	3.835733e-05
1.560000e-02	3.835820e-05
1.561000e-02	3.835908e-05
1.562000e-02	3.835995e-05
1.563000e-02	3.836082e-05
1.564000e-02	3.836169e-05
1.565000e-02	3.836256e-05
1.566000e-02	3.836343e-05
1.567000e-02	3.836430e-05
1.568000e-02	3.836517e-05
1.569000e-02	3.836604e-05
1.570000e-02	3.836691e-05
1.571000e-02	3.836778e-05
1.572000e-02	3.836865e-05
1.573000e-02	3.836952e-05
1.574000e-02	3.837039e-05
1.575000e-02	3.837126e-05
1.576000e-02	3.837213e-05
1.577000e-02	3.837300e-05
1.578000e-02	3.837387e-05
1.579000e-02	3.837474e-05
1.580000e-02	3.837561e-05
1.581000e-02	3.838437e-05
1.582000e-02	3.839313e-05
1.583000e-02	3.840189e-05
1.584000e-02	3.841065e-05
1.585000e-02	3.841941e-05
1.586000e-02	3.842817e-05
1.587000e-02	3.843693e-05
1.588000e-02	3.844569e-05
1.589000e-02	3.845445e-05
1.590000e-02	3.846321e-05
1.591000e-02	3.847197e-05
1.592000e-02	3.848073e-05
1.593000e-02	3.848949e-05
1.594000e-02	3.849825e-05
1.595000e-02	3.850701e-05
1.596000e-02	3.851577e-05
1.597000e-02	3.852453e-05
1.598000e-02	3.853329e-05
1.599000e-02	3.854205e-05
1.600000e-02	3.855081e-05
1.601000e-02	3.855957e-05
1.602000e-02	3.856833e-05
1.603000e-02	3.857709e-05
1.604000e-02	3.858585e-05
1.605000e-02	3.859461e-05
1.606000e-02	3.860337e-05
1.607000e-02	3.861213e-05
1.608000e-02	3.862089e-05
1.609000e-02	3.862965e-05
1.610000e-02	3.863841e-05
1.611000e-02	3.864717e-05
1.612000e-02	3.865593e-05
1.613000e-02	3.866469e-05
1.614000e-02	3.867345e-05
1.615000e-02	3.868222e-05
1.616000e-02	3.869098e-05
1.617000e-02	3.869974e-05
1.618000e-02	3.870850e-05
1.619000e-02	3.871726e-05
1.620000e-02	3.872602e-05
1.621000e-02	3.873478e-05
1.622000e-02	3.874354e-05
1.623000e-02	3.875230e-05
1.624000e-02	3.876106e-05
1.625000e-02	3.876982e-05
1.626000e-02	3.877858e-05
1.627000e-02	3.878734e-05
1.628000e-02	3.879610e-05
1.629000e-02	3.880486e-05
1.630000e-02	3.881362e-05
1.631000e-02	3.882238e-05
1.632000e-02	3.883114e-05
1.633000e-02	3.883990e-05
1.634000e-02	3.884866e-05
1.635000e-02	3.885742e-05
1.636000e-02	3.886618e-05
1.637000e-02	3.887494e-05
1.638000e-02	3.888370e-05
1.639000e-02	3.889246e-05
1.640000e-02	3.890122e-05
1.641000e-02	3.890998e-05
1.642000e-02	3.891874e-05
1.643000e-02	3.892750e-05
1.644000e-02	3.893626e-05
1.645000e-02	3.894502e-05
1.646000e-02	3.895378e-05
1.647000e-02	3.896254e-05
1.648000e-02	3.897130e-05
1.649000e-02	3.898006e-05
1.650000e-02	3.898882e-05
1.651000e-02	3.899758e-05
1.652000e-02	3.900634e-05
1.653000e-02	3.901511e-05
1.654000e-02	3.902387e-05
1.655000e-02	3.903263e-05
1.656000e-02	3.904139e-05
1.657000e-02	3.905015e-05
1.658000e-02	3.905891e-05
1.659000e-02	3.906767e-05
1.660000e-02	3.907643e-05
1.661000e-02	3.908519e-05
1.662000e-02	3.909395e-05
1.663000e-02	3.910271e-05
1.664000e-02	3.911147e-05
1.665000e-02	3.912023e-05
1.666000e-02	3.912899e-05
1.667000e-02	3.913775e-05
1.668000e-02	3.914651e-05
1.669000e-02	3.915527e-05
1.670000e-02	3.916403e-05
1.671000e-02	3.917279e-05
1.672000e-02	3.918155e-05
1.673000e-02	3.919031e-05
1.674000e-02	3.919907e-05
1.675000e-02	3.920783e-05
1.676000e-02	3.921659e-05
1.677000e-02	3.922535e-05
1.678000e-02	3.923411e-05
1.679000e-02	3.924287e-05
1.680000e-02	3.925163e-05
1.681000e-02	3.927713e-05
1.682000e-02	3.930263e-05
1.683000e-02	3.932813e-05
1.684000e-02	3.935362e-05
1.685000e-02	3.937912e-05
1.686000e-02	3.940462e-05
1.687000e-02	3.943012e-05
1.688000e-02	3.945561e-05
1.689000e-02	3.948111e-05
1.690000e-02	3.950661e-05
1.691000e-02	3.953211e-05
1.692000e-02	3.955760e-05
1.693000e-02	3.958310e-05
1.694000e-02	3.960860e-05
1.695000e-02	3.963410e-05
1.696000e-02	3.965959e-05
1.697000e-02	3.968509e-05
1.698000e-02	3.971059e-05
1.699000e-02	3.973609e-05
1.700000e-02	3.976158e-05
1.701000e-02	3.978708e-05
1.702000e-02	3.981258e-05
1.703000e-02	3.983808e-05
1.704000e-02	3.986358e-05
1.705000e-02	3.988907e-05
1.706000e-02	3.991457e-05
1.707000e-02	3.994007e-05
1.708000e-02	3.996557e-05
1.709000e-02	3.999106e-05
1.710000e-02	4.001656e-05
1.711000e-02	4.004206e-05
1.712000e-02	4.006756e-05
1.713000e-02	4.009305e-05
1.714000e-02	4.011855e-05
1.715000e-02	4.014405e-05
1.716000e-02	4.016955e-05
1.717000e-02	4.019504e-05
1.718000e-02	4.022054e-05
1.719000e-02	4.024604e-05
1.720000e-02	4.027154e-05
1.721000e-02	4.029703e-05
1.722000e-02	4.032253e-05
1.723000e-02	4.034803e-05
1.724000e-02	4.037353e-05
1.725000e-02	4.039903e-05
1.726000e-02	4.042452e-05
1.727000e-02	4.045002e-05
1.728000e-02	4.047552e-05
1.729000e-02	4.050102e-05
1.730000e-02	4.052651e-05
1.731000e-02	4.055201e-05
1.732000e-02	4.057751e-05
1.733000e-02	4.060301e-05
1.734000e-02	4.062850e-05
1.735000e-02	4.065400e-05
1.736000e-02	4.067950e-05
1.737000e-02	4.070500e-05
1.738000e-02	4.073049e-05
1.739000e-02	4.075599e-05
1.740000e-02	4.078149e-05
1.741000e-02	4.080699e-05
1.742000e-02	4.083249e-05
1.743000e-02	4.085798e-05
1.744000e-02	4.088348e-05
1.745000e-02	4.090898e-05
1.746000e-02	4.093448e-05
1.747000e-02	4.095997e-05
1.748000e-02	4.098547e-05
1.749000e-02	4.101097e-05
1.750000e-02	4.103647e-05
1.751000e-02	4.106196e-05
1.752000e-02	4.108746e-05
1.753000e-02	4.111296e-05
1.754000e-02	4.113846e-05
1.755000e-02	4.116395e-05
1.756000e-02	4.118945e-05
1.757000e-02	4.121495e-05
1.758000e-02	4.124045e-05
1.759000e-02	4.126594e-05
1.760000e-02	4.129144e-05
1.761000e-02	4.131694e-05
1.762000e-02	4.134244e-05
1.763000e-02	4.136794e-05
1.764000e-02	4.139343e-05
1.765000e-02	4.141893e-05
1.766000e-02	4.144443e-05
1.767000e-02	4.146993e-05
1.768000e-02	4.149542e-05
1.769000e-02	4.152092e-05
1.770000e-02	4.154642e-05
1.771000e-02	4.157192e-05
1.772000e-02	4.159741e-05
1.773000e-02	4.162291e-05
1.774000e-02	4.164841e-05
1.775000e-02	4.167391e-05
1.776000e-02	4.169940e-05
1.777000e-02	4.172490e-05
1.778000e-02	4.175040e-05
1.779000e-02	4.177590e-05
1.780000e-02	4.180139e-05
1.781000e-02	4.182689e-05
1.782000e-02	4.185239e-05
1.783000e-02	4.187789e-05
1.784000e-02	4.190339e-05
1.785000e-02	4.192888e-05
1.786000e-02	4.195438e-05
1.787000e-02	4.197988e-05
1.788000e-02	4.200538e-05
1.789000e-02	4.203087e-05
1.790000e-02	4.205637e-05
1.791000e-02	4.208187e-05
1.792000e-02	4.210737e-05
1.793000e-02	4.213286e-05
1.794000e-02	4.215836e-05
1.795000e-02	4.218386e-05
1.796000e-02	4.220936e-05
1.797000e-02	4.223485e-05
1.798000e-02	4.226035e-05
1.799000e-02	4.228585e-05
1.800000e-02	4.231135e-05
1.801000e-02	4.233685e-05
1.802000e-02	4.236234e-05
1.803000e-02	4.238784e-05
1.804000e-02	4.241334e-05
1.805000e-02	4.243884e-05
1.806000e-02	4.246433e-05
1.807000e-02	4.248983e-05
1.808000e-02	4.251533e-05
1.809000e-02	4.254083e-05
1.810000e-02	4.256632e-05
1.811000e-02	4.259182e-05
1.812000e-02	4.261732e-05
1.813000e-02	4.264282e-05
1.814000e-02	4.266831e-05
1.815000e-02	4.269381e-05
1.816000e-02	4.271931e-05
1.817000e-02	4.274481e-05
1.818000e-02	4.277030e-05
1.819000e-02	4.279580e-05
1.820000e-02	4.282130e-05
1.821000e-02	4.284680e-05
1.822000e-02	4.287230e-05
1.823000e-02	4.289779e-05
1.824000e-02	4.292329e-05
1.825000e-02	4.294879e-05
1.826000e-02	4.297429e-05
1.827000e-02	4.299978e-05
1.828000e-02	4.302528e-05
1.829000e-02	4.305078e-05
1.830000e-02	4.307628e-05
1.831000e-02	4.310177e-05
1.832000e-02	4.312727e-05
1.833000e-02	4.315277e-05
1.834000e-02	4.317827e-05
1.835000e-02	4.320376e-05
1.836000e-02	4.322926e-05
1.837000e-02	4.325476e-05
1.838000e-02	4.328026e-05
1.839000e-02	4.330575e-05
1.840000e-02	4.333125e-05
1.841000e-02	4.335675e-05
1.842000e-02	4.338225e-05
1.843000e-02	4.340775e-05
1.844000e-02	4.343324e-05
1.845000e-02	4.345874e-05
1.846000e-02	4.348424e-05
1.847000e-02	4.350974e-05
1.848000e-02	4.353523e-05
1.849000e-02	4.356073e-05
1.850000e-02	4.358623e-05
1.851000e-02	4.361173e-05
1.852000e-02	4.363722e-05
1.853000e-02	4.366272e-05
1.854000e-02	4.368822e-05
1.855000e-02	4.371372e-05
1.856000e-02	4.373921e-05
1.857000e-02	4.376471e-05
1.858000e-02	4.379021e-05
1.859000e-02	4.381571e-05
1.860000e-02	4.384120e-05
1.861000e-02	4.386670e-05
1.862000e-02	4.389220e-05
1.863000e-02	4.391770e-05
1.864000e-02	4.394320e-05
1.865000e-02	4.396869e-05
1.866000e-02	4.399419e-05
1.867000e-02	4.401969e-05
1.868000e-02	4.404519e-05
1.869000e-02	4.407068e-05
1.870000e-02	4.409618e-05
1.871000e-02	4.412168e-05
1.872000e-02	4.414718e-05
1.873000e-02	4.417267e-05
1.874000e-02	4.419817e-05
1.875000e-02	4.422367e-05
1.876000e-02	4.424917e-05
1.877000e-02	4.427466e-05
1.878000e-02	4.430016e-05
1.879000e-02	4.432566e-05
1.880000e-02	4.435116e-05
1.881000e-02	4.437666e-05
1.882000e-02	4.440215e-05
1.883000e-02	4.442765e-05
1.884000e-02	4.445315e-05
1.885000e-02	4.447865e-05
1.886000e-02	4.450414e-05
1.887000e-02	4.452964e-05
1.888000e-02	4.455514e-05
1.889000e-02	4.458064e-05
1.890000e-02	4.460613e-05
1.891000e-02	4.463163e-05
1.892000e-02	4.465713e-05
1.893000e-02	4.468263e-05
1.894000e-02	4.470812e-05
1.895000e-02	4.473362e-05
1.896000e-02	4.475912e-05
1.897000e-02	4.478462e-05
1.898000e-02	4.481011e-05
1.899000e-02	4.483561e-05
1.900000e-02	4.486111e-05
1.901000e-02	4.488661e-05
1.902000e-02	4.491211e-05
1.903000e-02	4.493760e-05
1.904000e-02	4.496310e-05
1.905000e-02	4.498860e-05
1.906000e-02	4.501410e-05
1.907000e-02	4.503959e-05
1.908000e-02	4.506509e-05
1.909000e-02	4.509059e-05
1.910000e-02	4.511609e-05
1.911000e-02	4.514158e-05
1.912000e-02	4.516708e-05
1.913000e-02	4.519258e-05
1.914000e-02	4.521808e-05
1.915000e-02	4.524357e-05
1.916000e-02	4.526907e-05
1.917000e-02	4.529457e-05
1.918000e-02	4.532007e-05
1.919000e-02	4.534556e-05
1.920000e-02	4.537106e-05
1.921000e-02	4.539656e-05
1.922000e-02	4.542206e-05
1.923000e-02	4.544756e-05
1.924000e-02	4.547305e-05
1.925000e-02	4.549855e-05
1.926000e-02	4.552405e-05
1.927000e-02	4.554955e-05
1.928000e-02	4.557504e-05
1.929000e-02	4.560054e-05
1.930000e-02	4.562604e-05
1.931000e-02	4.565154e-05
1.932000e-02	4.567703e-05
1.933000e-02	4.570253e-05
1.934000e-02	4.572803e-05
1.935000e-02	4.575353e-05
1.936000e-02	4.577902e-05
1.937000e-02	4.580452e-05
1.938000e-02	4.583002e-05
1.939000e-02	4.585552e-05
1.940000e-02	4.588102e-05
1.941000e-02	4.590651e-05
1.942000e-02	4.593201e-05
1.943000e-02	4.595751e-05
1.944000e-02	4.598301e-05
1.945000e-02	4.600850e-05
1.946000e-02	4.603400e-05
1.947000e-02	4.605950e-05
1.948000e-02	4.608500e-05
1.949000e-02	4.611049e-05
1.950000e-02	4.613599e-05
1.951000e-02	4.616149e-05
1.952000e-02	4.618699e-05
1.953000e-02	4.621248e-05
1.954000e-02	4.623798e-05
1.955000e-02	4.626348e-05
1.956000e-02	4.628898e-05
1.957000e-02	4.631447e-05
1.958000e-02	4.633997e-05
1.959000e-02	4.636547e-05
1.960000e-02	4.639097e-05
1.961000e-02	4.641647e-05
1.962000e-02	4.644196e-05
1.963000e-02	4.646746e-05
1.964000e-02	4.649296e-05
1.965000e-02	4.651846e-05
1.966000e-02	4.654395e-05
1.967000e-02	4.656945e-05
1.968000e-02	4.659495e-05
1.969000e-02	4.662045e-05
1.970000e-02	4.664594e-05
1.971000e-02	4.667144e-05
1.972000e-02	4.669694e-05
1.973000e-02	4.672244e-05
1.974000e-02	4.674793e-05
1.975000e-02	4.677343e-05
1.976000e-02	4.679893e-05
1.977000e-02	4.682443e-05
1.978000e-02	4.684992e-05
1.979000e-02	4.687542e-05
1.980000e-02	4.690092e-05
1.981000e-02	4.692642e-05
1.982000e-02	4.695192e-05
1.983000e-02	4.697741e-05
1.984000e-02	4.700291e-05
1.985000e-02	4.702841e-05
1.986000e-02	4.705391e-05
1.987000e-02	4.707940e-05
1.988000e-02	4.710490e-05
1.989000e-02	4.713040e-05
1.990000e-02	4.715590e-05
1.991000e-02	4.718139e-05
1.992000e-02	4.720689e-05
1.993000e-02	4.723239e-05
1.994000e-02	4.725789e-05
1.995000e-02	4.728338e-05
1.996000e-02	4.730888e-05
1.997000e-02	4.733438e-05
1.998000e-02	4.735988e-05
1.999000e-02	4.738538e-05
2.000000e-02	4.741087e-05
2.001000e-02	4.743637e-05
2.002000e-02	4.746187e-05
2.003000e-02	4.748737e-05
2.004000e-02	4.751286e-05
2.005000e-02	4.753836e-05
2.006000e-02	4.756386e-05
2.007000e-02	4.758936e-05
2.008000e-02	4.761485e-05
2.009000e-02	4.764035e-05
2.010000e-02	4.766585e-05
2.011000e-02	4.769135e-05
2.012000e-02	4.771684e-05
2.013000e-02	4.774234e-05
2.014000e-02	4.776784e-05
2.015000e-02	4.779334e-05
2.016000e-02	4.781883e-05
2.017000e-02	4.784433e-05
2.018000e-02	4.786983e-05
2.019000e-02	4.789533e-05
2.020000e-02	4.792083e-05
2.021000e-02	4.794632e-05
2.022000e-02	4.797182e-05
2.023000e-02	4.799732e-05
2.024000e-02	4.802282e-05
2.025000e-02	4.804831e-05
2.026000e-02	4.807381e-05
2.027000e-02	4.809931e-05
2.028000e-02	4.812481e-05
2.029000e-02	4.815030e-05
2.030000e-02	4.817580e-05
2.031000e-02	4.820130e-05
2.032000e-02	4.822680e-05
2.033000e-02	4.825229e-05
2.034000e-02	4.827779e-05
2.035000e-02	4.830329e-05
2.036000e-02	4.832879e-05
2.037000e-02	4.835428e-05
2.038000e-02	4.837978e-05
2.039000e-02	4.840528e-05
2.040000e-02	4.843078e-05
2.041000e-02	4.845628e-05
2.042000e-02	4.848177e-05
2.043000e-02	4.850727e-05
2.044000e-02	4.853277e-05
2.045000e-02	4.855827e-05
2.046000e-02	4.858376e-05
2.047000e-02	4.860926e-05
2.048000e-02	4.863476e-05
2.049000e-02	4.866026e-05
2.050000e-02	4.868575e-05
2.051000e-02	4.871125e-05
2.052000e-02	4.873675e-05
2.053000e-02	4.876225e-05
2.054000e-02	4.878774e-05
2.055000e-02	4.881324e-05
2.056000e-02	4.883874e-05
2.057000e-02	4.886424e-05
2.058000e-02	4.888974e-05
2.059000e-02	4.891523e-05
2.060000e-02	4.894073e-05
2.061000e-02	4.896623e-05
2.062000e-02	4.899173e-05
2.063000e-02	4.901722e-05
2.064000e-02	4.904272e-05
2.065000e-02	4.906822e-05
2.066000e-02	4.909372e-05
2.067000e-02	4.911921e-05
2.068000e-02	4.914471e-05
2.069000e-02	4.917021e-05
2.070000e-02	4.919571e-05
2.071000e-02	4.922120e-05
2.072000e-02	4.924670e-05
2.073000e-02	4.927220e-05
2.074000e-02	4.929770e-05
2.075000e-02	4.932319e-05
2.076000e-02	4.934869e-05
2.077000e-02	4.937419e-05
2.078000e-02	4.939969e-05
2.079000e-02	4.942519e-05
2.080000e-02	4.945068e-05
2.081000e-02	4.947618e-05
2.082000e-02	4.950168e-05
2.083000e-02	4.952718e-05
2.084000e-02	4.955267e-05
2.085000e-02	4.957817e-05
2.086000e-02	4.960367e-05
2.087000e-02	4.962917e-05
2.088000e-02	4.965466e-05
2.089000e-02	4.968016e-05
2.090000e-02	4.970566e-05
2.091000e-02	4.973116e-05
2.092000e-02	4.975665e-05
2.093000e-02	4.978215e-05
2.094000e-02	4.980765e-05
2.095000e-02	4.983315e-05
2.096000e-02	4.985864e-05
2.097000e-02	4.988414e-05
2.098000e-02	4.990964e-05
2.099000e-02	4.993514e-05
2.100000e-02	4.996064e-05
2.101000e-02	4.999796e-05
2.102000e-02	5.003529e-05
2.103000e-02	5.007262e-05
2.104000e-02	5.010995e-05
2.105000e-02	5.014728e-05
2.106000e-02	5.018461e-05
2.107000e-02	5.022194e-05
2.108000e-02	5.025927e-05
2.109000e-02	5.029660e-05
2.110000e-02	5.033393e-05
2.111000e-02	5.037126e-05
2.112000e-02	5.040859e-05
2.113000e-02	5.044592e-05
2.114000e-02	5.048325e-05
2.115000e-02	5.052058e-05
2.116000e-02	5.055791e-05
2.117000e-02	5.059524e-05
2.118000e-02	5.063257e-05
2.119000e-02	5.066990e-05
2.120000e-02	5.070723e-05
2.121000e-02	5.074456e-05
2.122000e-02	5.078189e-05
2.123000e-02	5.081922e-05
2.124000e-02	5.085654e-05
2.125000e-02	5.089387e-05
2.126000e-02	5.093120e-05
2.127000e-02	5.096853e-05
2.128000e-02	5.100586e-05
2.129000e-02	5.104319e-05
2.130000e-02	5.108052e-05
2.131000e-02	5.111785e-05
2.132000e-02	5.115518e-05
2.133000e-02	5.119251e-05
2.134000e-02	5.122984e-05
2.135000e-02	5.126717e-05
2.136000e-02	5.130450e-05
2.137000e-02	5.134183e-05
2.138000e-02	5.137916e-05
2.139000e-02	5.141649e-05
2.140000e-02	5.145382e-05
2.141000e-02	5.149115e-05
2.142000e-02	5.152848e-05
2.143000e-02	5.156581e-05
2.144000e-02	5.160314e-05
2.145000e-02	5.164047e-05
2.146000e-02	5.167780e-05
2.147000e-02	5.171512e-05
2.148000e-02	5.175245e-05
2.149000e-02	5.178978e-05
2.150000e-02	5.182711e-05
2.151000e-02	5.186444e-05
2.152000e-02	5.190177e-05
2.153000e-02	5.193910e-05
2.154000e-02	5.197643e-05
2.155000e-02	5.201376e-05
2.156000e-02	5.205109e-05
2.157000e-02	5.208842e-05
2.158000e-02	5.212575e-05
2.159000e-02	5.216308e-05
2.160000e-02	5.220041e-05
2.161000e-02	5.223774e-05
2.162000e-02	5.227507e-05
2.163000e-02	5.231240e-05
2.164000e-02	5.234973e-05
2.165000e-02	5.238706e-05
2.166000e-02	5.242439e-05
2.167000e-02	5.246172e-05
2.168000e-02	5.249905e-05
2.169000e-02	5.253638e-05
2.170000e-02	5.257370e-05
2.171000e-02	5.261103e-05
2.172000e-02	5.264836e-05
2.173000e-02	5.268569e-05
2.174000e-02	5.272302e-05
2.175000e-02	5.276035e-05
2.176000e-02	5.279768e-05
2.177000e-02	5.283501e-05
2.178000e-02	5.287234e-05
2.179000e-02	5.290967e-05
2.180000e-02	5.294700e-05
2.181000e-02	5.298433e-05
2.182000e-02	5.302166e-05
2.183000e-02	5.305899e-05
2.184000e-02	5.309632e-05
2.185000e-02	5.313365e-05
2.186000e-02	5.317098e-05
2.187000e-02	5.320831e-05
2.188000e-02	5.324564e-05
2.189000e-02	5.328297e-05
2.190000e-02	5.332030e-05
2.191000e-02	5.335763e-05
2.192000e-02	5.339496e-05
2.193000e-02	5.343228e-05
2.194000e-02	5.346961e-05
2.195000e-02	5.350694e-05
2.196000e-02	5.354427e-05
2.197000e-02	5.358160e-05
2.198000e-02	5.361893e-05
2.199000e-02	5.365626e-05
2.200000e-02	5.369359e-05
2.201000e-02	5.373383e-05
2.202000e-02	5.377406e-05
2.203000e-02	5.381430e-05
2.204000e-02	5.385454e-05
2.205000e-02	5.389477e-05
2.206000e-02	5.393501e-05
2.207000e-02	5.397524e-05
2.208000e-02	5.401548e-05
2.209000e-02	5.405571e-05
2.210000e-02	5.409595e-05
2.211000e-02	5.413619e-05
2.212000e-02	5.417642e-05
2.213000e-02	5.421666e-05
2.214000e-02	5.425689e-05
2.215000e-02	5.429713e-05
2.216000e-02	5.433736e-05
2.217000e-02	5.437760e-05
2.218000e-02	5.441784e-05
2.219000e-02	5.445807e-05
2.220000e-02	5.449831e-05
2.221000e-02	5.453854e-05
2.222000e-02	5.457878e-05
2.223000e-02	5.461902e-05
2.224000e-02	5.465925e-05
2.225000e-02	5.469949e-05
2.226000e-02	5.473972e-05
2.227000e-02	5.477996e-05
2.228000e-02	5.482019e-05
2.229000e-02	5.486043e-05
2.230000e-02	5.490067e-05
2.231000e-02	5.494090e-05
2.232000e-02	5.498114e-05
2.233000e-02	5.502137e-05
2.234000e-02	5.506161e-05
2.235000e-02	5.510184e-05
2.236000e-02	5.514208e-05
2.237000e-02	5.518232e-05
2.238000e-02	5.522255e-05
2.239000e-02	5.526279e-05
2.240000e-02	5.530302e-05
2.241000e-02	5.534326e-05
2.242000e-02	5.538350e-05
2.243000e-02	5.542373e-05
2.244000e-02	5.546397e-05
2.245000e-02	5.550420e-05
2.246000e-02	5.554444e-05
2.247000e-02	5.558467e-05
2.248000e-02	5.562491e-05
2.249000e-02	5.566515e-05
2.250000e-02	5.570538e-05
2.251000e-02	5.574562e-05
2.252000e-02	5.578585e-05
2.253000e-02	5.582609e-05
2.254000e-02	5.586632e-05
2.255000e-02	5.590656e-05
2.256000e-02	5.594680e-05
2.257000e-02	5.598703e-05
2.258000e-02	5.602727e-05
2.259000e-02	5.606750e-05
2.260000e-02	5.610774e-05
2.261000e-02	5.614798e-05
2.262000e-02	5.618821e-05
2.263000e-02	5.622845e-05
2.264000e-02	5.626868e-05
2.265000e-02	5.630892e-05
2.266000e-02	5.634915e-05
2.267000e-02	5.638939e-05
2.268000e-02	5.642963e-05
2.269000e-02	5.646986e-05
2.270000e-02	5.651010e-05
2.271000e-02	5.655033e-05
2.272000e-02	5.659057e-05
2.273000e-02	5.663080e-05
2.274000e-02	5.667104e-05
2.275000e-02	5.671128e-05
2.276000e-02	5.675151e-05
2.277000e-02	5.679175e-05
2.278000e-02	5.683198e-05
2.279000e-02	5.687222e-05
2.280000e-02	5.691246e-05
2.281000e-02	5.695269e-05
2.282000e-02	5.699293e-05
2.283000e-02	5.703316e-05
2.284000e-02	5.707340e-05
2.285000e-02	5.711363e-05
2.286000e-02	5.715387e-05
2.287000e-02	5.719411e-05
2.288000e-02	5.723434e-05
2.289000e-02	5.727458e-05
2.290000e-02	5.731481e-05
2.291000e-02	5.735505e-05
2.292000e-02	5.739528e-05
2.293000e-02	5.743552e-05
2.294000e-02	5.747576e-05
2.295000e-02	5.751599e-05
2.296000e-02	5.755623e-05
2.297000e-02	5.759646e-05
2.298000e-02	5.763670e-05
2.299000e-02	5.767694e-05
2.300000e-02	5.771717e-05
2.301000e-02	5.775975e-05
2.302000e-02	5.780232e-05
2.303000e-02	5.784490e-05
2.304000e-02	5.788748e-05
2.305000e-02	5.793005e-05
2.306000e-02	5.797263e-05
2.307000e-02	5.801520e-05
2.308000e-02	5.805778e-05
2.309000e-02	5.810036e-05
2.310000e-02	5.814293e-05
2.311000e-02	5.818551e-05
2.312000e-02	5.822809e-05
2.313000e-02	5.827066e-05
2.314000e-02	5.831324e-05
2.315000e-02	5.835581e-05
2.316000e-02	5.839839e-05
2.317000e-02	5.844097e-05
2.318000e-02	5.848354e-05
2.319000e-02	5.852612e-05
2.320000e-02	5.856870e-05
2.321000e-02	5.861127e-05
2.322000e-02	5.865385e-05
2.323000e-02	5.869642e-05
2.324000e-02	5.873900e-05
2.325000e-02	5.878158e-05
2.326000e-02	5.882415e-05
2.327000e-02	5.886673e-05
2.328000e-02	5.890931e-05
2.329000e-02	5.895188e-05
2.330000e-02	5.899446e-05
2.331000e-02	5.903703e-05
2.332000e-02	5.907961e-05
2.333000e-02	5.912219e-05
2.334000e-02	5.916476e-05
2.335000e-02	5.920734e-05
2.336000e-02	5.924992e-05
2.337000e-02	5.929249e-05
2.338000e-02	5.933507e-05
2.339000e-02	5.937764e-05
2.340000e-02	5.942022e-05
2.341000e-02	5.946280e-05
2.342000e-02	5.950537e-05
2.343000e-02	5.954795e-05
2.344000e-02	5.959053e-05
2.345000e-02	5.963310e-05
2.346000e-02	5.967568e-05
2.347000e-02	5.971825e-05
2.348000e-02	5.976083e-05
2.349000e-02	5.980341e-05
2.350000e-02	5.984598e-05
2.351000e-02	5.988856e-05
2.352000e-02	5.993114e-05
2.353000e-02	5.997371e-05
2.354000e-02	6.001629e-05
2.355000e-02	6.005886e-05
2.356000e-02	6.010144e-05
2.357000e-02	6.014402e-05
2.358000e-02	6.018659e-05
2.359000e-02	6.022917e-05
2.360000e-02	6.027175e-05
2.361000e-02	6.031432e-05
2.362000e-02	6.035690e-05
2.363000e-02	6.039947e-05
2.364000e-02	6.044205e-05
2.365000e-02	6.048463e-05
2.366000e-02	6.052720e-05
2.367000e-02	6.056978e-05
2.368000e-02	6.061236e-05
2.369000e-02	6.065493e-05
2.370000e-02	6.069751e-05
2.371000e-02	6.074008e-05
2.372000e-02	6.078266e-05
2.373000e-02	6.082524e-05
2.374000e-02	6.086781e-05
2.375000e-02	6.091039e-05
2.376000e-02	6.095297e-05
2.377000e-02	6.099554e-05
2.378000e-02	6.103812e-05
2.379000e-02	6.108069e-05
2.380000e-02	6.112327e-05
2.381000e-02	6.116585e-05
2.382000e-02	6.120842e-05
2.383000e-02	6.125100e-05
2.384000e-02	6.129358e-05
2.385000e-02	6.133615e-05
2.386000e-02	6.137873e-05
2.387000e-02	6.142130e-05
2.388000e-02	6.146388e-05
2.389000e-02	6.150646e-05
2.390000e-02	6.154903e-05
2.391000e-02	6.159161e-05
2.392000e-02	6.163419e-05
2.393000e-02	6.167676e-05
2.394000e-02	6.171934e-05
2.395000e-02	6.176191e-05
2.396000e-02	6.180449e-05
2.397000e-02	6.184707e-05
2.398000e-02	6.188964e-05
2.399000e-02	6.193222e-05
2.400000e-02	6.197479e-05
2.401000e-02	6.201926e-05
2.402000e-02	6.206373e-05
2.403000e-02	6.210820e-05
2.404000e-02	6.215266e-05
2.405000e-02	6.219713e-05
2.406000e-02	6.224160e-05
2.407000e-02	6.228606e-05
2.408000e-02	6.233053e-05
2.409000e-02	6.237500e-05
2.410000e-02	6.241946e-05
2.411000e-02	6.246393e-05
2.412000e-02	6.250840e-05
2.413000e-02	6.255286e-05
2.414000e-02	6.259733e-05
2.415000e-02	6.264180e-05
2.416000e-02	6.268626e-05
2.417000e-02	6.273073e-05
2.418000e-02	6.277520e-05
2.419000e-02	6.281966e-05
2.420000e-02	6.286413e-05
2.421000e-02	6.290860e-05
2.422000e-02	6.295306e-05
2.423000e-02	6.299753e-05
2.424000e-02	6.304200e-05
2.425000e-02	6.308646e-05
2.426000e-02	6.313093e-05
2.427000e-02	6.317540e-05
2.428000e-02	6.321986e-05
2.429000e-02	6.326433e-05
2.430000e-02	6.330880e-05
2.431000e-02	6.335326e-05
2.432000e-02	6.339773e-05
2.433000e-02	6.344220e-05
2.434000e-02	6.348666e-05
2.435000e-02	6.353113e-05
2.436000e-02	6.357560e-05
2.437000e-02	6.362007e-05
2.438000e-02	6.366453e-05
2.439000e-02	6.370900e-05
2.440000e-02	6.375347e-05
2.441000e-02	6.379793e-05
2.442000e-02	6.384240e-05
2.443000e-02	6.388687e-05
2.444000e-02	6.393133e-05
2.445000e-02	6.397580e-05
2.446000e-02	6.402027e-05
2.447000e-02	6.406473e-05
2.448000e-02	6.410920e-05
2.449000e-02	6.415367e-05
2.450000e-02	6.419813e-05
2.451000e-02	6.424260e-05
2.452000e-02	6.428707e-05
2.453000e-02	6.433153e-05
2.454000e-02	6.437600e-05
2.455000e-02	6.442047e-05
2.456000e-02	6.446493e-05
2.457000e-02	6.450940e-05
2.458000e-02	6.455387e-05
2.459000e-02	6.459833e-05
2.460000e-02	6.464280e-05
2.461000e-02	6.468727e-05
2.462000e-02	6.473173e-05
2.463000e-02	6.477620e-05
2.464000e-02	6.482067e-05
2.465000e-02	6.486513e-05
2.466000e-02	6.490960e-05
2.467000e-02	6.495407e-05
2.468000e-02	6.499853e-05
2.469000e-02	6.504300e-05
2.470000e-02	6.508747e-05
2.471000e-02	6.513194e-05
2.472000e-02	6.517640e-05
2.473000e-02	6.522087e-05
2.474000e-02	6.526534e-05
2.475000e-02	6.530980e-05
2.476000e-02	6.535427e-05
2.477000e-02	6.539874e-05
2.478000e-02	6.544320e-05
2.479000e-02	6.548767e-05
2.480000e-02	6.553214e-05
2.481000e-02	6.557660e-05
2.482000e-02	6.562107e-05
2.483000e-02	6.566554e-05
2.484000e-02	6.571000e-05
2.485000e-02	6.575447e-05
2.486000e-02	6.579894e-05
2.487000e-02	6.584340e-05
2.488000e-02	6.588787e-05
2.489000e-02	6.593234e-05
2.490000e-02	6.597680e-05
2.491000e-02	6.602127e-05
2.492000e-02	6.606574e-05
2.493000e-02	6.611020e-05
2.494000e-02	6.615467e-05
2.495000e-02	6.619914e-05
2.496000e-02	6.624360e-05
2.497000e-02	6.628807e-05
2.498000e-02	6.633254e-05
2.499000e-02	6.637700e-05
