z1_new_m	d1_new_long_m
-9.000000e-03	2.287215e-04
-8.990000e-03	2.285807e-04
-8.980000e-03	2.284399e-04
-8.970000e-03	2.282991e-04
-8.960000e-03	2.281583e-04
-8.950000e-03	2.280175e-04
-8.940000e-03	2.278767e-04
-8.930000e-03	2.277359e-04
-8.920000e-03	2.275951e-04
-8.910000e-03	2.274543e-04
-8.900000e-03	2.273135e-04
-8.890000e-03	2.271727e-04
-8.880000e-03	2.270319e-04
-8.870000e-03	2.268911e-04
-8.860000e-03	2.267503e-04
-8.850000e-03	2.266095e-04
-8.840000e-03	2.264687e-04
-8.830000e-03	2.263279e-04
-8.820000e-03	2.261871e-04
-8.810000e-03	2.260463e-04
-8.800000e-03	2.259055e-04
-8.790000e-03	2.257647e-04
-8.780000e-03	2.256239e-04
-8.770000e-03	2.254831e-04
-8.760000e-03	2.253423e-04
-8.750000e-03	2.252015e-04
-8.740000e-03	2.250607e-04
-8.730000e-03	2.249199e-04
-8.720000e-03	2.247791e-04
-8.710000e-03	2.246383e-04
-8.700000e-03	2.244975e-04
-8.690000e-03	2.243567e-04
-8.680000e-03	2.242159e-04
-8.670000e-03	2.240751e-04
-8.660000e-03	2.239343e-04
-8.650000e-03	2.237935e-04
-8.640000e-03	2.236527e-04
-8.630000e-03	2.235119e-04
-8.620000e-03	2.233711e-04
-8.610000e-03	2.232303e-04
-8.600000e-03	2.230895e-04
-8.590000e-03	2.229487e-04
-8.580000e-03	2.228079e-04
-8.570000e-03	2.226671e-04
-8.560000e-03	2.225263e-04
-8.550000e-03	2.223855e-04
-8.540000e-03	2.222447e-04
-8.530000e-03	2.221039e-04
-8.520000e-03	2.219631e-04
-8.510000e-03	2.218223e-04
-8.500000e-03	2.216815e-04
-8.490000e-03	2.215408e-04
-8.480000e-03	2.214000e-04
-8.470000e-03	2.212592e-04
-8.460000e-03	2.211184e-04
-8.450000e-03	2.209776e-04
-8.440000e-03	2.208368e-04
-8.430000e-03	2.206960e-04
-8.420000e-03	2.205552e-04
-8.410000e-03	2.204144e-04
-8.400000e-03	2.202736e-04
-8.390000e-03	2.201328e-04
-8.380000e-03	2.199920e-04
-8.370000e-03	2.198512e-04
-8.360000e-03	2.197104e-04
-8.350000e-03	2.195696e-04
-8.340000e-03	2.194288e-04
-8.330000e-03	2.192880e-04
-8.320000e-03	2.191472e-04
-8.310000e-03	2.190064e-04
-8.300000e-03	2.188656e-04
-8.290000e-03	2.187248e-04
-8.280000e-03	2.185840e-04
-8.270000e-03	2.184432e-04
-8.260000e-03	2.183024e-04
-8.250000e-03	2.181616e-04
-8.240000e-03	2.180208e-04
-8.230000e-03	2.178800e-04
-8.220000e-03	2.177392e-04
-8.210000e-03	2.175984e-04
-8.200000e-03	2.174576e-04
-8.190000e-03	2.173168e-04
-8.180000e-03	2.171760e-04
-8.170000e-03	2.170352e-04
-8.160000e-03	2.168944e-04
-8.150000e-03	2.167536e-04
-8.140000e-03	2.166128e-04
-8.130000e-03	2.164720e-04
-8.120000e-03	2.163312e-04
-8.110000e-03	2.161904e-04
-8.100000e-03	2.160496e-04
-8.090000e-03	2.159088e-04
-8.080000e-03	2.157680e-04
-8.070000e-03	2.156272e-04
-8.060000e-03	2.154864e-04
-8.050000e-03	2.153456e-04
-8.040000e-03	2.152048e-04
-8.030000e-03	2.150640e-04
-8.020000e-03	2.149232e-04
-8.010000e-03	2.147824e-04
-8.000000e-03	2.146416e-04
-7.990000e-03	2.145015e-04
-7.980000e-03	2.143614e-04
-7.970000e-03	2.142213e-04
-7.960000e-03	2.140811e-04
-7.950000e-03	2.139410e-04
-7.940000e-03	2.138009e-04
-7.930000e-03	2.136608e-04
-7.920000e-03	2.135206e-04
-7.910000e-03	2.133805e-04
-7.900000e-03	2.132404e-04
-7.890000e-03	2.131003e-04
-7.880000e-03	2.129601e-04
-7.870000e-03	2.128200e-04
-7.860000e-03	2.126799e-04
-7.850000e-03	2.125398e-04
-7.840000e-03	2.123996e-04
-7.830000e-03	2.122595e-04
-7.820000e-03	2.121194e-04
-7.810000e-03	2.119793e-04
-7.800000e-03	2.118391e-04
-7.790000e-03	2.116990e-04
-7.780000e-03	2.115589e-04
-7.770000e-03	2.114188e-04
-7.760000e-03	2.112786e-04
-7.750000e-03	2.111385e-04
-7.740000e-03	2.109984e-04
-7.730000e-03	2.108583e-04
-7.720000e-03	2.107181e-04
-7.710000e-03	2.105780e-04
-7.700000e-03	2.104379e-04
-7.690000e-03	2.102978e-04
-7.680000e-03	2.101576e-04
-7.670000e-03	2.100175e-04
-7.660000e-03	2.098774e-04
-7.650000e-03	2.097373e-04
-7.640000e-03	2.095971e-04
-7.630000e-03	2.094570e-04
-7.620000e-03	2.093169e-04
-7.610000e-03	2.091768e-04
-7.600000e-03	2.090366e-04
-7.590000e-03	2.088965e-04
-7.580000e-03	2.087564e-04
-7.570000e-03	2.086163e-04
-7.560000e-03	2.084761e-04
-7.550000e-03	2.083360e-04
-7.540000e-03	2.081959e-04
-7.530000e-03	2.080558e-04
-7.520000e-03	2.079156e-04
-7.510000e-03	2.077755e-04
-7.500000e-03	2.076354e-04
-7.490000e-03	2.074953e-04
-7.480000e-03	2.073551e-04
-7.470000e-03	2.072150e-04
-7.460000e-03	2.070749e-04
-7.450000e-03	2.069348e-04
-7.440000e-03	2.067946e-04
-7.430000e-03	2.066545e-04
-7.420000e-03	2.065144e-04
-7.410000e-03	2.063743e-04
-7.400000e-03	2.062342e-04
-7.390000e-03	2.060940e-04
-7.380000e-03	2.059539e-04
-7.370000e-03	2.058138e-04
-7.360000e-03	2.056737e-04
-7.350000e-03	2.055335e-04
-7.340000e-03	2.053934e-04
-7.330000e-03	2.052533e-04
-7.320000e-03	2.051132e-04
-7.310000e-03	2.049730e-04
-7.300000e-03	2.048329e-04
-7.290000e-03	2.046928e-04
-7.280000e-03	2.045527e-04
-7.270000e-03	2.044125e-04
-7.260000e-03	2.042724e-04
-7.250000e-03	2.041323e-04
-7.240000e-03	2.039922e-04
-7.230000e-03	2.038520e-04
-7.220000e-03	2.037119e-04
-7.210000e-03	2.035718e-04
-7.200000e-03	2.034317e-04
-7.190000e-03	2.032915e-04
-7.180000e-03	2.031514e-04
-7.170000e-03	2.030113e-04
-7.160000e-03	2.028712e-04
-7.150000e-03	2.027310e-04
-7.140000e-03	2.025909e-04
-7.130000e-03	2.024508e-04
-7.120000e-03	2.023107e-04
-7.110000e-03	2.021705e-04
-7.100000e-03	2.020304e-04
-7.090000e-03	2.018903e-04
-7.080000e-03	2.017502e-04
-7.070000e-03	2.016100e-04
-7.060000e-03	2.014699e-04
-7.050000e-03	2.013298e-04
-7.040000e-03	2.011897e-04
-7.030000e-03	2.010495e-04
-7.020000e-03	2.009094e-04
-7.010000e-03	2.007693e-04
-7.000000e-03	2.006292e-04
-6.990000e-03	2.004899e-04
-6.980000e-03	2.003506e-04
-6.970000e-03	2.002113e-04
-6.960000e-03	2.000720e-04
-6.950000e-03	1.999327e-04
-6.940000e-03	1.997934e-04
-6.930000e-03	1.996541e-04
-6.920000e-03	1.995148e-04
-6.910000e-03	1.993755e-04
-6.900000e-03	1.992362e-04
-6.890000e-03	1.990969e-04
-6.880000e-03	1.989576e-04
-6.870000e-03	1.988183e-04
-6.860000e-03	1.986790e-04
-6.850000e-03	1.985397e-04
-6.840000e-03	1.984004e-04
-6.830000e-03	1.982611e-04
-6.820000e-03	1.981218e-04
-6.810000e-03	1.979825e-04
-6.800000e-03	1.978432e-04
-6.790000e-03	1.977039e-04
-6.780000e-03	1.975646e-04
-6.770000e-03	1.974253e-04
-6.760000e-03	1.972860e-04
-6.750000e-03	1.971467e-04
-6.740000e-03	1.970074e-04
-6.730000e-03	1.968681e-04
-6.720000e-03	1.967288e-04
-6.710000e-03	1.965895e-04
-6.700000e-03	1.964502e-04
-6.690000e-03	1.963109e-04
-6.680000e-03	1.961716e-04
-6.670000e-03	1.960323e-04
-6.660000e-03	1.958930e-04
-6.650000e-03	1.957537e-04
-6.640000e-03	1.956144e-04
-6.630000e-03	1.954751e-04
-6.620000e-03	1.953358e-04
-6.610000e-03	1.951965e-04
-6.600000e-03	1.950572e-04
-6.590000e-03	1.949179e-04
-6.580000e-03	1.947786e-04
-6.570000e-03	1.946393e-04
-6.560000e-03	1.945000e-04
-6.550000e-03	1.943607e-04
-6.540000e-03	1.942214e-04
-6.530000e-03	1.940821e-04
-6.520000e-03	1.939428e-04
-6.510000e-03	1.938035e-04
-6.500000e-03	1.936642e-04
-6.490000e-03	1.935249e-04
-6.480000e-03	1.933856e-04
-6.470000e-03	1.932463e-04
-6.460000e-03	1.931070e-04
-6.450000e-03	1.929677e-04
-6.440000e-03	1.928284e-04
-6.430000e-03	1.926891e-04
-6.420000e-03	1.925498e-04
-6.410000e-03	1.924105e-04
-6.400000e-03	1.922712e-04
-6.390000e-03	1.921319e-04
-6.380000e-03	1.919926e-04
-6.370000e-03	1.918533e-04
-6.360000e-03	1.917140e-04
-6.350000e-03	1.915747e-04
-6.340000e-03	1.914354e-04
-6.330000e-03	1.912961e-04
-6.320000e-03	1.911568e-04
-6.310000e-03	1.910175e-04
-6.300000e-03	1.908782e-04
-6.290000e-03	1.907389e-04
-6.280000e-03	1.905996e-04
-6.270000e-03	1.904603e-04
-6.260000e-03	1.903210e-04
-6.250000e-03	1.901817e-04
-6.240000e-03	1.900424e-04
-6.230000e-03	1.899031e-04
-6.220000e-03	1.897638e-04
-6.210000e-03	1.896245e-04
-6.200000e-03	1.894852e-04
-6.190000e-03	1.893459e-04
-6.180000e-03	1.892066e-04
-6.170000e-03	1.890673e-04
-6.160000e-03	1.889280e-04
-6.150000e-03	1.887887e-04
-6.140000e-03	1.886494e-04
-6.130000e-03	1.885101e-04
-6.120000e-03	1.883708e-04
-6.110000e-03	1.882315e-04
-6.100000e-03	1.880922e-04
-6.090000e-03	1.879529e-04
-6.080000e-03	1.878136e-04
-6.070000e-03	1.876743e-04
-6.060000e-03	1.875350e-04
-6.050000e-03	1.873957e-04
-6.040000e-03	1.872564e-04
-6.030000e-03	1.871171e-04
-6.020000e-03	1.869778e-04
-6.010000e-03	1.868385e-04
-6.000000e-03	1.866992e-04
-5.990000e-03	1.865609e-04
-5.980000e-03	1.864226e-04
-5.970000e-03	1.862844e-04
-5.960000e-03	1.861461e-04
-5.950000e-03	1.860078e-04
-5.940000e-03	1.858695e-04
-5.930000e-03	1.857313e-04
-5.920000e-03	1.855930e-04
-5.910000e-03	1.854547e-04
-5.900000e-03	1.853164e-04
-5.890000e-03	1.851782e-04
-5.880000e-03	1.850399e-04
-5.870000e-03	1.849016e-04
-5.860000e-03	1.847633e-04
-5.850000e-03	1.846251e-04
-5.840000e-03	1.844868e-04
-5.830000e-03	1.843485e-04
-5.820000e-03	1.842102e-04
-5.810000e-03	1.840720e-04
-5.800000e-03	1.839337e-04
-5.790000e-03	1.837954e-04
-5.780000e-03	1.836571e-04
-5.770000e-03	1.835189e-04
-5.760000e-03	1.833806e-04
-5.750000e-03	1.832423e-04
-5.740000e-03	1.831040e-04
-5.730000e-03	1.829658e-04
-5.720000e-03	1.828275e-04
-5.710000e-03	1.826892e-04
-5.700000e-03	1.825509e-04
-5.690000e-03	1.824127e-04
-5.680000e-03	1.822744e-04
-5.670000e-03	1.821361e-04
-5.660000e-03	1.819978e-04
-5.650000e-03	1.818596e-04
-5.640000e-03	1.817213e-04
-5.630000e-03	1.815830e-04
-5.620000e-03	1.814447e-04
-5.610000e-03	1.813065e-04
-5.600000e-03	1.811682e-04
-5.590000e-03	1.810299e-04
-5.580000e-03	1.808916e-04
-5.570000e-03	1.807533e-04
-5.560000e-03	1.806151e-04
-5.550000e-03	1.804768e-04
-5.540000e-03	1.803385e-04
-5.530000e-03	1.802002e-04
-5.520000e-03	1.800620e-04
-5.510000e-03	1.799237e-04
-5.500000e-03	1.797854e-04
-5.490000e-03	1.796471e-04
-5.480000e-03	1.795089e-04
-5.470000e-03	1.793706e-04
-5.460000e-03	1.792323e-04
-5.450000e-03	1.790940e-04
-5.440000e-03	1.789558e-04
-5.430000e-03	1.788175e-04
-5.420000e-03	1.786792e-04
-5.410000e-03	1.785409e-04
-5.400000e-03	1.784027e-04
-5.390000e-03	1.782644e-04
-5.380000e-03	1.781261e-04
-5.370000e-03	1.779878e-04
-5.360000e-03	1.778496e-04
-5.350000e-03	1.777113e-04
-5.340000e-03	1.775730e-04
-5.330000e-03	1.774347e-04
-5.320000e-03	1.772965e-04
-5.310000e-03	1.771582e-04
-5.300000e-03	1.770199e-04
-5.290000e-03	1.768816e-04
-5.280000e-03	1.767434e-04
-5.270000e-03	1.766051e-04
-5.260000e-03	1.764668e-04
-5.250000e-03	1.763285e-04
-5.240000e-03	1.761903e-04
-5.230000e-03	1.760520e-04
-5.220000e-03	1.759137e-04
-5.210000e-03	1.757754e-04
-5.200000e-03	1.756372e-04
-5.190000e-03	1.754989e-04
-5.180000e-03	1.753606e-04
-5.170000e-03	1.752223e-04
-5.160000e-03	1.750841e-04
-5.150000e-03	1.749458e-04
-5.140000e-03	1.748075e-04
-5.130000e-03	1.746692e-04
-5.120000e-03	1.745310e-04
-5.110000e-03	1.743927e-04
-5.100000e-03	1.742544e-04
-5.090000e-03	1.741161e-04
-5.080000e-03	1.739779e-04
-5.070000e-03	1.738396e-04
-5.060000e-03	1.737013e-04
-5.050000e-03	1.735630e-04
-5.040000e-03	1.734248e-04
-5.030000e-03	1.732865e-04
-5.020000e-03	1.731482e-04
-5.010000e-03	1.730099e-04
-5.000000e-03	1.728717e-04
-4.990000e-03	1.727576e-04
-4.980000e-03	1.726435e-04
-4.970000e-03	1.725294e-04
-4.960000e-03	1.724154e-04
-4.950000e-03	1.723013e-04
-4.940000e-03	1.721872e-04
-4.930000e-03	1.720732e-04
-4.920000e-03	1.719591e-04
-4.910000e-03	1.718450e-04
-4.900000e-03	1.717309e-04
-4.890000e-03	1.716169e-04
-4.880000e-03	1.715028e-04
-4.870000e-03	1.713887e-04
-4.860000e-03	1.712746e-04
-4.850000e-03	1.711606e-04
-4.840000e-03	1.710465e-04
-4.830000e-03	1.709324e-04
-4.820000e-03	1.708184e-04
-4.810000e-03	1.707043e-04
-4.800000e-03	1.705902e-04
-4.790000e-03	1.704761e-04
-4.780000e-03	1.703621e-04
-4.770000e-03	1.702480e-04
-4.760000e-03	1.701339e-04
-4.750000e-03	1.700199e-04
-4.740000e-03	1.699058e-04
-4.730000e-03	1.697917e-04
-4.720000e-03	1.696776e-04
-4.710000e-03	1.695636e-04
-4.700000e-03	1.694495e-04
-4.690000e-03	1.693354e-04
-4.680000e-03	1.692213e-04
-4.670000e-03	1.691073e-04
-4.660000e-03	1.689932e-04
-4.650000e-03	1.688791e-04
-4.640000e-03	1.687651e-04
-4.630000e-03	1.686510e-04
-4.620000e-03	1.685369e-04
-4.610000e-03	1.684228e-04
-4.600000e-03	1.683088e-04
-4.590000e-03	1.681947e-04
-4.580000e-03	1.680806e-04
-4.570000e-03	1.679666e-04
-4.560000e-03	1.678525e-04
-4.550000e-03	1.677384e-04
-4.540000e-03	1.676243e-04
-4.530000e-03	1.675103e-04
-4.520000e-03	1.673962e-04
-4.510000e-03	1.672821e-04
-4.500000e-03	1.671680e-04
-4.490000e-03	1.670540e-04
-4.480000e-03	1.669399e-04
-4.470000e-03	1.668258e-04
-4.460000e-03	1.667118e-04
-4.450000e-03	1.665977e-04
-4.440000e-03	1.664836e-04
-4.430000e-03	1.663695e-04
-4.420000e-03	1.662555e-04
-4.410000e-03	1.661414e-04
-4.400000e-03	1.660273e-04
-4.390000e-03	1.659133e-04
-4.380000e-03	1.657992e-04
-4.370000e-03	1.656851e-04
-4.360000e-03	1.655710e-04
-4.350000e-03	1.654570e-04
-4.340000e-03	1.653429e-04
-4.330000e-03	1.652288e-04
-4.320000e-03	1.651147e-04
-4.310000e-03	1.650007e-04
-4.300000e-03	1.648866e-04
-4.290000e-03	1.647725e-04
-4.280000e-03	1.646585e-04
-4.270000e-03	1.645444e-04
-4.260000e-03	1.644303e-04
-4.250000e-03	1.643162e-04
-4.240000e-03	1.642022e-04
-4.230000e-03	1.640881e-04
-4.220000e-03	1.639740e-04
-4.210000e-03	1.638600e-04
-4.200000e-03	1.637459e-04
-4.190000e-03	1.636318e-04
-4.180000e-03	1.635177e-04
-4.170000e-03	1.634037e-04
-4.160000e-03	1.632896e-04
-4.150000e-03	1.631755e-04
-4.140000e-03	1.630614e-04
-4.130000e-03	1.629474e-04
-4.120000e-03	1.628333e-04
-4.110000e-03	1.627192e-04
-4.100000e-03	1.626052e-04
-4.090000e-03	1.624911e-04
-4.080000e-03	1.623770e-04
-4.070000e-03	1.622629e-04
-4.060000e-03	1.621489e-04
-4.050000e-03	1.620348e-04
-4.040000e-03	1.619207e-04
-4.030000e-03	1.618067e-04
-4.020000e-03	1.616926e-04
-4.010000e-03	1.615785e-04
-4.000000e-03	1.614644e-04
-3.990000e-03	1.613504e-04
-3.980000e-03	1.612363e-04
-3.970000e-03	1.611222e-04
-3.960000e-03	1.610081e-04
-3.950000e-03	1.608941e-04
-3.940000e-03	1.607800e-04
-3.930000e-03	1.606659e-04
-3.920000e-03	1.605519e-04
-3.910000e-03	1.604378e-04
-3.900000e-03	1.603237e-04
-3.890000e-03	1.602096e-04
-3.880000e-03	1.600956e-04
-3.870000e-03	1.599815e-04
-3.860000e-03	1.598674e-04
-3.850000e-03	1.597533e-04
-3.840000e-03	1.596393e-04
-3.830000e-03	1.595252e-04
-3.820000e-03	1.594111e-04
-3.810000e-03	1.592971e-04
-3.800000e-03	1.591830e-04
-3.790000e-03	1.590689e-04
-3.780000e-03	1.589548e-04
-3.770000e-03	1.588408e-04
-3.760000e-03	1.587267e-04
-3.750000e-03	1.586126e-04
-3.740000e-03	1.584986e-04
-3.730000e-03	1.583845e-04
-3.720000e-03	1.582704e-04
-3.710000e-03	1.581563e-04
-3.700000e-03	1.580423e-04
-3.690000e-03	1.579282e-04
-3.680000e-03	1.578141e-04
-3.670000e-03	1.577000e-04
-3.660000e-03	1.575860e-04
-3.650000e-03	1.574719e-04
-3.640000e-03	1.573578e-04
-3.630000e-03	1.572438e-04
-3.620000e-03	1.571297e-04
-3.610000e-03	1.570156e-04
-3.600000e-03	1.569015e-04
-3.590000e-03	1.567875e-04
-3.580000e-03	1.566734e-04
-3.570000e-03	1.565593e-04
-3.560000e-03	1.564453e-04
-3.550000e-03	1.563312e-04
-3.540000e-03	1.562171e-04
-3.530000e-03	1.561030e-04
-3.520000e-03	1.559890e-04
-3.510000e-03	1.558749e-04
-3.500000e-03	1.557608e-04
-3.490000e-03	1.556467e-04
-3.480000e-03	1.555327e-04
-3.470000e-03	1.554186e-04
-3.460000e-03	1.553045e-04
-3.450000e-03	1.551905e-04
-3.440000e-03	1.550764e-04
-3.430000e-03	1.549623e-04
-3.420000e-03	1.548482e-04
-3.410000e-03	1.547342e-04
-3.400000e-03	1.546201e-04
-3.390000e-03	1.545060e-04
-3.380000e-03	1.543920e-04
-3.370000e-03	1.542779e-04
-3.360000e-03	1.541638e-04
-3.350000e-03	1.540497e-04
-3.340000e-03	1.539357e-04
-3.330000e-03	1.538216e-04
-3.320000e-03	1.537075e-04
-3.310000e-03	1.535934e-04
-3.300000e-03	1.534794e-04
-3.290000e-03	1.533653e-04
-3.280000e-03	1.532512e-04
-3.270000e-03	1.531372e-04
-3.260000e-03	1.530231e-04
-3.250000e-03	1.529090e-04
-3.240000e-03	1.527949e-04
-3.230000e-03	1.526809e-04
-3.220000e-03	1.525668e-04
-3.210000e-03	1.524527e-04
-3.200000e-03	1.523387e-04
-3.190000e-03	1.522246e-04
-3.180000e-03	1.521105e-04
-3.170000e-03	1.519964e-04
-3.160000e-03	1.518824e-04
-3.150000e-03	1.517683e-04
-3.140000e-03	1.516542e-04
-3.130000e-03	1.515401e-04
-3.120000e-03	1.514261e-04
-3.110000e-03	1.513120e-04
-3.100000e-03	1.511979e-04
-3.090000e-03	1.510839e-04
-3.080000e-03	1.509698e-04
-3.070000e-03	1.508557e-04
-3.060000e-03	1.507416e-04
-3.050000e-03	1.506276e-04
-3.040000e-03	1.505135e-04
-3.030000e-03	1.503994e-04
-3.020000e-03	1.502854e-04
-3.010000e-03	1.501713e-04
-3.000000e-03	1.500572e-04
-2.990000e-03	1.499431e-04
-2.980000e-03	1.498291e-04
-2.970000e-03	1.497150e-04
-2.960000e-03	1.496009e-04
-2.950000e-03	1.494868e-04
-2.940000e-03	1.493728e-04
-2.930000e-03	1.492587e-04
-2.920000e-03	1.491446e-04
-2.910000e-03	1.490306e-04
-2.900000e-03	1.489165e-04
-2.890000e-03	1.488024e-04
-2.880000e-03	1.486883e-04
-2.870000e-03	1.485743e-04
-2.860000e-03	1.484602e-04
-2.850000e-03	1.483461e-04
-2.840000e-03	1.482321e-04
-2.830000e-03	1.481180e-04
-2.820000e-03	1.480039e-04
-2.810000e-03	1.478898e-04
-2.800000e-03	1.477758e-04
-2.790000e-03	1.476617e-04
-2.780000e-03	1.475476e-04
-2.770000e-03	1.474335e-04
-2.760000e-03	1.473195e-04
-2.750000e-03	1.472054e-04
-2.740000e-03	1.470913e-04
-2.730000e-03	1.469773e-04
-2.720000e-03	1.468632e-04
-2.710000e-03	1.467491e-04
-2.700000e-03	1.466350e-04
-2.690000e-03	1.465210e-04
-2.680000e-03	1.464069e-04
-2.670000e-03	1.462928e-04
-2.660000e-03	1.461787e-04
-2.650000e-03	1.460647e-04
-2.640000e-03	1.459506e-04
-2.630000e-03	1.458365e-04
-2.620000e-03	1.457225e-04
-2.610000e-03	1.456084e-04
-2.600000e-03	1.454943e-04
-2.590000e-03	1.453802e-04
-2.580000e-03	1.452662e-04
-2.570000e-03	1.451521e-04
-2.560000e-03	1.450380e-04
-2.550000e-03	1.449240e-04
-2.540000e-03	1.448099e-04
-2.530000e-03	1.446958e-04
-2.520000e-03	1.445817e-04
-2.510000e-03	1.444677e-04
-2.500000e-03	1.443536e-04
-2.490000e-03	1.442395e-04
-2.480000e-03	1.441254e-04
-2.470000e-03	1.440114e-04
-2.460000e-03	1.438973e-04
-2.450000e-03	1.437832e-04
-2.440000e-03	1.436692e-04
-2.430000e-03	1.435551e-04
-2.420000e-03	1.434410e-04
-2.410000e-03	1.433269e-04
-2.400000e-03	1.432129e-04
-2.390000e-03	1.430988e-04
-2.380000e-03	1.429847e-04
-2.370000e-03	1.428707e-04
-2.360000e-03	1.427566e-04
-2.350000e-03	1.426425e-04
-2.340000e-03	1.425284e-04
-2.330000e-03	1.424144e-04
-2.320000e-03	1.423003e-04
-2.310000e-03	1.421862e-04
-2.300000e-03	1.420721e-04
-2.290000e-03	1.419581e-04
-2.280000e-03	1.418440e-04
-2.270000e-03	1.417299e-04
-2.260000e-03	1.416159e-04
-2.250000e-03	1.415018e-04
-2.240000e-03	1.413877e-04
-2.230000e-03	1.412736e-04
-2.220000e-03	1.411596e-04
-2.210000e-03	1.410455e-04
-2.200000e-03	1.409314e-04
-2.190000e-03	1.408174e-04
-2.180000e-03	1.407033e-04
-2.170000e-03	1.405892e-04
-2.160000e-03	1.404751e-04
-2.150000e-03	1.403611e-04
-2.140000e-03	1.402470e-04
-2.130000e-03	1.401329e-04
-2.120000e-03	1.400188e-04
-2.110000e-03	1.399048e-04
-2.100000e-03	1.397907e-04
-2.090000e-03	1.396766e-04
-2.080000e-03	1.395626e-04
-2.070000e-03	1.394485e-04
-2.060000e-03	1.393344e-04
-2.050000e-03	1.392203e-04
-2.040000e-03	1.391063e-04
-2.030000e-03	1.389922e-04
-2.020000e-03	1.388781e-04
-2.010000e-03	1.387641e-04
-2.000000e-03	1.386500e-04
-1.990000e-03	1.385359e-04
-1.980000e-03	1.384218e-04
-1.970000e-03	1.383078e-04
-1.960000e-03	1.381937e-04
-1.950000e-03	1.380796e-04
-1.940000e-03	1.379655e-04
-1.930000e-03	1.378515e-04
-1.920000e-03	1.377374e-04
-1.910000e-03	1.376233e-04
-1.900000e-03	1.375093e-04
-1.890000e-03	1.373952e-04
-1.880000e-03	1.372811e-04
-1.870000e-03	1.371670e-04
-1.860000e-03	1.370530e-04
-1.850000e-03	1.369389e-04
-1.840000e-03	1.368248e-04
-1.830000e-03	1.367108e-04
-1.820000e-03	1.365967e-04
-1.810000e-03	1.364826e-04
-1.800000e-03	1.363685e-04
-1.790000e-03	1.362545e-04
-1.780000e-03	1.361404e-04
-1.770000e-03	1.360263e-04
-1.760000e-03	1.359122e-04
-1.750000e-03	1.357982e-04
-1.740000e-03	1.356841e-04
-1.730000e-03	1.355700e-04
-1.720000e-03	1.354560e-04
-1.710000e-03	1.353419e-04
-1.700000e-03	1.352278e-04
-1.690000e-03	1.351137e-04
-1.680000e-03	1.349997e-04
-1.670000e-03	1.348856e-04
-1.660000e-03	1.347715e-04
-1.650000e-03	1.346574e-04
-1.640000e-03	1.345434e-04
-1.630000e-03	1.344293e-04
-1.620000e-03	1.343152e-04
-1.610000e-03	1.342012e-04
-1.600000e-03	1.340871e-04
-1.590000e-03	1.339730e-04
-1.580000e-03	1.338589e-04
-1.570000e-03	1.337449e-04
-1.560000e-03	1.336308e-04
-1.550000e-03	1.335167e-04
-1.540000e-03	1.334027e-04
-1.530000e-03	1.332886e-04
-1.520000e-03	1.331745e-04
-1.510000e-03	1.330604e-04
-1.500000e-03	1.329464e-04
-1.490000e-03	1.328323e-04
-1.480000e-03	1.327182e-04
-1.470000e-03	1.326041e-04
-1.460000e-03	1.324901e-04
-1.450000e-03	1.323760e-04
-1.440000e-03	1.322619e-04
-1.430000e-03	1.321479e-04
-1.420000e-03	1.320338e-04
-1.410000e-03	1.319197e-04
-1.400000e-03	1.318056e-04
-1.390000e-03	1.316916e-04
-1.380000e-03	1.315775e-04
-1.370000e-03	1.314634e-04
-1.360000e-03	1.313494e-04
-1.350000e-03	1.312353e-04
-1.340000e-03	1.311212e-04
-1.330000e-03	1.310071e-04
-1.320000e-03	1.308931e-04
-1.310000e-03	1.307790e-04
-1.300000e-03	1.306649e-04
-1.290000e-03	1.305508e-04
-1.280000e-03	1.304368e-04
-1.270000e-03	1.303227e-04
-1.260000e-03	1.302086e-04
-1.250000e-03	1.300946e-04
-1.240000e-03	1.299805e-04
-1.230000e-03	1.298664e-04
-1.220000e-03	1.297523e-04
-1.210000e-03	1.296383e-04
-1.200000e-03	1.295242e-04
-1.190000e-03	1.294101e-04
-1.180000e-03	1.292961e-04
-1.170000e-03	1.291820e-04
-1.160000e-03	1.290679e-04
-1.150000e-03	1.289538e-04
-1.140000e-03	1.288398e-04
-1.130000e-03	1.287257e-04
-1.120000e-03	1.286116e-04
-1.110000e-03	1.284975e-04
-1.100000e-03	1.283835e-04
-1.090000e-03	1.282694e-04
-1.080000e-03	1.281553e-04
-1.070000e-03	1.280413e-04
-1.060000e-03	1.279272e-04
-1.050000e-03	1.278131e-04
-1.040000e-03	1.276990e-04
-1.030000e-03	1.275850e-04
-1.020000e-03	1.274709e-04
-1.010000e-03	1.273568e-04
-1.000000e-03	1.272428e-04
-9.900000e-04	1.271287e-04
-9.800000e-04	1.270146e-04
-9.700000e-04	1.269005e-04
-9.600000e-04	1.267865e-04
-9.500000e-04	1.266724e-04
-9.400000e-04	1.265583e-04
-9.300000e-04	1.264442e-04
-9.200000e-04	1.263302e-04
-9.100000e-04	1.262161e-04
-9.000000e-04	1.261020e-04
-8.900000e-04	1.259880e-04
-8.800000e-04	1.258739e-04
-8.700000e-04	1.257598e-04
-8.600000e-04	1.256457e-04
-8.500000e-04	1.255317e-04
-8.400000e-04	1.254176e-04
-8.300000e-04	1.253035e-04
-8.200000e-04	1.251895e-04
-8.100000e-04	1.250754e-04
-8.000000e-04	1.249613e-04
-7.900000e-04	1.248472e-04
-7.800000e-04	1.247332e-04
-7.700000e-04	1.246191e-04
-7.600000e-04	1.245050e-04
-7.500000e-04	1.243909e-04
-7.400000e-04	1.242769e-04
-7.300000e-04	1.241628e-04
-7.200000e-04	1.240487e-04
-7.100000e-04	1.239347e-04
-7.000000e-04	1.238206e-04
-6.900000e-04	1.237065e-04
-6.800000e-04	1.235924e-04
-6.700000e-04	1.234784e-04
-6.600000e-04	1.233643e-04
-6.500000e-04	1.232502e-04
-6.400000e-04	1.231361e-04
-6.300000e-04	1.230221e-04
-6.200000e-04	1.229080e-04
-6.100000e-04	1.227939e-04
-6.000000e-04	1.226799e-04
-5.900000e-04	1.225658e-04
-5.800000e-04	1.224517e-04
-5.700000e-04	1.223376e-04
-5.600000e-04	1.222236e-04
-5.500000e-04	1.221095e-04
-5.400000e-04	1.219954e-04
-5.300000e-04	1.218814e-04
-5.200000e-04	1.217673e-04
-5.100000e-04	1.216532e-04
-5.000000e-04	1.215391e-04
-4.900000e-04	1.214251e-04
-4.800000e-04	1.213110e-04
-4.700000e-04	1.211969e-04
-4.600000e-04	1.210828e-04
-4.500000e-04	1.209688e-04
-4.400000e-04	1.208547e-04
-4.300000e-04	1.207406e-04
-4.200000e-04	1.206266e-04
-4.100000e-04	1.205125e-04
-4.000000e-04	1.203984e-04
-3.900000e-04	1.202843e-04
-3.800000e-04	1.201703e-04
-3.700000e-04	1.200562e-04
-3.600000e-04	1.199421e-04
-3.500000e-04	1.198281e-04
-3.400000e-04	1.197140e-04
-3.300000e-04	1.195999e-04
-3.200000e-04	1.194858e-04
-3.100000e-04	1.193718e-04
-3.000000e-04	1.192577e-04
-2.900000e-04	1.191436e-04
-2.800000e-04	1.190295e-04
-2.700000e-04	1.189155e-04
-2.600000e-04	1.188014e-04
-2.500000e-04	1.186873e-04
-2.400000e-04	1.185733e-04
-2.300000e-04	1.184592e-04
-2.200000e-04	1.183451e-04
-2.100000e-04	1.182310e-04
-2.000000e-04	1.181170e-04
-1.900000e-04	1.180029e-04
-1.800000e-04	1.178888e-04
-1.700000e-04	1.177748e-04
-1.600000e-04	1.176607e-04
-1.500000e-04	1.175466e-04
-1.400000e-04	1.174325e-04
-1.300000e-04	1.173185e-04
-1.200000e-04	1.172044e-04
-1.100000e-04	1.170903e-04
-1.000000e-04	1.169762e-04
-9.000000e-05	1.168622e-04
-8.000000e-05	1.167481e-04
-7.000000e-05	1.166340e-04
-6.000000e-05	1.165200e-04
-5.000000e-05	1.164059e-04
-4.000000e-05	1.162918e-04
-3.000000e-05	1.161777e-04
-2.000000e-05	1.160637e-04
-1.000000e-05	1.159496e-04
-3.677614e-16	1.158355e-04
1.000000e-05	1.157215e-04
2.000000e-05	1.156074e-04
3.000000e-05	1.154933e-04
4.000000e-05	1.153792e-04
5.000000e-05	1.152652e-04
6.000000e-05	1.151511e-04
7.000000e-05	1.150370e-04
8.000000e-05	1.149229e-04
9.000000e-05	1.148089e-04
1.000000e-04	1.146948e-04
1.100000e-04	1.145807e-04
1.200000e-04	1.144667e-04
1.300000e-04	1.143526e-04
1.400000e-04	1.142385e-04
1.500000e-04	1.141244e-04
1.600000e-04	1.140104e-04
1.700000e-04	1.138963e-04
1.800000e-04	1.137822e-04
1.900000e-04	1.136682e-04
2.000000e-04	1.135541e-04
2.100000e-04	1.134400e-04
2.200000e-04	1.133259e-04
2.300000e-04	1.132119e-04
2.400000e-04	1.130978e-04
2.500000e-04	1.129837e-04
2.600000e-04	1.128696e-04
2.700000e-04	1.127556e-04
2.800000e-04	1.126415e-04
2.900000e-04	1.125274e-04
3.000000e-04	1.124134e-04
3.100000e-04	1.122993e-04
3.200000e-04	1.121852e-04
3.300000e-04	1.120711e-04
3.400000e-04	1.119571e-04
3.500000e-04	1.118430e-04
3.600000e-04	1.117289e-04
3.700000e-04	1.116148e-04
3.800000e-04	1.115008e-04
3.900000e-04	1.113867e-04
4.000000e-04	1.112726e-04
4.100000e-04	1.111586e-04
4.200000e-04	1.110445e-04
4.300000e-04	1.109304e-04
4.400000e-04	1.108163e-04
4.500000e-04	1.107023e-04
4.600000e-04	1.105882e-04
4.700000e-04	1.104741e-04
4.800000e-04	1.103601e-04
4.900000e-04	1.102460e-04
5.000000e-04	1.101319e-04
5.100000e-04	1.100178e-04
5.200000e-04	1.099038e-04
5.300000e-04	1.097897e-04
5.400000e-04	1.096756e-04
5.500000e-04	1.095615e-04
5.600000e-04	1.094475e-04
5.700000e-04	1.093334e-04
5.800000e-04	1.092193e-04
5.900000e-04	1.091053e-04
6.000000e-04	1.089912e-04
6.100000e-04	1.088771e-04
6.200000e-04	1.087630e-04
6.300000e-04	1.086490e-04
6.400000e-04	1.085349e-04
6.500000e-04	1.084208e-04
6.600000e-04	1.083068e-04
6.700000e-04	1.081927e-04
6.800000e-04	1.080786e-04
6.900000e-04	1.079645e-04
7.000000e-04	1.078505e-04
7.100000e-04	1.077364e-04
7.200000e-04	1.076223e-04
7.300000e-04	1.075082e-04
7.400000e-04	1.073942e-04
7.500000e-04	1.072801e-04
7.600000e-04	1.071660e-04
7.700000e-04	1.070520e-04
7.800000e-04	1.069379e-04
7.900000e-04	1.068238e-04
8.000000e-04	1.067097e-04
8.100000e-04	1.065957e-04
8.200000e-04	1.064816e-04
8.300000e-04	1.063675e-04
8.400000e-04	1.062535e-04
8.500000e-04	1.061394e-04
8.600000e-04	1.060253e-04
8.700000e-04	1.059112e-04
8.800000e-04	1.057972e-04
8.900000e-04	1.056831e-04
9.000000e-04	1.055690e-04
9.100000e-04	1.054549e-04
9.200000e-04	1.053409e-04
9.300000e-04	1.052268e-04
9.400000e-04	1.051127e-04
9.500000e-04	1.049987e-04
9.600000e-04	1.048846e-04
9.700000e-04	1.047705e-04
9.800000e-04	1.046564e-04
9.900000e-04	1.045424e-04
1.000000e-03	1.044283e-04
1.010000e-03	1.043142e-04
1.020000e-03	1.042002e-04
1.030000e-03	1.040861e-04
1.040000e-03	1.039720e-04
1.050000e-03	1.038579e-04
1.060000e-03	1.037439e-04
1.070000e-03	1.036298e-04
1.080000e-03	1.035157e-04
1.090000e-03	1.034016e-04
1.100000e-03	1.032876e-04
1.110000e-03	1.031735e-04
1.120000e-03	1.030594e-04
1.130000e-03	1.029454e-04
1.140000e-03	1.028313e-04
1.150000e-03	1.027172e-04
1.160000e-03	1.026031e-04
1.170000e-03	1.024891e-04
1.180000e-03	1.023750e-04
1.190000e-03	1.022609e-04
1.200000e-03	1.021469e-04
1.210000e-03	1.020328e-04
1.220000e-03	1.019187e-04
1.230000e-03	1.018046e-04
1.240000e-03	1.016906e-04
1.250000e-03	1.015765e-04
1.260000e-03	1.014624e-04
1.270000e-03	1.013483e-04
1.280000e-03	1.012343e-04
1.290000e-03	1.011202e-04
1.300000e-03	1.010061e-04
1.310000e-03	1.008921e-04
1.320000e-03	1.007780e-04
1.330000e-03	1.006639e-04
1.340000e-03	1.005498e-04
1.350000e-03	1.004358e-04
1.360000e-03	1.003217e-04
1.370000e-03	1.002076e-04
1.380000e-03	1.000936e-04
1.390000e-03	9.997948e-05
1.400000e-03	9.986541e-05
1.410000e-03	9.975133e-05
1.420000e-03	9.963726e-05
1.430000e-03	9.952319e-05
1.440000e-03	9.940912e-05
1.450000e-03	9.929504e-05
1.460000e-03	9.918097e-05
1.470000e-03	9.906690e-05
1.480000e-03	9.895283e-05
1.490000e-03	9.883876e-05
1.500000e-03	9.872468e-05
1.510000e-03	9.861061e-05
1.520000e-03	9.849654e-05
1.530000e-03	9.838247e-05
1.540000e-03	9.826839e-05
1.550000e-03	9.815432e-05
1.560000e-03	9.804025e-05
1.570000e-03	9.792618e-05
1.580000e-03	9.781210e-05
1.590000e-03	9.769803e-05
1.600000e-03	9.758396e-05
1.610000e-03	9.746989e-05
1.620000e-03	9.735582e-05
1.630000e-03	9.724174e-05
1.640000e-03	9.712767e-05
1.650000e-03	9.701360e-05
1.660000e-03	9.689953e-05
1.670000e-03	9.678545e-05
1.680000e-03	9.667138e-05
1.690000e-03	9.655731e-05
1.700000e-03	9.644324e-05
1.710000e-03	9.632917e-05
1.720000e-03	9.621509e-05
1.730000e-03	9.610102e-05
1.740000e-03	9.598695e-05
1.750000e-03	9.587288e-05
1.760000e-03	9.575880e-05
1.770000e-03	9.564473e-05
1.780000e-03	9.553066e-05
1.790000e-03	9.541659e-05
1.800000e-03	9.530251e-05
1.810000e-03	9.518844e-05
1.820000e-03	9.507437e-05
1.830000e-03	9.496030e-05
1.840000e-03	9.484623e-05
1.850000e-03	9.473215e-05
1.860000e-03	9.461808e-05
1.870000e-03	9.450401e-05
1.880000e-03	9.438994e-05
1.890000e-03	9.427586e-05
1.900000e-03	9.416179e-05
1.910000e-03	9.404772e-05
1.920000e-03	9.393365e-05
1.930000e-03	9.381958e-05
1.940000e-03	9.370550e-05
1.950000e-03	9.359143e-05
1.960000e-03	9.347736e-05
1.970000e-03	9.336329e-05
1.980000e-03	9.324921e-05
1.990000e-03	9.313514e-05
2.000000e-03	9.302107e-05
2.010000e-03	9.290700e-05
2.020000e-03	9.279292e-05
2.030000e-03	9.267885e-05
2.040000e-03	9.256478e-05
2.050000e-03	9.245071e-05
2.060000e-03	9.233664e-05
2.070000e-03	9.222256e-05
2.080000e-03	9.210849e-05
2.090000e-03	9.199442e-05
2.100000e-03	9.188035e-05
2.110000e-03	9.176627e-05
2.120000e-03	9.165220e-05
2.130000e-03	9.153813e-05
2.140000e-03	9.142406e-05
2.150000e-03	9.130999e-05
2.160000e-03	9.119591e-05
2.170000e-03	9.108184e-05
2.180000e-03	9.096777e-05
2.190000e-03	9.085370e-05
2.200000e-03	9.073962e-05
2.210000e-03	9.062555e-05
2.220000e-03	9.051148e-05
2.230000e-03	9.039741e-05
2.240000e-03	9.028333e-05
2.250000e-03	9.016926e-05
2.260000e-03	9.005519e-05
2.270000e-03	8.994112e-05
2.280000e-03	8.982705e-05
2.290000e-03	8.971297e-05
2.300000e-03	8.959890e-05
2.310000e-03	8.948483e-05
2.320000e-03	8.937076e-05
2.330000e-03	8.925668e-05
2.340000e-03	8.914261e-05
2.350000e-03	8.902854e-05
2.360000e-03	8.891447e-05
2.370000e-03	8.880040e-05
2.380000e-03	8.868632e-05
2.390000e-03	8.857225e-05
2.400000e-03	8.845818e-05
2.410000e-03	8.834411e-05
2.420000e-03	8.823003e-05
2.430000e-03	8.811596e-05
2.440000e-03	8.800189e-05
2.450000e-03	8.788782e-05
2.460000e-03	8.777374e-05
2.470000e-03	8.765967e-05
2.480000e-03	8.754560e-05
2.490000e-03	8.743153e-05
2.500000e-03	8.731746e-05
2.510000e-03	8.720338e-05
2.520000e-03	8.708931e-05
2.530000e-03	8.697524e-05
2.540000e-03	8.686117e-05
2.550000e-03	8.674709e-05
2.560000e-03	8.663302e-05
2.570000e-03	8.651895e-05
2.580000e-03	8.640488e-05
2.590000e-03	8.629081e-05
2.600000e-03	8.617673e-05
2.610000e-03	8.606266e-05
2.620000e-03	8.594859e-05
2.630000e-03	8.583452e-05
2.640000e-03	8.572044e-05
2.650000e-03	8.560637e-05
2.660000e-03	8.549230e-05
2.670000e-03	8.537823e-05
2.680000e-03	8.526415e-05
2.690000e-03	8.515008e-05
2.700000e-03	8.503601e-05
2.710000e-03	8.492194e-05
2.720000e-03	8.480787e-05
2.730000e-03	8.469379e-05
2.740000e-03	8.457972e-05
2.750000e-03	8.446565e-05
2.760000e-03	8.435158e-05
2.770000e-03	8.423750e-05
2.780000e-03	8.412343e-05
2.790000e-03	8.400936e-05
2.800000e-03	8.389529e-05
2.810000e-03	8.378122e-05
2.820000e-03	8.366714e-05
2.830000e-03	8.355307e-05
2.840000e-03	8.343900e-05
2.850000e-03	8.332493e-05
2.860000e-03	8.321085e-05
2.870000e-03	8.309678e-05
2.880000e-03	8.298271e-05
2.890000e-03	8.286864e-05
2.900000e-03	8.275456e-05
2.910000e-03	8.264049e-05
2.920000e-03	8.252642e-05
2.930000e-03	8.241235e-05
2.940000e-03	8.229828e-05
2.950000e-03	8.218420e-05
2.960000e-03	8.207013e-05
2.970000e-03	8.195606e-05
2.980000e-03	8.184199e-05
2.990000e-03	8.172791e-05
3.000000e-03	8.161384e-05
3.010000e-03	8.149977e-05
3.020000e-03	8.138570e-05
3.030000e-03	8.127162e-05
3.040000e-03	8.115755e-05
3.050000e-03	8.104348e-05
3.060000e-03	8.092941e-05
3.070000e-03	8.081534e-05
3.080000e-03	8.070126e-05
3.090000e-03	8.058719e-05
3.100000e-03	8.047312e-05
3.110000e-03	8.035905e-05
3.120000e-03	8.024497e-05
3.130000e-03	8.013090e-05
3.140000e-03	8.001683e-05
3.150000e-03	7.990276e-05
3.160000e-03	7.978869e-05
3.170000e-03	7.967461e-05
3.180000e-03	7.956054e-05
3.190000e-03	7.944647e-05
3.200000e-03	7.933240e-05
3.210000e-03	7.921832e-05
3.220000e-03	7.910425e-05
3.230000e-03	7.899018e-05
3.240000e-03	7.887611e-05
3.250000e-03	7.876203e-05
3.260000e-03	7.864796e-05
3.270000e-03	7.853389e-05
3.280000e-03	7.841982e-05
3.290000e-03	7.830575e-05
3.300000e-03	7.819167e-05
3.310000e-03	7.807760e-05
3.320000e-03	7.796353e-05
3.330000e-03	7.784946e-05
3.340000e-03	7.773538e-05
3.350000e-03	7.762131e-05
3.360000e-03	7.750724e-05
3.370000e-03	7.739317e-05
3.380000e-03	7.727910e-05
3.390000e-03	7.716502e-05
3.400000e-03	7.705095e-05
3.410000e-03	7.693688e-05
3.420000e-03	7.682281e-05
3.430000e-03	7.670873e-05
3.440000e-03	7.659466e-05
3.450000e-03	7.648059e-05
3.460000e-03	7.636652e-05
3.470000e-03	7.625244e-05
3.480000e-03	7.613837e-05
3.490000e-03	7.602430e-05
3.500000e-03	7.591023e-05
3.510000e-03	7.579616e-05
3.520000e-03	7.568208e-05
3.530000e-03	7.556801e-05
3.540000e-03	7.545394e-05
3.550000e-03	7.533987e-05
3.560000e-03	7.522579e-05
3.570000e-03	7.511172e-05
3.580000e-03	7.499765e-05
3.590000e-03	7.488358e-05
3.600000e-03	7.476951e-05
3.610000e-03	7.465543e-05
3.620000e-03	7.454136e-05
3.630000e-03	7.442729e-05
3.640000e-03	7.431322e-05
3.650000e-03	7.419914e-05
3.660000e-03	7.408507e-05
3.670000e-03	7.397100e-05
3.680000e-03	7.385693e-05
3.690000e-03	7.374285e-05
3.700000e-03	7.362878e-05
3.710000e-03	7.351471e-05
3.720000e-03	7.340064e-05
3.730000e-03	7.328657e-05
3.740000e-03	7.317249e-05
3.750000e-03	7.305842e-05
3.760000e-03	7.294435e-05
3.770000e-03	7.283028e-05
3.780000e-03	7.271620e-05
3.790000e-03	7.260213e-05
3.800000e-03	7.248806e-05
3.810000e-03	7.237399e-05
3.820000e-03	7.225992e-05
3.830000e-03	7.214584e-05
3.840000e-03	7.203177e-05
3.850000e-03	7.191770e-05
3.860000e-03	7.180363e-05
3.870000e-03	7.168955e-05
3.880000e-03	7.157548e-05
3.890000e-03	7.146141e-05
3.900000e-03	7.134734e-05
3.910000e-03	7.123326e-05
3.920000e-03	7.111919e-05
3.930000e-03	7.100512e-05
3.940000e-03	7.089105e-05
3.950000e-03	7.077698e-05
3.960000e-03	7.066290e-05
3.970000e-03	7.054883e-05
3.980000e-03	7.043476e-05
3.990000e-03	7.032069e-05
4.000000e-03	7.020661e-05
4.010000e-03	7.009254e-05
4.020000e-03	6.997847e-05
4.030000e-03	6.986440e-05
4.040000e-03	6.975033e-05
4.050000e-03	6.963625e-05
4.060000e-03	6.952218e-05
4.070000e-03	6.940811e-05
4.080000e-03	6.929404e-05
4.090000e-03	6.917996e-05
4.100000e-03	6.906589e-05
4.110000e-03	6.895182e-05
4.120000e-03	6.883775e-05
4.130000e-03	6.872367e-05
4.140000e-03	6.860960e-05
4.150000e-03	6.849553e-05
4.160000e-03	6.838146e-05
4.170000e-03	6.826739e-05
4.180000e-03	6.815331e-05
4.190000e-03	6.803924e-05
4.200000e-03	6.792517e-05
4.210000e-03	6.781110e-05
4.220000e-03	6.769702e-05
4.230000e-03	6.758295e-05
4.240000e-03	6.746888e-05
4.250000e-03	6.735481e-05
4.260000e-03	6.724074e-05
4.270000e-03	6.712666e-05
4.280000e-03	6.701259e-05
4.290000e-03	6.689852e-05
4.300000e-03	6.678445e-05
4.310000e-03	6.667037e-05
4.320000e-03	6.655630e-05
4.330000e-03	6.644223e-05
4.340000e-03	6.632816e-05
4.350000e-03	6.621408e-05
4.360000e-03	6.610001e-05
4.370000e-03	6.598594e-05
4.380000e-03	6.587187e-05
4.390000e-03	6.575780e-05
4.400000e-03	6.564372e-05
4.410000e-03	6.552965e-05
4.420000e-03	6.541558e-05
4.430000e-03	6.530151e-05
4.440000e-03	6.518743e-05
4.450000e-03	6.507336e-05
4.460000e-03	6.495929e-05
4.470000e-03	6.484522e-05
4.480000e-03	6.473115e-05
4.490000e-03	6.461707e-05
4.500000e-03	6.450300e-05
4.510000e-03	6.438893e-05
4.520000e-03	6.427486e-05
4.530000e-03	6.416078e-05
4.540000e-03	6.404671e-05
4.550000e-03	6.393264e-05
4.560000e-03	6.381857e-05
4.570000e-03	6.370449e-05
4.580000e-03	6.359042e-05
4.590000e-03	6.347635e-05
4.600000e-03	6.336228e-05
4.610000e-03	6.324821e-05
4.620000e-03	6.313413e-05
4.630000e-03	6.302006e-05
4.640000e-03	6.290599e-05
4.650000e-03	6.279192e-05
4.660000e-03	6.267784e-05
4.670000e-03	6.256377e-05
4.680000e-03	6.244970e-05
4.690000e-03	6.233563e-05
4.700000e-03	6.222156e-05
4.710000e-03	6.210748e-05
4.720000e-03	6.199341e-05
4.730000e-03	6.187934e-05
4.740000e-03	6.176527e-05
4.750000e-03	6.165119e-05
4.760000e-03	6.153712e-05
4.770000e-03	6.142305e-05
4.780000e-03	6.130898e-05
4.790000e-03	6.119490e-05
4.800000e-03	6.108083e-05
4.810000e-03	6.096676e-05
4.820000e-03	6.085269e-05
4.830000e-03	6.073862e-05
4.840000e-03	6.062454e-05
4.850000e-03	6.051047e-05
4.860000e-03	6.039640e-05
4.870000e-03	6.028233e-05
4.880000e-03	6.016825e-05
4.890000e-03	6.005418e-05
4.900000e-03	5.994011e-05
4.910000e-03	5.982604e-05
4.920000e-03	5.971197e-05
4.930000e-03	5.959789e-05
4.940000e-03	5.948382e-05
4.950000e-03	5.936975e-05
4.960000e-03	5.925568e-05
4.970000e-03	5.914160e-05
4.980000e-03	5.902753e-05
4.990000e-03	5.891346e-05
5.000000e-03	5.879939e-05
5.010000e-03	5.877210e-05
5.020000e-03	5.874481e-05
5.030000e-03	5.871752e-05
5.040000e-03	5.869023e-05
5.050000e-03	5.866294e-05
5.060000e-03	5.863565e-05
5.070000e-03	5.860836e-05
5.080000e-03	5.858107e-05
5.090000e-03	5.855378e-05
5.100000e-03	5.852649e-05
5.110000e-03	5.849920e-05
5.120000e-03	5.847191e-05
5.130000e-03	5.844462e-05
5.140000e-03	5.841733e-05
5.150000e-03	5.839004e-05
5.160000e-03	5.836275e-05
5.170000e-03	5.833546e-05
5.180000e-03	5.830817e-05
5.190000e-03	5.828089e-05
5.200000e-03	5.825360e-05
5.210000e-03	5.822631e-05
5.220000e-03	5.819902e-05
5.230000e-03	5.817173e-05
5.240000e-03	5.814444e-05
5.250000e-03	5.811715e-05
5.260000e-03	5.808986e-05
5.270000e-03	5.806257e-05
5.280000e-03	5.803528e-05
5.290000e-03	5.800799e-05
5.300000e-03	5.798070e-05
5.310000e-03	5.795341e-05
5.320000e-03	5.792612e-05
5.330000e-03	5.789883e-05
5.340000e-03	5.787154e-05
5.350000e-03	5.784425e-05
5.360000e-03	5.781696e-05
5.370000e-03	5.778967e-05
5.380000e-03	5.776238e-05
5.390000e-03	5.773509e-05
5.400000e-03	5.770780e-05
5.410000e-03	5.768051e-05
5.420000e-03	5.765323e-05
5.430000e-03	5.762594e-05
5.440000e-03	5.759865e-05
5.450000e-03	5.757136e-05
5.460000e-03	5.754407e-05
5.470000e-03	5.751678e-05
5.480000e-03	5.748949e-05
5.490000e-03	5.746220e-05
5.500000e-03	5.743491e-05
5.510000e-03	5.740762e-05
5.520000e-03	5.738033e-05
5.530000e-03	5.735304e-05
5.540000e-03	5.732575e-05
5.550000e-03	5.729846e-05
5.560000e-03	5.727117e-05
5.570000e-03	5.724388e-05
5.580000e-03	5.721659e-05
5.590000e-03	5.718930e-05
5.600000e-03	5.716201e-05
5.610000e-03	5.713472e-05
5.620000e-03	5.710743e-05
5.630000e-03	5.708014e-05
5.640000e-03	5.705285e-05
5.650000e-03	5.702557e-05
5.660000e-03	5.699828e-05
5.670000e-03	5.697099e-05
5.680000e-03	5.694370e-05
5.690000e-03	5.691641e-05
5.700000e-03	5.688912e-05
5.710000e-03	5.686183e-05
5.720000e-03	5.683454e-05
5.730000e-03	5.680725e-05
5.740000e-03	5.677996e-05
5.750000e-03	5.675267e-05
5.760000e-03	5.672538e-05
5.770000e-03	5.669809e-05
5.780000e-03	5.667080e-05
5.790000e-03	5.664351e-05
5.800000e-03	5.661622e-05
5.810000e-03	5.658893e-05
5.820000e-03	5.656164e-05
5.830000e-03	5.653435e-05
5.840000e-03	5.650706e-05
5.850000e-03	5.647977e-05
5.860000e-03	5.645248e-05
5.870000e-03	5.642519e-05
5.880000e-03	5.639791e-05
5.890000e-03	5.637062e-05
5.900000e-03	5.634333e-05
5.910000e-03	5.631604e-05
5.920000e-03	5.628875e-05
5.930000e-03	5.626146e-05
5.940000e-03	5.623417e-05
5.950000e-03	5.620688e-05
5.960000e-03	5.617959e-05
5.970000e-03	5.615230e-05
5.980000e-03	5.612501e-05
5.990000e-03	5.609772e-05
6.000000e-03	5.607043e-05
6.010000e-03	5.608016e-05
6.020000e-03	5.608988e-05
6.030000e-03	5.609961e-05
6.040000e-03	5.610934e-05
6.050000e-03	5.611907e-05
6.060000e-03	5.612879e-05
6.070000e-03	5.613852e-05
6.080000e-03	5.614825e-05
6.090000e-03	5.615797e-05
6.100000e-03	5.616770e-05
6.110000e-03	5.617743e-05
6.120000e-03	5.618715e-05
6.130000e-03	5.619688e-05
6.140000e-03	5.620661e-05
6.150000e-03	5.621634e-05
6.160000e-03	5.622606e-05
6.170000e-03	5.623579e-05
6.180000e-03	5.624552e-05
6.190000e-03	5.625524e-05
6.200000e-03	5.626497e-05
6.210000e-03	5.627470e-05
6.220000e-03	5.628442e-05
6.230000e-03	5.629415e-05
6.240000e-03	5.630388e-05
6.250000e-03	5.631360e-05
6.260000e-03	5.632333e-05
6.270000e-03	5.633306e-05
6.280000e-03	5.634279e-05
6.290000e-03	5.635251e-05
6.300000e-03	5.636224e-05
6.310000e-03	5.637197e-05
6.320000e-03	5.638169e-05
6.330000e-03	5.639142e-05
6.340000e-03	5.640115e-05
6.350000e-03	5.641087e-05
6.360000e-03	5.642060e-05
6.370000e-03	5.643033e-05
6.380000e-03	5.644006e-05
6.390000e-03	5.644978e-05
6.400000e-03	5.645951e-05
6.410000e-03	5.646924e-05
6.420000e-03	5.647896e-05
6.430000e-03	5.648869e-05
6.440000e-03	5.649842e-05
6.450000e-03	5.650814e-05
6.460000e-03	5.651787e-05
6.470000e-03	5.652760e-05
6.480000e-03	5.653733e-05
6.490000e-03	5.654705e-05
6.500000e-03	5.655678e-05
6.510000e-03	5.656651e-05
6.520000e-03	5.657623e-05
6.530000e-03	5.658596e-05
6.540000e-03	5.659569e-05
6.550000e-03	5.660541e-05
6.560000e-03	5.661514e-05
6.570000e-03	5.662487e-05
6.580000e-03	5.663459e-05
6.590000e-03	5.664432e-05
6.600000e-03	5.665405e-05
6.610000e-03	5.666378e-05
6.620000e-03	5.667350e-05
6.630000e-03	5.668323e-05
6.640000e-03	5.669296e-05
6.650000e-03	5.670268e-05
6.660000e-03	5.671241e-05
6.670000e-03	5.672214e-05
6.680000e-03	5.673186e-05
6.690000e-03	5.674159e-05
6.700000e-03	5.675132e-05
6.710000e-03	5.676105e-05
6.720000e-03	5.677077e-05
6.730000e-03	5.678050e-05
6.740000e-03	5.679023e-05
6.750000e-03	5.679995e-05
6.760000e-03	5.680968e-05
6.770000e-03	5.681941e-05
6.780000e-03	5.682913e-05
6.790000e-03	5.683886e-05
6.800000e-03	5.684859e-05
6.810000e-03	5.685832e-05
6.820000e-03	5.686804e-05
6.830000e-03	5.687777e-05
6.840000e-03	5.688750e-05
6.850000e-03	5.689722e-05
6.860000e-03	5.690695e-05
6.870000e-03	5.691668e-05
6.880000e-03	5.692640e-05
6.890000e-03	5.693613e-05
6.900000e-03	5.694586e-05
6.910000e-03	5.695558e-05
6.920000e-03	5.696531e-05
6.930000e-03	5.697504e-05
6.940000e-03	5.698477e-05
6.950000e-03	5.699449e-05
6.960000e-03	5.700422e-05
6.970000e-03	5.701395e-05
6.980000e-03	5.702367e-05
6.990000e-03	5.703340e-05
7.000000e-03	5.704313e-05
7.010000e-03	5.708812e-05
7.020000e-03	5.713311e-05
7.030000e-03	5.717810e-05
7.040000e-03	5.722309e-05
7.050000e-03	5.726808e-05
7.060000e-03	5.731307e-05
7.070000e-03	5.735806e-05
7.080000e-03	5.740305e-05
7.090000e-03	5.744805e-05
7.100000e-03	5.749304e-05
7.110000e-03	5.753803e-05
7.120000e-03	5.758302e-05
7.130000e-03	5.762801e-05
7.140000e-03	5.767300e-05
7.150000e-03	5.771799e-05
7.160000e-03	5.776298e-05
7.170000e-03	5.780797e-05
7.180000e-03	5.785296e-05
7.190000e-03	5.789795e-05
7.200000e-03	5.794294e-05
7.210000e-03	5.798793e-05
7.220000e-03	5.803293e-05
7.230000e-03	5.807792e-05
7.240000e-03	5.812291e-05
7.250000e-03	5.816790e-05
7.260000e-03	5.821289e-05
7.270000e-03	5.825788e-05
7.280000e-03	5.830287e-05
7.290000e-03	5.834786e-05
7.300000e-03	5.839285e-05
7.310000e-03	5.843784e-05
7.320000e-03	5.848283e-05
7.330000e-03	5.852782e-05
7.340000e-03	5.857282e-05
7.350000e-03	5.861781e-05
7.360000e-03	5.866280e-05
7.370000e-03	5.870779e-05
7.380000e-03	5.875278e-05
7.390000e-03	5.879777e-05
7.400000e-03	5.884276e-05
7.410000e-03	5.888775e-05
7.420000e-03	5.893274e-05
7.430000e-03	5.897773e-05
7.440000e-03	5.902272e-05
7.450000e-03	5.906771e-05
7.460000e-03	5.911271e-05
7.470000e-03	5.915770e-05
7.480000e-03	5.920269e-05
7.490000e-03	5.924768e-05
7.500000e-03	5.929267e-05
7.510000e-03	5.933766e-05
7.520000e-03	5.938265e-05
7.530000e-03	5.942764e-05
7.540000e-03	5.947263e-05
7.550000e-03	5.951762e-05
7.560000e-03	5.956261e-05
7.570000e-03	5.960760e-05
7.580000e-03	5.965260e-05
7.590000e-03	5.969759e-05
7.600000e-03	5.974258e-05
7.610000e-03	5.978757e-05
7.620000e-03	5.983256e-05
7.630000e-03	5.987755e-05
7.640000e-03	5.992254e-05
7.650000e-03	5.996753e-05
7.660000e-03	6.001252e-05
7.670000e-03	6.005751e-05
7.680000e-03	6.010250e-05
7.690000e-03	6.014749e-05
7.700000e-03	6.019249e-05
7.710000e-03	6.023748e-05
7.720000e-03	6.028247e-05
7.730000e-03	6.032746e-05
7.740000e-03	6.037245e-05
7.750000e-03	6.041744e-05
7.760000e-03	6.046243e-05
7.770000e-03	6.050742e-05
7.780000e-03	6.055241e-05
7.790000e-03	6.059740e-05
7.800000e-03	6.064239e-05
7.810000e-03	6.068738e-05
7.820000e-03	6.073237e-05
7.830000e-03	6.077737e-05
7.840000e-03	6.082236e-05
7.850000e-03	6.086735e-05
7.860000e-03	6.091234e-05
7.870000e-03	6.095733e-05
7.880000e-03	6.100232e-05
7.890000e-03	6.104731e-05
7.900000e-03	6.109230e-05
7.910000e-03	6.113729e-05
7.920000e-03	6.118228e-05
7.930000e-03	6.122727e-05
7.940000e-03	6.127226e-05
7.950000e-03	6.131726e-05
7.960000e-03	6.136225e-05
7.970000e-03	6.140724e-05
7.980000e-03	6.145223e-05
7.990000e-03	6.149722e-05
8.000000e-03	6.154221e-05
8.010000e-03	6.161559e-05
8.020000e-03	6.168897e-05
8.030000e-03	6.176235e-05
8.040000e-03	6.183573e-05
8.050000e-03	6.190910e-05
8.060000e-03	6.198248e-05
8.070000e-03	6.205586e-05
8.080000e-03	6.212924e-05
8.090000e-03	6.220262e-05
8.100000e-03	6.227600e-05
8.110000e-03	6.234938e-05
8.120000e-03	6.242276e-05
8.130000e-03	6.249614e-05
8.140000e-03	6.256951e-05
8.150000e-03	6.264289e-05
8.160000e-03	6.271627e-05
8.170000e-03	6.278965e-05
8.180000e-03	6.286303e-05
8.190000e-03	6.293641e-05
8.200000e-03	6.300979e-05
8.210000e-03	6.308317e-05
8.220000e-03	6.315655e-05
8.230000e-03	6.322993e-05
8.240000e-03	6.330330e-05
8.250000e-03	6.337668e-05
8.260000e-03	6.345006e-05
8.270000e-03	6.352344e-05
8.280000e-03	6.359682e-05
8.290000e-03	6.367020e-05
8.300000e-03	6.374358e-05
8.310000e-03	6.381696e-05
8.320000e-03	6.389034e-05
8.330000e-03	6.396371e-05
8.340000e-03	6.403709e-05
8.350000e-03	6.411047e-05
8.360000e-03	6.418385e-05
8.370000e-03	6.425723e-05
8.380000e-03	6.433061e-05
8.390000e-03	6.440399e-05
8.400000e-03	6.447737e-05
8.410000e-03	6.455075e-05
8.420000e-03	6.462413e-05
8.430000e-03	6.469750e-05
8.440000e-03	6.477088e-05
8.450000e-03	6.484426e-05
8.460000e-03	6.491764e-05
8.470000e-03	6.499102e-05
8.480000e-03	6.506440e-05
8.490000e-03	6.513778e-05
8.500000e-03	6.521116e-05
8.510000e-03	6.528454e-05
8.520000e-03	6.535791e-05
8.530000e-03	6.543129e-05
8.540000e-03	6.550467e-05
8.550000e-03	6.557805e-05
8.560000e-03	6.565143e-05
8.570000e-03	6.572481e-05
8.580000e-03	6.579819e-05
8.590000e-03	6.587157e-05
8.600000e-03	6.594495e-05
8.610000e-03	6.601832e-05
8.620000e-03	6.609170e-05
8.630000e-03	6.616508e-05
8.640000e-03	6.623846e-05
8.650000e-03	6.631184e-05
8.660000e-03	6.638522e-05
8.670000e-03	6.645860e-05
8.680000e-03	6.653198e-05
8.690000e-03	6.660536e-05
8.700000e-03	6.667874e-05
8.710000e-03	6.675211e-05
8.720000e-03	6.682549e-05
8.730000e-03	6.689887e-05
8.740000e-03	6.697225e-05
8.750000e-03	6.704563e-05
8.760000e-03	6.711901e-05
8.770000e-03	6.719239e-05
8.780000e-03	6.726577e-05
8.790000e-03	6.733915e-05
8.800000e-03	6.741252e-05
8.810000e-03	6.748590e-05
8.820000e-03	6.755928e-05
8.830000e-03	6.763266e-05
8.840000e-03	6.770604e-05
8.850000e-03	6.777942e-05
8.860000e-03	6.785280e-05
8.870000e-03	6.792618e-05
8.880000e-03	6.799956e-05
8.890000e-03	6.807294e-05
8.900000e-03	6.814631e-05
8.910000e-03	6.821969e-05
8.920000e-03	6.829307e-05
8.930000e-03	6.836645e-05
8.940000e-03	6.843983e-05
8.950000e-03	6.851321e-05
8.960000e-03	6.858659e-05
8.970000e-03	6.865997e-05
8.980000e-03	6.873335e-05
8.990000e-03	6.880672e-05
9.000000e-03	6.888010e-05
9.010000e-03	6.900766e-05
9.020000e-03	6.913522e-05
9.030000e-03	6.926278e-05
9.040000e-03	6.939034e-05
9.050000e-03	6.951789e-05
9.060000e-03	6.964545e-05
9.070000e-03	6.977301e-05
9.080000e-03	6.990057e-05
9.090000e-03	7.002813e-05
9.100000e-03	7.015569e-05
9.110000e-03	7.028324e-05
9.120000e-03	7.041080e-05
9.130000e-03	7.053836e-05
9.140000e-03	7.066592e-05
9.150000e-03	7.079348e-05
9.160000e-03	7.092103e-05
9.170000e-03	7.104859e-05
9.180000e-03	7.117615e-05
9.190000e-03	7.130371e-05
9.200000e-03	7.143127e-05
9.210000e-03	7.155883e-05
9.220000e-03	7.168638e-05
9.230000e-03	7.181394e-05
9.240000e-03	7.194150e-05
9.250000e-03	7.206906e-05
9.260000e-03	7.219662e-05
9.270000e-03	7.232417e-05
9.280000e-03	7.245173e-05
9.290000e-03	7.257929e-05
9.300000e-03	7.270685e-05
9.310000e-03	7.283441e-05
9.320000e-03	7.296197e-05
9.330000e-03	7.308952e-05
9.340000e-03	7.321708e-05
9.350000e-03	7.334464e-05
9.360000e-03	7.347220e-05
9.370000e-03	7.359976e-05
9.380000e-03	7.372731e-05
9.390000e-03	7.385487e-05
9.400000e-03	7.398243e-05
9.410000e-03	7.410999e-05
9.420000e-03	7.423755e-05
9.430000e-03	7.436511e-05
9.440000e-03	7.449266e-05
9.450000e-03	7.462022e-05
9.460000e-03	7.474778e-05
9.470000e-03	7.487534e-05
9.480000e-03	7.500290e-05
9.490000e-03	7.513045e-05
9.500000e-03	7.525801e-05
9.510000e-03	7.538557e-05
9.520000e-03	7.551313e-05
9.530000e-03	7.564069e-05
9.540000e-03	7.576824e-05
9.550000e-03	7.589580e-05
9.560000e-03	7.602336e-05
9.570000e-03	7.615092e-05
9.580000e-03	7.627848e-05
9.590000e-03	7.640604e-05
9.600000e-03	7.653359e-05
9.610000e-03	7.666115e-05
9.620000e-03	7.678871e-05
9.630000e-03	7.691627e-05
9.640000e-03	7.704383e-05
9.650000e-03	7.717138e-05
9.660000e-03	7.729894e-05
9.670000e-03	7.742650e-05
9.680000e-03	7.755406e-05
9.690000e-03	7.768162e-05
9.700000e-03	7.780918e-05
9.710000e-03	7.793673e-05
9.720000e-03	7.806429e-05
9.730000e-03	7.819185e-05
9.740000e-03	7.831941e-05
9.750000e-03	7.844697e-05
9.760000e-03	7.857452e-05
9.770000e-03	7.870208e-05
9.780000e-03	7.882964e-05
9.790000e-03	7.895720e-05
9.800000e-03	7.908476e-05
9.810000e-03	7.921232e-05
9.820000e-03	7.933987e-05
9.830000e-03	7.946743e-05
9.840000e-03	7.959499e-05
9.850000e-03	7.972255e-05
9.860000e-03	7.985011e-05
9.870000e-03	7.997766e-05
9.880000e-03	8.010522e-05
9.890000e-03	8.023278e-05
9.900000e-03	8.036034e-05
9.910000e-03	8.048790e-05
9.920000e-03	8.061546e-05
9.930000e-03	8.074301e-05
9.940000e-03	8.087057e-05
9.950000e-03	8.099813e-05
9.960000e-03	8.112569e-05
9.970000e-03	8.125325e-05
9.980000e-03	8.138080e-05
9.990000e-03	8.150836e-05
1.000000e-02	8.163592e-05
1.001000e-02	8.176348e-05
1.002000e-02	8.189104e-05
1.003000e-02	8.201860e-05
1.004000e-02	8.214615e-05
1.005000e-02	8.227371e-05
1.006000e-02	8.240127e-05
1.007000e-02	8.252883e-05
1.008000e-02	8.265639e-05
1.009000e-02	8.278394e-05
1.010000e-02	8.291150e-05
1.011000e-02	8.303906e-05
1.012000e-02	8.316662e-05
1.013000e-02	8.329418e-05
1.014000e-02	8.342174e-05
1.015000e-02	8.354929e-05
1.016000e-02	8.367685e-05
1.017000e-02	8.380441e-05
1.018000e-02	8.393197e-05
1.019000e-02	8.405953e-05
1.020000e-02	8.418708e-05
1.021000e-02	8.431464e-05
1.022000e-02	8.444220e-05
1.023000e-02	8.456976e-05
1.024000e-02	8.469732e-05
1.025000e-02	8.482488e-05
1.026000e-02	8.495243e-05
1.027000e-02	8.507999e-05
1.028000e-02	8.520755e-05
1.029000e-02	8.533511e-05
1.030000e-02	8.546267e-05
1.031000e-02	8.559022e-05
1.032000e-02	8.571778e-05
1.033000e-02	8.584534e-05
1.034000e-02	8.597290e-05
1.035000e-02	8.610046e-05
1.036000e-02	8.622802e-05
1.037000e-02	8.635557e-05
1.038000e-02	8.648313e-05
1.039000e-02	8.661069e-05
1.040000e-02	8.673825e-05
1.041000e-02	8.686581e-05
1.042000e-02	8.699336e-05
1.043000e-02	8.712092e-05
1.044000e-02	8.724848e-05
1.045000e-02	8.737604e-05
1.046000e-02	8.750360e-05
1.047000e-02	8.763116e-05
1.048000e-02	8.775871e-05
1.049000e-02	8.788627e-05
1.050000e-02	8.801383e-05
1.051000e-02	8.814139e-05
1.052000e-02	8.826895e-05
1.053000e-02	8.839650e-05
1.054000e-02	8.852406e-05
1.055000e-02	8.865162e-05
1.056000e-02	8.877918e-05
1.057000e-02	8.890674e-05
1.058000e-02	8.903430e-05
1.059000e-02	8.916185e-05
1.060000e-02	8.928941e-05
1.061000e-02	8.941697e-05
1.062000e-02	8.954453e-05
1.063000e-02	8.967209e-05
1.064000e-02	8.979964e-05
1.065000e-02	8.992720e-05
1.066000e-02	9.005476e-05
1.067000e-02	9.018232e-05
1.068000e-02	9.030988e-05
1.069000e-02	9.043744e-05
1.070000e-02	9.056499e-05
1.071000e-02	9.069255e-05
1.072000e-02	9.082011e-05
1.073000e-02	9.094767e-05
1.074000e-02	9.107523e-05
1.075000e-02	9.120278e-05
1.076000e-02	9.133034e-05
1.077000e-02	9.145790e-05
1.078000e-02	9.158546e-05
1.079000e-02	9.171302e-05
1.080000e-02	9.184058e-05
1.081000e-02	9.196813e-05
1.082000e-02	9.209569e-05
1.083000e-02	9.222325e-05
1.084000e-02	9.235081e-05
1.085000e-02	9.247837e-05
1.086000e-02	9.260592e-05
1.087000e-02	9.273348e-05
1.088000e-02	9.286104e-05
1.089000e-02	9.298860e-05
1.090000e-02	9.311616e-05
1.091000e-02	9.324372e-05
1.092000e-02	9.337127e-05
1.093000e-02	9.349883e-05
1.094000e-02	9.362639e-05
1.095000e-02	9.375395e-05
1.096000e-02	9.388151e-05
1.097000e-02	9.400906e-05
1.098000e-02	9.413662e-05
1.099000e-02	9.426418e-05
1.100000e-02	9.439174e-05
1.101000e-02	9.451930e-05
1.102000e-02	9.464685e-05
1.103000e-02	9.477441e-05
1.104000e-02	9.490197e-05
1.105000e-02	9.502953e-05
1.106000e-02	9.515709e-05
1.107000e-02	9.528465e-05
1.108000e-02	9.541220e-05
1.109000e-02	9.553976e-05
1.110000e-02	9.566732e-05
1.111000e-02	9.579488e-05
1.112000e-02	9.592244e-05
1.113000e-02	9.604999e-05
1.114000e-02	9.617755e-05
1.115000e-02	9.630511e-05
1.116000e-02	9.643267e-05
1.117000e-02	9.656023e-05
1.118000e-02	9.668779e-05
1.119000e-02	9.681534e-05
1.120000e-02	9.694290e-05
1.121000e-02	9.707046e-05
1.122000e-02	9.719802e-05
1.123000e-02	9.732558e-05
1.124000e-02	9.745313e-05
1.125000e-02	9.758069e-05
1.126000e-02	9.770825e-05
1.127000e-02	9.783581e-05
1.128000e-02	9.796337e-05
1.129000e-02	9.809093e-05
1.130000e-02	9.821848e-05
1.131000e-02	9.834604e-05
1.132000e-02	9.847360e-05
1.133000e-02	9.860116e-05
1.134000e-02	9.872872e-05
1.135000e-02	9.885627e-05
1.136000e-02	9.898383e-05
1.137000e-02	9.911139e-05
1.138000e-02	9.923895e-05
1.139000e-02	9.936651e-05
1.140000e-02	9.949407e-05
1.141000e-02	9.962162e-05
1.142000e-02	9.974918e-05
1.143000e-02	9.987674e-05
1.144000e-02	1.000043e-04
1.145000e-02	1.001319e-04
1.146000e-02	1.002594e-04
1.147000e-02	1.003870e-04
1.148000e-02	1.005145e-04
1.149000e-02	1.006421e-04
1.150000e-02	1.007696e-04
1.151000e-02	1.008972e-04
1.152000e-02	1.010248e-04
1.153000e-02	1.011523e-04
1.154000e-02	1.012799e-04
1.155000e-02	1.014074e-04
1.156000e-02	1.015350e-04
1.157000e-02	1.016626e-04
1.158000e-02	1.017901e-04
1.159000e-02	1.019177e-04
1.160000e-02	1.020452e-04
1.161000e-02	1.021728e-04
1.162000e-02	1.023003e-04
1.163000e-02	1.024279e-04
1.164000e-02	1.025555e-04
1.165000e-02	1.026830e-04
1.166000e-02	1.028106e-04
1.167000e-02	1.029381e-04
1.168000e-02	1.030657e-04
1.169000e-02	1.031933e-04
1.170000e-02	1.033208e-04
1.171000e-02	1.034484e-04
1.172000e-02	1.035759e-04
1.173000e-02	1.037035e-04
1.174000e-02	1.038310e-04
1.175000e-02	1.039586e-04
1.176000e-02	1.040862e-04
1.177000e-02	1.042137e-04
1.178000e-02	1.043413e-04
1.179000e-02	1.044688e-04
1.180000e-02	1.045964e-04
1.181000e-02	1.047240e-04
1.182000e-02	1.048515e-04
1.183000e-02	1.049791e-04
1.184000e-02	1.051066e-04
1.185000e-02	1.052342e-04
1.186000e-02	1.053617e-04
1.187000e-02	1.054893e-04
1.188000e-02	1.056169e-04
1.189000e-02	1.057444e-04
1.190000e-02	1.058720e-04
1.191000e-02	1.059995e-04
1.192000e-02	1.061271e-04
1.193000e-02	1.062546e-04
1.194000e-02	1.063822e-04
1.195000e-02	1.065098e-04
1.196000e-02	1.066373e-04
1.197000e-02	1.067649e-04
1.198000e-02	1.068924e-04
1.199000e-02	1.070200e-04
1.200000e-02	1.071476e-04
1.201000e-02	1.072751e-04
1.202000e-02	1.074027e-04
1.203000e-02	1.075302e-04
1.204000e-02	1.076578e-04
1.205000e-02	1.077853e-04
1.206000e-02	1.079129e-04
1.207000e-02	1.080405e-04
1.208000e-02	1.081680e-04
1.209000e-02	1.082956e-04
1.210000e-02	1.084231e-04
1.211000e-02	1.085507e-04
1.212000e-02	1.086783e-04
1.213000e-02	1.088058e-04
1.214000e-02	1.089334e-04
1.215000e-02	1.090609e-04
1.216000e-02	1.091885e-04
1.217000e-02	1.093160e-04
1.218000e-02	1.094436e-04
1.219000e-02	1.095712e-04
1.220000e-02	1.096987e-04
1.221000e-02	1.098263e-04
1.222000e-02	1.099538e-04
1.223000e-02	1.100814e-04
1.224000e-02	1.102090e-04
1.225000e-02	1.103365e-04
1.226000e-02	1.104641e-04
1.227000e-02	1.105916e-04
1.228000e-02	1.107192e-04
1.229000e-02	1.108467e-04
1.230000e-02	1.109743e-04
1.231000e-02	1.111019e-04
1.232000e-02	1.112294e-04
1.233000e-02	1.113570e-04
1.234000e-02	1.114845e-04
1.235000e-02	1.116121e-04
1.236000e-02	1.117397e-04
1.237000e-02	1.118672e-04
1.238000e-02	1.119948e-04
1.239000e-02	1.121223e-04
1.240000e-02	1.122499e-04
1.241000e-02	1.123774e-04
1.242000e-02	1.125050e-04
1.243000e-02	1.126326e-04
1.244000e-02	1.127601e-04
1.245000e-02	1.128877e-04
1.246000e-02	1.130152e-04
1.247000e-02	1.131428e-04
1.248000e-02	1.132703e-04
1.249000e-02	1.133979e-04
1.250000e-02	1.135255e-04
1.251000e-02	1.136530e-04
1.252000e-02	1.137806e-04
1.253000e-02	1.139081e-04
1.254000e-02	1.140357e-04
1.255000e-02	1.141633e-04
1.256000e-02	1.142908e-04
1.257000e-02	1.144184e-04
1.258000e-02	1.145459e-04
1.259000e-02	1.146735e-04
1.260000e-02	1.148010e-04
1.261000e-02	1.149286e-04
1.262000e-02	1.150562e-04
1.263000e-02	1.151837e-04
1.264000e-02	1.153113e-04
1.265000e-02	1.154388e-04
1.266000e-02	1.155664e-04
1.267000e-02	1.156940e-04
1.268000e-02	1.158215e-04
1.269000e-02	1.159491e-04
1.270000e-02	1.160766e-04
1.271000e-02	1.162042e-04
1.272000e-02	1.163317e-04
1.273000e-02	1.164593e-04
1.274000e-02	1.165869e-04
1.275000e-02	1.167144e-04
1.276000e-02	1.168420e-04
1.277000e-02	1.169695e-04
1.278000e-02	1.170971e-04
1.279000e-02	1.172247e-04
1.280000e-02	1.173522e-04
1.281000e-02	1.174798e-04
1.282000e-02	1.176073e-04
1.283000e-02	1.177349e-04
1.284000e-02	1.178624e-04
1.285000e-02	1.179900e-04
1.286000e-02	1.181176e-04
1.287000e-02	1.182451e-04
1.288000e-02	1.183727e-04
1.289000e-02	1.185002e-04
1.290000e-02	1.186278e-04
1.291000e-02	1.187554e-04
1.292000e-02	1.188829e-04
1.293000e-02	1.190105e-04
1.294000e-02	1.191380e-04
1.295000e-02	1.192656e-04
1.296000e-02	1.193931e-04
1.297000e-02	1.195207e-04
1.298000e-02	1.196483e-04
1.299000e-02	1.197758e-04
1.300000e-02	1.199034e-04
1.301000e-02	1.200309e-04
1.302000e-02	1.201585e-04
1.303000e-02	1.202860e-04
1.304000e-02	1.204136e-04
1.305000e-02	1.205412e-04
1.306000e-02	1.206687e-04
1.307000e-02	1.207963e-04
1.308000e-02	1.209238e-04
1.309000e-02	1.210514e-04
1.310000e-02	1.211790e-04
1.311000e-02	1.213065e-04
1.312000e-02	1.214341e-04
1.313000e-02	1.215616e-04
1.314000e-02	1.216892e-04
1.315000e-02	1.218167e-04
1.316000e-02	1.219443e-04
1.317000e-02	1.220719e-04
1.318000e-02	1.221994e-04
1.319000e-02	1.223270e-04
1.320000e-02	1.224545e-04
1.321000e-02	1.225821e-04
1.322000e-02	1.227097e-04
1.323000e-02	1.228372e-04
1.324000e-02	1.229648e-04
1.325000e-02	1.230923e-04
1.326000e-02	1.232199e-04
1.327000e-02	1.233474e-04
1.328000e-02	1.234750e-04
1.329000e-02	1.236026e-04
1.330000e-02	1.237301e-04
1.331000e-02	1.238577e-04
1.332000e-02	1.239852e-04
1.333000e-02	1.241128e-04
1.334000e-02	1.242404e-04
1.335000e-02	1.243679e-04
1.336000e-02	1.244955e-04
1.337000e-02	1.246230e-04
1.338000e-02	1.247506e-04
1.339000e-02	1.248781e-04
1.340000e-02	1.250057e-04
1.341000e-02	1.251333e-04
1.342000e-02	1.252608e-04
1.343000e-02	1.253884e-04
1.344000e-02	1.255159e-04
1.345000e-02	1.256435e-04
1.346000e-02	1.257710e-04
1.347000e-02	1.258986e-04
1.348000e-02	1.260262e-04
1.349000e-02	1.261537e-04
1.350000e-02	1.262813e-04
1.351000e-02	1.264088e-04
1.352000e-02	1.265364e-04
1.353000e-02	1.266640e-04
1.354000e-02	1.267915e-04
1.355000e-02	1.269191e-04
1.356000e-02	1.270466e-04
1.357000e-02	1.271742e-04
1.358000e-02	1.273017e-04
1.359000e-02	1.274293e-04
1.360000e-02	1.275569e-04
1.361000e-02	1.276844e-04
1.362000e-02	1.278120e-04
1.363000e-02	1.279395e-04
1.364000e-02	1.280671e-04
1.365000e-02	1.281947e-04
1.366000e-02	1.283222e-04
1.367000e-02	1.284498e-04
1.368000e-02	1.285773e-04
1.369000e-02	1.287049e-04
1.370000e-02	1.288324e-04
1.371000e-02	1.289600e-04
1.372000e-02	1.290876e-04
1.373000e-02	1.292151e-04
1.374000e-02	1.293427e-04
1.375000e-02	1.294702e-04
1.376000e-02	1.295978e-04
1.377000e-02	1.297254e-04
1.378000e-02	1.298529e-04
1.379000e-02	1.299805e-04
1.380000e-02	1.301080e-04
1.381000e-02	1.302356e-04
1.382000e-02	1.303631e-04
1.383000e-02	1.304907e-04
1.384000e-02	1.306183e-04
1.385000e-02	1.307458e-04
1.386000e-02	1.308734e-04
1.387000e-02	1.310009e-04
1.388000e-02	1.311285e-04
1.389000e-02	1.312561e-04
1.390000e-02	1.313836e-04
1.391000e-02	1.315112e-04
1.392000e-02	1.316387e-04
1.393000e-02	1.317663e-04
1.394000e-02	1.318938e-04
1.395000e-02	1.320214e-04
1.396000e-02	1.321490e-04
1.397000e-02	1.322765e-04
1.398000e-02	1.324041e-04
1.399000e-02	1.325316e-04
1.400000e-02	1.326592e-04
1.401000e-02	1.327867e-04
1.402000e-02	1.329143e-04
1.403000e-02	1.330419e-04
1.404000e-02	1.331694e-04
1.405000e-02	1.332970e-04
1.406000e-02	1.334245e-04
1.407000e-02	1.335521e-04
1.408000e-02	1.336797e-04
1.409000e-02	1.338072e-04
1.410000e-02	1.339348e-04
1.411000e-02	1.340623e-04
1.412000e-02	1.341899e-04
1.413000e-02	1.343174e-04
1.414000e-02	1.344450e-04
1.415000e-02	1.345726e-04
1.416000e-02	1.347001e-04
1.417000e-02	1.348277e-04
1.418000e-02	1.349552e-04
1.419000e-02	1.350828e-04
1.420000e-02	1.352104e-04
1.421000e-02	1.353379e-04
1.422000e-02	1.354655e-04
1.423000e-02	1.355930e-04
1.424000e-02	1.357206e-04
1.425000e-02	1.358481e-04
1.426000e-02	1.359757e-04
1.427000e-02	1.361033e-04
1.428000e-02	1.362308e-04
1.429000e-02	1.363584e-04
1.430000e-02	1.364859e-04
1.431000e-02	1.366135e-04
1.432000e-02	1.367411e-04
1.433000e-02	1.368686e-04
1.434000e-02	1.369962e-04
1.435000e-02	1.371237e-04
1.436000e-02	1.372513e-04
1.437000e-02	1.373788e-04
1.438000e-02	1.375064e-04
1.439000e-02	1.376340e-04
1.440000e-02	1.377615e-04
1.441000e-02	1.378891e-04
1.442000e-02	1.380166e-04
1.443000e-02	1.381442e-04
1.444000e-02	1.382718e-04
1.445000e-02	1.383993e-04
1.446000e-02	1.385269e-04
1.447000e-02	1.386544e-04
1.448000e-02	1.387820e-04
1.449000e-02	1.389095e-04
1.450000e-02	1.390371e-04
1.451000e-02	1.391647e-04
1.452000e-02	1.392922e-04
1.453000e-02	1.394198e-04
1.454000e-02	1.395473e-04
1.455000e-02	1.396749e-04
1.456000e-02	1.398024e-04
1.457000e-02	1.399300e-04
1.458000e-02	1.400576e-04
1.459000e-02	1.401851e-04
1.460000e-02	1.403127e-04
1.461000e-02	1.404402e-04
1.462000e-02	1.405678e-04
1.463000e-02	1.406954e-04
1.464000e-02	1.408229e-04
1.465000e-02	1.409505e-04
1.466000e-02	1.410780e-04
1.467000e-02	1.412056e-04
1.468000e-02	1.413331e-04
1.469000e-02	1.414607e-04
1.470000e-02	1.415883e-04
1.471000e-02	1.417158e-04
1.472000e-02	1.418434e-04
1.473000e-02	1.419709e-04
1.474000e-02	1.420985e-04
1.475000e-02	1.422261e-04
1.476000e-02	1.423536e-04
1.477000e-02	1.424812e-04
1.478000e-02	1.426087e-04
1.479000e-02	1.427363e-04
1.480000e-02	1.428638e-04
1.481000e-02	1.429914e-04
1.482000e-02	1.431190e-04
1.483000e-02	1.432465e-04
1.484000e-02	1.433741e-04
1.485000e-02	1.435016e-04
1.486000e-02	1.436292e-04
1.487000e-02	1.437568e-04
1.488000e-02	1.438843e-04
1.489000e-02	1.440119e-04
1.490000e-02	1.441394e-04
1.491000e-02	1.442670e-04
1.492000e-02	1.443945e-04
1.493000e-02	1.445221e-04
1.494000e-02	1.446497e-04
1.495000e-02	1.447772e-04
1.496000e-02	1.449048e-04
1.497000e-02	1.450323e-04
1.498000e-02	1.451599e-04
1.499000e-02	1.452875e-04
1.500000e-02	1.454150e-04
1.501000e-02	1.455426e-04
1.502000e-02	1.456701e-04
1.503000e-02	1.457977e-04
1.504000e-02	1.459252e-04
1.505000e-02	1.460528e-04
1.506000e-02	1.461804e-04
1.507000e-02	1.463079e-04
1.508000e-02	1.464355e-04
1.509000e-02	1.465630e-04
1.510000e-02	1.466906e-04
1.511000e-02	1.468181e-04
1.512000e-02	1.469457e-04
1.513000e-02	1.470733e-04
1.514000e-02	1.472008e-04
1.515000e-02	1.473284e-04
1.516000e-02	1.474559e-04
1.517000e-02	1.475835e-04
1.518000e-02	1.477111e-04
1.519000e-02	1.478386e-04
1.520000e-02	1.479662e-04
1.521000e-02	1.480937e-04
1.522000e-02	1.482213e-04
1.523000e-02	1.483488e-04
1.524000e-02	1.484764e-04
1.525000e-02	1.486040e-04
1.526000e-02	1.487315e-04
1.527000e-02	1.488591e-04
1.528000e-02	1.489866e-04
1.529000e-02	1.491142e-04
1.530000e-02	1.492418e-04
1.531000e-02	1.493693e-04
1.532000e-02	1.494969e-04
1.533000e-02	1.496244e-04
1.534000e-02	1.497520e-04
1.535000e-02	1.498795e-04
1.536000e-02	1.500071e-04
1.537000e-02	1.501347e-04
1.538000e-02	1.502622e-04
1.539000e-02	1.503898e-04
1.540000e-02	1.505173e-04
1.541000e-02	1.506449e-04
1.542000e-02	1.507725e-04
1.543000e-02	1.509000e-04
1.544000e-02	1.510276e-04
1.545000e-02	1.511551e-04
1.546000e-02	1.512827e-04
1.547000e-02	1.514102e-04
1.548000e-02	1.515378e-04
1.549000e-02	1.516654e-04
1.550000e-02	1.517929e-04
1.551000e-02	1.519205e-04
1.552000e-02	1.520480e-04
1.553000e-02	1.521756e-04
1.554000e-02	1.523032e-04
1.555000e-02	1.524307e-04
1.556000e-02	1.525583e-04
1.557000e-02	1.526858e-04
1.558000e-02	1.528134e-04
1.559000e-02	1.529409e-04
1.560000e-02	1.530685e-04
1.561000e-02	1.531961e-04
1.562000e-02	1.533236e-04
1.563000e-02	1.534512e-04
1.564000e-02	1.535787e-04
1.565000e-02	1.537063e-04
1.566000e-02	1.538338e-04
1.567000e-02	1.539614e-04
1.568000e-02	1.540890e-04
1.569000e-02	1.542165e-04
1.570000e-02	1.543441e-04
1.571000e-02	1.544716e-04
1.572000e-02	1.545992e-04
1.573000e-02	1.547268e-04
1.574000e-02	1.548543e-04
1.575000e-02	1.549819e-04
1.576000e-02	1.551094e-04
1.577000e-02	1.552370e-04
1.578000e-02	1.553645e-04
1.579000e-02	1.554921e-04
1.580000e-02	1.556197e-04
1.581000e-02	1.557472e-04
1.582000e-02	1.558748e-04
1.583000e-02	1.560023e-04
1.584000e-02	1.561299e-04
1.585000e-02	1.562575e-04
1.586000e-02	1.563850e-04
1.587000e-02	1.565126e-04
1.588000e-02	1.566401e-04
1.589000e-02	1.567677e-04
1.590000e-02	1.568952e-04
1.591000e-02	1.570228e-04
1.592000e-02	1.571504e-04
1.593000e-02	1.572779e-04
1.594000e-02	1.574055e-04
1.595000e-02	1.575330e-04
1.596000e-02	1.576606e-04
1.597000e-02	1.577882e-04
1.598000e-02	1.579157e-04
1.599000e-02	1.580433e-04
1.600000e-02	1.581708e-04
1.601000e-02	1.582984e-04
1.602000e-02	1.584259e-04
1.603000e-02	1.585535e-04
1.604000e-02	1.586811e-04
1.605000e-02	1.588086e-04
1.606000e-02	1.589362e-04
1.607000e-02	1.590637e-04
1.608000e-02	1.591913e-04
1.609000e-02	1.593188e-04
1.610000e-02	1.594464e-04
1.611000e-02	1.595740e-04
1.612000e-02	1.597015e-04
1.613000e-02	1.598291e-04
1.614000e-02	1.599566e-04
1.615000e-02	1.600842e-04
1.616000e-02	1.602118e-04
1.617000e-02	1.603393e-04
1.618000e-02	1.604669e-04
1.619000e-02	1.605944e-04
1.620000e-02	1.607220e-04
1.621000e-02	1.608495e-04
1.622000e-02	1.609771e-04
1.623000e-02	1.611047e-04
1.624000e-02	1.612322e-04
1.625000e-02	1.613598e-04
1.626000e-02	1.614873e-04
1.627000e-02	1.616149e-04
1.628000e-02	1.617425e-04
1.629000e-02	1.618700e-04
1.630000e-02	1.619976e-04
1.631000e-02	1.621251e-04
1.632000e-02	1.622527e-04
1.633000e-02	1.623802e-04
1.634000e-02	1.625078e-04
1.635000e-02	1.626354e-04
1.636000e-02	1.627629e-04
1.637000e-02	1.628905e-04
1.638000e-02	1.630180e-04
1.639000e-02	1.631456e-04
1.640000e-02	1.632732e-04
1.641000e-02	1.634007e-04
1.642000e-02	1.635283e-04
1.643000e-02	1.636558e-04
1.644000e-02	1.637834e-04
1.645000e-02	1.639109e-04
1.646000e-02	1.640385e-04
1.647000e-02	1.641661e-04
1.648000e-02	1.642936e-04
1.649000e-02	1.644212e-04
1.650000e-02	1.645487e-04
1.651000e-02	1.646763e-04
1.652000e-02	1.648039e-04
1.653000e-02	1.649314e-04
1.654000e-02	1.650590e-04
1.655000e-02	1.651865e-04
1.656000e-02	1.653141e-04
1.657000e-02	1.654416e-04
1.658000e-02	1.655692e-04
1.659000e-02	1.656968e-04
1.660000e-02	1.658243e-04
1.661000e-02	1.659519e-04
1.662000e-02	1.660794e-04
1.663000e-02	1.662070e-04
1.664000e-02	1.663345e-04
1.665000e-02	1.664621e-04
1.666000e-02	1.665897e-04
1.667000e-02	1.667172e-04
1.668000e-02	1.668448e-04
1.669000e-02	1.669723e-04
1.670000e-02	1.670999e-04
1.671000e-02	1.672275e-04
1.672000e-02	1.673550e-04
1.673000e-02	1.674826e-04
1.674000e-02	1.676101e-04
1.675000e-02	1.677377e-04
1.676000e-02	1.678652e-04
1.677000e-02	1.679928e-04
1.678000e-02	1.681204e-04
1.679000e-02	1.682479e-04
1.680000e-02	1.683755e-04
1.681000e-02	1.685030e-04
1.682000e-02	1.686306e-04
1.683000e-02	1.687582e-04
1.684000e-02	1.688857e-04
1.685000e-02	1.690133e-04
1.686000e-02	1.691408e-04
1.687000e-02	1.692684e-04
1.688000e-02	1.693959e-04
1.689000e-02	1.695235e-04
1.690000e-02	1.696511e-04
1.691000e-02	1.697786e-04
1.692000e-02	1.699062e-04
1.693000e-02	1.700337e-04
1.694000e-02	1.701613e-04
1.695000e-02	1.702889e-04
1.696000e-02	1.704164e-04
1.697000e-02	1.705440e-04
1.698000e-02	1.706715e-04
1.699000e-02	1.707991e-04
1.700000e-02	1.709266e-04
1.701000e-02	1.710542e-04
1.702000e-02	1.711818e-04
1.703000e-02	1.713093e-04
1.704000e-02	1.714369e-04
1.705000e-02	1.715644e-04
1.706000e-02	1.716920e-04
1.707000e-02	1.718196e-04
1.708000e-02	1.719471e-04
1.709000e-02	1.720747e-04
1.710000e-02	1.722022e-04
1.711000e-02	1.723298e-04
1.712000e-02	1.724573e-04
1.713000e-02	1.725849e-04
1.714000e-02	1.727125e-04
1.715000e-02	1.728400e-04
1.716000e-02	1.729676e-04
1.717000e-02	1.730951e-04
1.718000e-02	1.732227e-04
1.719000e-02	1.733502e-04
1.720000e-02	1.734778e-04
1.721000e-02	1.736054e-04
1.722000e-02	1.737329e-04
1.723000e-02	1.738605e-04
1.724000e-02	1.739880e-04
1.725000e-02	1.741156e-04
1.726000e-02	1.742432e-04
1.727000e-02	1.743707e-04
1.728000e-02	1.744983e-04
1.729000e-02	1.746258e-04
1.730000e-02	1.747534e-04
1.731000e-02	1.748809e-04
1.732000e-02	1.750085e-04
1.733000e-02	1.751361e-04
1.734000e-02	1.752636e-04
1.735000e-02	1.753912e-04
1.736000e-02	1.755187e-04
1.737000e-02	1.756463e-04
1.738000e-02	1.757739e-04
1.739000e-02	1.759014e-04
1.740000e-02	1.760290e-04
1.741000e-02	1.761565e-04
1.742000e-02	1.762841e-04
1.743000e-02	1.764116e-04
1.744000e-02	1.765392e-04
1.745000e-02	1.766668e-04
1.746000e-02	1.767943e-04
1.747000e-02	1.769219e-04
1.748000e-02	1.770494e-04
1.749000e-02	1.771770e-04
1.750000e-02	1.773046e-04
1.751000e-02	1.774321e-04
1.752000e-02	1.775597e-04
1.753000e-02	1.776872e-04
1.754000e-02	1.778148e-04
1.755000e-02	1.779423e-04
1.756000e-02	1.780699e-04
1.757000e-02	1.781975e-04
1.758000e-02	1.783250e-04
1.759000e-02	1.784526e-04
1.760000e-02	1.785801e-04
1.761000e-02	1.787077e-04
1.762000e-02	1.788353e-04
1.763000e-02	1.789628e-04
1.764000e-02	1.790904e-04
1.765000e-02	1.792179e-04
1.766000e-02	1.793455e-04
1.767000e-02	1.794730e-04
1.768000e-02	1.796006e-04
1.769000e-02	1.797282e-04
1.770000e-02	1.798557e-04
1.771000e-02	1.799833e-04
1.772000e-02	1.801108e-04
1.773000e-02	1.802384e-04
1.774000e-02	1.803659e-04
1.775000e-02	1.804935e-04
1.776000e-02	1.806211e-04
1.777000e-02	1.807486e-04
1.778000e-02	1.808762e-04
1.779000e-02	1.810037e-04
1.780000e-02	1.811313e-04
1.781000e-02	1.812589e-04
1.782000e-02	1.813864e-04
1.783000e-02	1.815140e-04
1.784000e-02	1.816415e-04
1.785000e-02	1.817691e-04
1.786000e-02	1.818966e-04
1.787000e-02	1.820242e-04
1.788000e-02	1.821518e-04
1.789000e-02	1.822793e-04
1.790000e-02	1.824069e-04
1.791000e-02	1.825344e-04
1.792000e-02	1.826620e-04
1.793000e-02	1.827896e-04
1.794000e-02	1.829171e-04
1.795000e-02	1.830447e-04
1.796000e-02	1.831722e-04
1.797000e-02	1.832998e-04
1.798000e-02	1.834273e-04
1.799000e-02	1.835549e-04
1.800000e-02	1.836825e-04
1.801000e-02	1.838100e-04
1.802000e-02	1.839376e-04
1.803000e-02	1.840651e-04
1.804000e-02	1.841927e-04
1.805000e-02	1.843203e-04
1.806000e-02	1.844478e-04
1.807000e-02	1.845754e-04
1.808000e-02	1.847029e-04
1.809000e-02	1.848305e-04
1.810000e-02	1.849580e-04
1.811000e-02	1.850856e-04
1.812000e-02	1.852132e-04
1.813000e-02	1.853407e-04
1.814000e-02	1.854683e-04
1.815000e-02	1.855958e-04
1.816000e-02	1.857234e-04
1.817000e-02	1.858510e-04
1.818000e-02	1.859785e-04
1.819000e-02	1.861061e-04
1.820000e-02	1.862336e-04
1.821000e-02	1.863612e-04
1.822000e-02	1.864887e-04
1.823000e-02	1.866163e-04
1.824000e-02	1.867439e-04
1.825000e-02	1.868714e-04
1.826000e-02	1.869990e-04
1.827000e-02	1.871265e-04
1.828000e-02	1.872541e-04
1.829000e-02	1.873816e-04
1.830000e-02	1.875092e-04
1.831000e-02	1.876368e-04
1.832000e-02	1.877643e-04
1.833000e-02	1.878919e-04
1.834000e-02	1.880194e-04
1.835000e-02	1.881470e-04
1.836000e-02	1.882746e-04
1.837000e-02	1.884021e-04
1.838000e-02	1.885297e-04
1.839000e-02	1.886572e-04
1.840000e-02	1.887848e-04
1.841000e-02	1.889123e-04
1.842000e-02	1.890399e-04
1.843000e-02	1.891675e-04
1.844000e-02	1.892950e-04
1.845000e-02	1.894226e-04
1.846000e-02	1.895501e-04
1.847000e-02	1.896777e-04
1.848000e-02	1.898053e-04
1.849000e-02	1.899328e-04
1.850000e-02	1.900604e-04
1.851000e-02	1.901879e-04
1.852000e-02	1.903155e-04
1.853000e-02	1.904430e-04
1.854000e-02	1.905706e-04
1.855000e-02	1.906982e-04
1.856000e-02	1.908257e-04
1.857000e-02	1.909533e-04
1.858000e-02	1.910808e-04
1.859000e-02	1.912084e-04
1.860000e-02	1.913360e-04
1.861000e-02	1.914635e-04
1.862000e-02	1.915911e-04
1.863000e-02	1.917186e-04
1.864000e-02	1.918462e-04
1.865000e-02	1.919737e-04
1.866000e-02	1.921013e-04
1.867000e-02	1.922289e-04
1.868000e-02	1.923564e-04
1.869000e-02	1.924840e-04
1.870000e-02	1.926115e-04
1.871000e-02	1.927391e-04
1.872000e-02	1.928667e-04
1.873000e-02	1.929942e-04
1.874000e-02	1.931218e-04
1.875000e-02	1.932493e-04
1.876000e-02	1.933769e-04
1.877000e-02	1.935044e-04
1.878000e-02	1.936320e-04
1.879000e-02	1.937596e-04
1.880000e-02	1.938871e-04
1.881000e-02	1.940147e-04
1.882000e-02	1.941422e-04
1.883000e-02	1.942698e-04
1.884000e-02	1.943973e-04
1.885000e-02	1.945249e-04
1.886000e-02	1.946525e-04
1.887000e-02	1.947800e-04
1.888000e-02	1.949076e-04
1.889000e-02	1.950351e-04
1.890000e-02	1.951627e-04
1.891000e-02	1.952903e-04
1.892000e-02	1.954178e-04
1.893000e-02	1.955454e-04
1.894000e-02	1.956729e-04
1.895000e-02	1.958005e-04
1.896000e-02	1.959280e-04
1.897000e-02	1.960556e-04
1.898000e-02	1.961832e-04
1.899000e-02	1.963107e-04
1.900000e-02	1.964383e-04
1.901000e-02	1.965658e-04
1.902000e-02	1.966934e-04
1.903000e-02	1.968210e-04
1.904000e-02	1.969485e-04
1.905000e-02	1.970761e-04
1.906000e-02	1.972036e-04
1.907000e-02	1.973312e-04
1.908000e-02	1.974587e-04
1.909000e-02	1.975863e-04
1.910000e-02	1.977139e-04
1.911000e-02	1.978414e-04
1.912000e-02	1.979690e-04
1.913000e-02	1.980965e-04
1.914000e-02	1.982241e-04
1.915000e-02	1.983517e-04
1.916000e-02	1.984792e-04
1.917000e-02	1.986068e-04
1.918000e-02	1.987343e-04
1.919000e-02	1.988619e-04
1.920000e-02	1.989894e-04
1.921000e-02	1.991170e-04
1.922000e-02	1.992446e-04
1.923000e-02	1.993721e-04
1.924000e-02	1.994997e-04
1.925000e-02	1.996272e-04
1.926000e-02	1.997548e-04
1.927000e-02	1.998823e-04
1.928000e-02	2.000099e-04
1.929000e-02	2.001375e-04
1.930000e-02	2.002650e-04
1.931000e-02	2.003926e-04
1.932000e-02	2.005201e-04
1.933000e-02	2.006477e-04
1.934000e-02	2.007753e-04
1.935000e-02	2.009028e-04
1.936000e-02	2.010304e-04
1.937000e-02	2.011579e-04
1.938000e-02	2.012855e-04
1.939000e-02	2.014130e-04
1.940000e-02	2.015406e-04
1.941000e-02	2.016682e-04
1.942000e-02	2.017957e-04
1.943000e-02	2.019233e-04
1.944000e-02	2.020508e-04
1.945000e-02	2.021784e-04
1.946000e-02	2.023060e-04
1.947000e-02	2.024335e-04
1.948000e-02	2.025611e-04
1.949000e-02	2.026886e-04
1.950000e-02	2.028162e-04
1.951000e-02	2.029437e-04
1.952000e-02	2.030713e-04
1.953000e-02	2.031989e-04
1.954000e-02	2.033264e-04
1.955000e-02	2.034540e-04
1.956000e-02	2.035815e-04
1.957000e-02	2.037091e-04
1.958000e-02	2.038367e-04
1.959000e-02	2.039642e-04
1.960000e-02	2.040918e-04
1.961000e-02	2.042193e-04
1.962000e-02	2.043469e-04
1.963000e-02	2.044744e-04
1.964000e-02	2.046020e-04
1.965000e-02	2.047296e-04
1.966000e-02	2.048571e-04
1.967000e-02	2.049847e-04
1.968000e-02	2.051122e-04
1.969000e-02	2.052398e-04
1.970000e-02	2.053674e-04
1.971000e-02	2.054949e-04
1.972000e-02	2.056225e-04
1.973000e-02	2.057500e-04
1.974000e-02	2.058776e-04
1.975000e-02	2.060051e-04
1.976000e-02	2.061327e-04
1.977000e-02	2.062603e-04
1.978000e-02	2.063878e-04
1.979000e-02	2.065154e-04
1.980000e-02	2.066429e-04
1.981000e-02	2.067705e-04
1.982000e-02	2.068980e-04
1.983000e-02	2.070256e-04
1.984000e-02	2.071532e-04
1.985000e-02	2.072807e-04
1.986000e-02	2.074083e-04
1.987000e-02	2.075358e-04
1.988000e-02	2.076634e-04
1.989000e-02	2.077910e-04
1.990000e-02	2.079185e-04
1.991000e-02	2.080461e-04
1.992000e-02	2.081736e-04
1.993000e-02	2.083012e-04
1.994000e-02	2.084287e-04
1.995000e-02	2.085563e-04
1.996000e-02	2.086839e-04
1.997000e-02	2.088114e-04
1.998000e-02	2.089390e-04
1.999000e-02	2.090665e-04
2.000000e-02	2.091941e-04
2.001000e-02	2.093217e-04
2.002000e-02	2.094492e-04
2.003000e-02	2.095768e-04
2.004000e-02	2.097043e-04
2.005000e-02	2.098319e-04
2.006000e-02	2.099594e-04
2.007000e-02	2.100870e-04
2.008000e-02	2.102146e-04
2.009000e-02	2.103421e-04
2.010000e-02	2.104697e-04
2.011000e-02	2.105972e-04
2.012000e-02	2.107248e-04
2.013000e-02	2.108524e-04
2.014000e-02	2.109799e-04
2.015000e-02	2.111075e-04
2.016000e-02	2.112350e-04
2.017000e-02	2.113626e-04
2.018000e-02	2.114901e-04
2.019000e-02	2.116177e-04
2.020000e-02	2.117453e-04
2.021000e-02	2.118728e-04
2.022000e-02	2.120004e-04
2.023000e-02	2.121279e-04
2.024000e-02	2.122555e-04
2.025000e-02	2.123831e-04
2.026000e-02	2.125106e-04
2.027000e-02	2.126382e-04
2.028000e-02	2.127657e-04
2.029000e-02	2.128933e-04
2.030000e-02	2.130208e-04
2.031000e-02	2.131484e-04
2.032000e-02	2.132760e-04
2.033000e-02	2.134035e-04
2.034000e-02	2.135311e-04
2.035000e-02	2.136586e-04
2.036000e-02	2.137862e-04
2.037000e-02	2.139137e-04
2.038000e-02	2.140413e-04
2.039000e-02	2.141689e-04
2.040000e-02	2.142964e-04
2.041000e-02	2.144240e-04
2.042000e-02	2.145515e-04
2.043000e-02	2.146791e-04
2.044000e-02	2.148067e-04
2.045000e-02	2.149342e-04
2.046000e-02	2.150618e-04
2.047000e-02	2.151893e-04
2.048000e-02	2.153169e-04
2.049000e-02	2.154444e-04
2.050000e-02	2.155720e-04
2.051000e-02	2.156996e-04
2.052000e-02	2.158271e-04
2.053000e-02	2.159547e-04
2.054000e-02	2.160822e-04
2.055000e-02	2.162098e-04
2.056000e-02	2.163374e-04
2.057000e-02	2.164649e-04
2.058000e-02	2.165925e-04
2.059000e-02	2.167200e-04
2.060000e-02	2.168476e-04
2.061000e-02	2.169751e-04
2.062000e-02	2.171027e-04
2.063000e-02	2.172303e-04
2.064000e-02	2.173578e-04
2.065000e-02	2.174854e-04
2.066000e-02	2.176129e-04
2.067000e-02	2.177405e-04
2.068000e-02	2.178681e-04
2.069000e-02	2.179956e-04
2.070000e-02	2.181232e-04
2.071000e-02	2.182507e-04
2.072000e-02	2.183783e-04
2.073000e-02	2.185058e-04
2.074000e-02	2.186334e-04
2.075000e-02	2.187610e-04
2.076000e-02	2.188885e-04
2.077000e-02	2.190161e-04
2.078000e-02	2.191436e-04
2.079000e-02	2.192712e-04
2.080000e-02	2.193988e-04
2.081000e-02	2.195263e-04
2.082000e-02	2.196539e-04
2.083000e-02	2.197814e-04
2.084000e-02	2.199090e-04
2.085000e-02	2.200365e-04
2.086000e-02	2.201641e-04
2.087000e-02	2.202917e-04
2.088000e-02	2.204192e-04
2.089000e-02	2.205468e-04
2.090000e-02	2.206743e-04
2.091000e-02	2.208019e-04
2.092000e-02	2.209294e-04
2.093000e-02	2.210570e-04
2.094000e-02	2.211846e-04
2.095000e-02	2.213121e-04
2.096000e-02	2.214397e-04
2.097000e-02	2.215672e-04
2.098000e-02	2.216948e-04
2.099000e-02	2.218224e-04
2.100000e-02	2.219499e-04
2.101000e-02	2.220910e-04
2.102000e-02	2.222321e-04
2.103000e-02	2.223732e-04
2.104000e-02	2.225143e-04
2.105000e-02	2.226554e-04
2.106000e-02	2.227965e-04
2.107000e-02	2.229376e-04
2.108000e-02	2.230787e-04
2.109000e-02	2.232198e-04
2.110000e-02	2.233609e-04
2.111000e-02	2.235020e-04
2.112000e-02	2.236431e-04
2.113000e-02	2.237842e-04
2.114000e-02	2.239253e-04
2.115000e-02	2.240664e-04
2.116000e-02	2.242075e-04
2.117000e-02	2.243486e-04
2.118000e-02	2.244897e-04
2.119000e-02	2.246308e-04
2.120000e-02	2.247719e-04
2.121000e-02	2.249130e-04
2.122000e-02	2.250541e-04
2.123000e-02	2.251952e-04
2.124000e-02	2.253363e-04
2.125000e-02	2.254774e-04
2.126000e-02	2.256185e-04
2.127000e-02	2.257596e-04
2.128000e-02	2.259007e-04
2.129000e-02	2.260418e-04
2.130000e-02	2.261829e-04
2.131000e-02	2.263240e-04
2.132000e-02	2.264651e-04
2.133000e-02	2.266062e-04
2.134000e-02	2.267473e-04
2.135000e-02	2.268884e-04
2.136000e-02	2.270295e-04
2.137000e-02	2.271706e-04
2.138000e-02	2.273117e-04
2.139000e-02	2.274528e-04
2.140000e-02	2.275939e-04
2.141000e-02	2.277350e-04
2.142000e-02	2.278761e-04
2.143000e-02	2.280172e-04
2.144000e-02	2.281583e-04
2.145000e-02	2.282994e-04
2.146000e-02	2.284405e-04
2.147000e-02	2.285816e-04
2.148000e-02	2.287227e-04
2.149000e-02	2.288638e-04
2.150000e-02	2.290049e-04
2.151000e-02	2.291460e-04
2.152000e-02	2.292871e-04
2.153000e-02	2.294282e-04
2.154000e-02	2.295693e-04
2.155000e-02	2.297104e-04
2.156000e-02	2.298515e-04
2.157000e-02	2.299926e-04
2.158000e-02	2.301337e-04
2.159000e-02	2.302748e-04
2.160000e-02	2.304159e-04
2.161000e-02	2.305570e-04
2.162000e-02	2.306981e-04
2.163000e-02	2.308392e-04
2.164000e-02	2.309803e-04
2.165000e-02	2.311214e-04
2.166000e-02	2.312625e-04
2.167000e-02	2.314036e-04
2.168000e-02	2.315447e-04
2.169000e-02	2.316858e-04
2.170000e-02	2.318269e-04
2.171000e-02	2.319680e-04
2.172000e-02	2.321091e-04
2.173000e-02	2.322502e-04
2.174000e-02	2.323913e-04
2.175000e-02	2.325324e-04
2.176000e-02	2.326735e-04
2.177000e-02	2.328146e-04
2.178000e-02	2.329557e-04
2.179000e-02	2.330968e-04
2.180000e-02	2.332379e-04
2.181000e-02	2.333790e-04
2.182000e-02	2.335201e-04
2.183000e-02	2.336612e-04
2.184000e-02	2.338023e-04
2.185000e-02	2.339434e-04
2.186000e-02	2.340845e-04
2.187000e-02	2.342256e-04
2.188000e-02	2.343667e-04
2.189000e-02	2.345078e-04
2.190000e-02	2.346489e-04
2.191000e-02	2.347900e-04
2.192000e-02	2.349311e-04
2.193000e-02	2.350722e-04
2.194000e-02	2.352133e-04
2.195000e-02	2.353544e-04
2.196000e-02	2.354955e-04
2.197000e-02	2.356366e-04
2.198000e-02	2.357777e-04
2.199000e-02	2.359188e-04
2.200000e-02	2.360599e-04
2.201000e-02	2.362015e-04
2.202000e-02	2.363431e-04
2.203000e-02	2.364847e-04
2.204000e-02	2.366263e-04
2.205000e-02	2.367680e-04
2.206000e-02	2.369096e-04
2.207000e-02	2.370512e-04
2.208000e-02	2.371928e-04
2.209000e-02	2.373344e-04
2.210000e-02	2.374760e-04
2.211000e-02	2.376176e-04
2.212000e-02	2.377592e-04
2.213000e-02	2.379008e-04
2.214000e-02	2.380424e-04
2.215000e-02	2.381840e-04
2.216000e-02	2.383256e-04
2.217000e-02	2.384672e-04
2.218000e-02	2.386088e-04
2.219000e-02	2.387504e-04
2.220000e-02	2.388920e-04
2.221000e-02	2.390337e-04
2.222000e-02	2.391753e-04
2.223000e-02	2.393169e-04
2.224000e-02	2.394585e-04
2.225000e-02	2.396001e-04
2.226000e-02	2.397417e-04
2.227000e-02	2.398833e-04
2.228000e-02	2.400249e-04
2.229000e-02	2.401665e-04
2.230000e-02	2.403081e-04
2.231000e-02	2.404497e-04
2.232000e-02	2.405913e-04
2.233000e-02	2.407329e-04
2.234000e-02	2.408745e-04
2.235000e-02	2.410161e-04
2.236000e-02	2.411577e-04
2.237000e-02	2.412993e-04
2.238000e-02	2.414410e-04
2.239000e-02	2.415826e-04
2.240000e-02	2.417242e-04
2.241000e-02	2.418658e-04
2.242000e-02	2.420074e-04
2.243000e-02	2.421490e-04
2.244000e-02	2.422906e-04
2.245000e-02	2.424322e-04
2.246000e-02	2.425738e-04
2.247000e-02	2.427154e-04
2.248000e-02	2.428570e-04
2.249000e-02	2.429986e-04
2.250000e-02	2.431402e-04
2.251000e-02	2.432818e-04
2.252000e-02	2.434234e-04
2.253000e-02	2.435650e-04
2.254000e-02	2.437067e-04
2.255000e-02	2.438483e-04
2.256000e-02	2.439899e-04
2.257000e-02	2.441315e-04
2.258000e-02	2.442731e-04
2.259000e-02	2.444147e-04
2.260000e-02	2.445563e-04
2.261000e-02	2.446979e-04
2.262000e-02	2.448395e-04
2.263000e-02	2.449811e-04
2.264000e-02	2.451227e-04
2.265000e-02	2.452643e-04
2.266000e-02	2.454059e-04
2.267000e-02	2.455475e-04
2.268000e-02	2.456891e-04
2.269000e-02	2.458307e-04
2.270000e-02	2.459723e-04
2.271000e-02	2.461140e-04
2.272000e-02	2.462556e-04
2.273000e-02	2.463972e-04
2.274000e-02	2.465388e-04
2.275000e-02	2.466804e-04
2.276000e-02	2.468220e-04
2.277000e-02	2.469636e-04
2.278000e-02	2.471052e-04
2.279000e-02	2.472468e-04
2.280000e-02	2.473884e-04
2.281000e-02	2.475300e-04
2.282000e-02	2.476716e-04
2.283000e-02	2.478132e-04
2.284000e-02	2.479548e-04
2.285000e-02	2.480964e-04
2.286000e-02	2.482380e-04
2.287000e-02	2.483796e-04
2.288000e-02	2.485213e-04
2.289000e-02	2.486629e-04
2.290000e-02	2.488045e-04
2.291000e-02	2.489461e-04
2.292000e-02	2.490877e-04
2.293000e-02	2.492293e-04
2.294000e-02	2.493709e-04
2.295000e-02	2.495125e-04
2.296000e-02	2.496541e-04
2.297000e-02	2.497957e-04
2.298000e-02	2.499373e-04
2.299000e-02	2.500789e-04
2.300000e-02	2.502205e-04
2.301000e-02	2.503626e-04
2.302000e-02	2.505046e-04
2.303000e-02	2.506466e-04
2.304000e-02	2.507887e-04
2.305000e-02	2.509307e-04
2.306000e-02	2.510727e-04
2.307000e-02	2.512147e-04
2.308000e-02	2.513568e-04
2.309000e-02	2.514988e-04
2.310000e-02	2.516408e-04
2.311000e-02	2.517829e-04
2.312000e-02	2.519249e-04
2.313000e-02	2.520669e-04
2.314000e-02	2.522090e-04
2.315000e-02	2.523510e-04
2.316000e-02	2.524930e-04
2.317000e-02	2.526350e-04
2.318000e-02	2.527771e-04
2.319000e-02	2.529191e-04
2.320000e-02	2.530611e-04
2.321000e-02	2.532032e-04
2.322000e-02	2.533452e-04
2.323000e-02	2.534872e-04
2.324000e-02	2.536293e-04
2.325000e-02	2.537713e-04
2.326000e-02	2.539133e-04
2.327000e-02	2.540554e-04
2.328000e-02	2.541974e-04
2.329000e-02	2.543394e-04
2.330000e-02	2.544814e-04
2.331000e-02	2.546235e-04
2.332000e-02	2.547655e-04
2.333000e-02	2.549075e-04
2.334000e-02	2.550496e-04
2.335000e-02	2.551916e-04
2.336000e-02	2.553336e-04
2.337000e-02	2.554757e-04
2.338000e-02	2.556177e-04
2.339000e-02	2.557597e-04
2.340000e-02	2.559018e-04
2.341000e-02	2.560438e-04
2.342000e-02	2.561858e-04
2.343000e-02	2.563278e-04
2.344000e-02	2.564699e-04
2.345000e-02	2.566119e-04
2.346000e-02	2.567539e-04
2.347000e-02	2.568960e-04
2.348000e-02	2.570380e-04
2.349000e-02	2.571800e-04
2.350000e-02	2.573221e-04
2.351000e-02	2.574641e-04
2.352000e-02	2.576061e-04
2.353000e-02	2.577482e-04
2.354000e-02	2.578902e-04
2.355000e-02	2.580322e-04
2.356000e-02	2.581742e-04
2.357000e-02	2.583163e-04
2.358000e-02	2.584583e-04
2.359000e-02	2.586003e-04
2.360000e-02	2.587424e-04
2.361000e-02	2.588844e-04
2.362000e-02	2.590264e-04
2.363000e-02	2.591685e-04
2.364000e-02	2.593105e-04
2.365000e-02	2.594525e-04
2.366000e-02	2.595946e-04
2.367000e-02	2.597366e-04
2.368000e-02	2.598786e-04
2.369000e-02	2.600206e-04
2.370000e-02	2.601627e-04
2.371000e-02	2.603047e-04
2.372000e-02	2.604467e-04
2.373000e-02	2.605888e-04
2.374000e-02	2.607308e-04
2.375000e-02	2.608728e-04
2.376000e-02	2.610149e-04
2.377000e-02	2.611569e-04
2.378000e-02	2.612989e-04
2.379000e-02	2.614409e-04
2.380000e-02	2.615830e-04
2.381000e-02	2.617250e-04
2.382000e-02	2.618670e-04
2.383000e-02	2.620091e-04
2.384000e-02	2.621511e-04
2.385000e-02	2.622931e-04
2.386000e-02	2.624352e-04
2.387000e-02	2.625772e-04
2.388000e-02	2.627192e-04
2.389000e-02	2.628613e-04
2.390000e-02	2.630033e-04
2.391000e-02	2.631453e-04
2.392000e-02	2.632873e-04
2.393000e-02	2.634294e-04
2.394000e-02	2.635714e-04
2.395000e-02	2.637134e-04
2.396000e-02	2.638555e-04
2.397000e-02	2.639975e-04
2.398000e-02	2.641395e-04
2.399000e-02	2.642816e-04
2.400000e-02	2.644236e-04
2.401000e-02	2.645660e-04
2.402000e-02	2.647084e-04
2.403000e-02	2.648508e-04
2.404000e-02	2.649932e-04
2.405000e-02	2.651355e-04
2.406000e-02	2.652779e-04
2.407000e-02	2.654203e-04
2.408000e-02	2.655627e-04
2.409000e-02	2.657051e-04
2.410000e-02	2.658475e-04
2.411000e-02	2.659899e-04
2.412000e-02	2.661323e-04
2.413000e-02	2.662747e-04
2.414000e-02	2.664171e-04
2.415000e-02	2.665594e-04
2.416000e-02	2.667018e-04
2.417000e-02	2.668442e-04
2.418000e-02	2.669866e-04
2.419000e-02	2.671290e-04
2.420000e-02	2.672714e-04
2.421000e-02	2.674138e-04
2.422000e-02	2.675562e-04
2.423000e-02	2.676986e-04
2.424000e-02	2.678410e-04
2.425000e-02	2.679834e-04
2.426000e-02	2.681257e-04
2.427000e-02	2.682681e-04
2.428000e-02	2.684105e-04
2.429000e-02	2.685529e-04
2.430000e-02	2.686953e-04
2.431000e-02	2.688377e-04
2.432000e-02	2.689801e-04
2.433000e-02	2.691225e-04
2.434000e-02	2.692649e-04
2.435000e-02	2.694073e-04
2.436000e-02	2.695496e-04
2.437000e-02	2.696920e-04
2.438000e-02	2.698344e-04
2.439000e-02	2.699768e-04
2.440000e-02	2.701192e-04
2.441000e-02	2.702616e-04
2.442000e-02	2.704040e-04
2.443000e-02	2.705464e-04
2.444000e-02	2.706888e-04
2.445000e-02	2.708312e-04
2.446000e-02	2.709735e-04
2.447000e-02	2.711159e-04
2.448000e-02	2.712583e-04
2.449000e-02	2.714007e-04
2.450000e-02	2.715431e-04
2.451000e-02	2.716855e-04
2.452000e-02	2.718279e-04
2.453000e-02	2.719703e-04
2.454000e-02	2.721127e-04
2.455000e-02	2.722551e-04
2.456000e-02	2.723975e-04
2.457000e-02	2.725398e-04
2.458000e-02	2.726822e-04
2.459000e-02	2.728246e-04
2.460000e-02	2.729670e-04
2.461000e-02	2.731094e-04
2.462000e-02	2.732518e-04
2.463000e-02	2.733942e-04
2.464000e-02	2.735366e-04
2.465000e-02	2.736790e-04
2.466000e-02	2.738214e-04
2.467000e-02	2.739637e-04
2.468000e-02	2.741061e-04
2.469000e-02	2.742485e-04
2.470000e-02	2.743909e-04
2.471000e-02	2.745333e-04
2.472000e-02	2.746757e-04
2.473000e-02	2.748181e-04
2.474000e-02	2.749605e-04
2.475000e-02	2.751029e-04
2.476000e-02	2.752453e-04
2.477000e-02	2.753877e-04
2.478000e-02	2.755300e-04
2.479000e-02	2.756724e-04
2.480000e-02	2.758148e-04
2.481000e-02	2.759572e-04
2.482000e-02	2.760996e-04
2.483000e-02	2.762420e-04
2.484000e-02	2.763844e-04
2.485000e-02	2.765268e-04
2.486000e-02	2.766692e-04
2.487000e-02	2.768116e-04
2.488000e-02	2.769539e-04
2.489000e-02	2.770963e-04
2.490000e-02	2.772387e-04
2.491000e-02	2.773811e-04
2.492000e-02	2.775235e-04
2.493000e-02	2.776659e-04
2.494000e-02	2.778083e-04
2.495000e-02	2.779507e-04
2.496000e-02	2.780931e-04
2.497000e-02	2.782355e-04
2.498000e-02	2.783778e-04
2.499000e-02	2.785202e-04
