Arrays for d1:
z1_new (m)	 d1_new_long (m)
1.000000e-03	4.385610e-05
1.010000e-03	9.035124e-05
1.020000e-03	9.035124e-05
1.030000e-03	9.035124e-05
1.040000e-03	9.035124e-05
1.050000e-03	9.035124e-05
1.060000e-03	9.035124e-05
1.070000e-03	9.035124e-05
1.080000e-03	9.035124e-05
1.090000e-03	9.035124e-05
1.100000e-03	9.035124e-05
1.110000e-03	9.035124e-05
1.120000e-03	9.035124e-05
1.130000e-03	9.035124e-05
1.140000e-03	9.035124e-05
1.150000e-03	9.035124e-05
1.160000e-03	9.035124e-05
1.170000e-03	9.035124e-05
1.180000e-03	9.035124e-05
1.190000e-03	9.035124e-05
1.200000e-03	9.035124e-05
1.210000e-03	9.035124e-05
1.220000e-03	9.035124e-05
1.230000e-03	9.035124e-05
1.240000e-03	9.035124e-05
1.250000e-03	9.035124e-05
1.260000e-03	9.035124e-05
1.270000e-03	9.035124e-05
1.280000e-03	9.035124e-05
1.290000e-03	9.035124e-05
1.300000e-03	9.035124e-05
1.310000e-03	9.035124e-05
1.320000e-03	9.035124e-05
1.330000e-03	9.035124e-05
1.340000e-03	9.035124e-05
1.350000e-03	9.035124e-05
1.360000e-03	9.035124e-05
1.370000e-03	9.035124e-05
1.380000e-03	9.035124e-05
1.390000e-03	9.035124e-05
1.400000e-03	9.035124e-05
1.410000e-03	9.035124e-05
1.420000e-03	9.035124e-05
1.430000e-03	9.035124e-05
1.440000e-03	9.035124e-05
1.450000e-03	9.035124e-05
1.460000e-03	9.035124e-05
1.470000e-03	9.035124e-05
1.480000e-03	9.035124e-05
1.490000e-03	9.035124e-05
1.500000e-03	9.035124e-05
1.510000e-03	9.035124e-05
1.520000e-03	9.035124e-05
1.530000e-03	9.035124e-05
1.540000e-03	9.035124e-05
1.550000e-03	9.035124e-05
1.560000e-03	9.035124e-05
1.570000e-03	9.035124e-05
1.580000e-03	9.035124e-05
1.590000e-03	9.035124e-05
1.600000e-03	9.035124e-05
1.610000e-03	9.035124e-05
1.620000e-03	9.035124e-05
1.630000e-03	9.035124e-05
1.640000e-03	9.035124e-05
1.650000e-03	9.035124e-05
1.660000e-03	9.035124e-05
1.670000e-03	9.035124e-05
1.680000e-03	9.035124e-05
1.690000e-03	9.035124e-05
1.700000e-03	9.035124e-05
1.710000e-03	9.035124e-05
1.720000e-03	9.035124e-05
1.730000e-03	9.035124e-05
1.740000e-03	9.035124e-05
1.750000e-03	9.035124e-05
1.760000e-03	9.035124e-05
1.770000e-03	9.035124e-05
1.780000e-03	9.035124e-05
1.790000e-03	9.035124e-05
1.800000e-03	9.035124e-05
1.810000e-03	9.035124e-05
1.820000e-03	9.035124e-05
1.830000e-03	9.035124e-05
1.840000e-03	9.035124e-05
1.850000e-03	9.035124e-05
1.860000e-03	9.035124e-05
1.870000e-03	9.035124e-05
1.880000e-03	9.035124e-05
1.890000e-03	9.035124e-05
1.900000e-03	9.035124e-05
1.910000e-03	9.035124e-05
1.920000e-03	9.035124e-05
1.930000e-03	9.035124e-05
1.940000e-03	9.035124e-05
1.950000e-03	9.035124e-05
1.960000e-03	9.035124e-05
1.970000e-03	9.035124e-05
1.980000e-03	9.035124e-05
1.990000e-03	9.035124e-05
2.000000e-03	9.035124e-05
2.010000e-03	9.035124e-05
2.020000e-03	9.035124e-05
2.030000e-03	9.035124e-05
2.040000e-03	9.035124e-05
2.050000e-03	9.035124e-05
2.060000e-03	9.035124e-05
2.070000e-03	9.035124e-05
2.080000e-03	9.035124e-05
2.090000e-03	9.035124e-05
2.100000e-03	9.035124e-05
2.110000e-03	9.035124e-05
2.120000e-03	9.035124e-05
2.130000e-03	9.035124e-05
2.140000e-03	9.035124e-05
2.150000e-03	9.035124e-05
2.160000e-03	9.035124e-05
2.170000e-03	9.035124e-05
2.180000e-03	9.035124e-05
2.190000e-03	9.035124e-05
2.200000e-03	9.035124e-05
2.210000e-03	9.035124e-05
2.220000e-03	9.035124e-05
2.230000e-03	9.035124e-05
2.240000e-03	9.035124e-05
2.250000e-03	9.035124e-05
2.260000e-03	9.035124e-05
2.270000e-03	9.035124e-05
2.280000e-03	9.035124e-05
2.290000e-03	9.035124e-05
2.300000e-03	9.035124e-05
2.310000e-03	9.035124e-05
2.320000e-03	9.035124e-05
2.330000e-03	9.035124e-05
2.340000e-03	9.035124e-05
2.350000e-03	9.035124e-05
2.360000e-03	9.035124e-05
2.370000e-03	9.035124e-05
2.380000e-03	9.035124e-05
2.390000e-03	9.035124e-05
2.400000e-03	9.035124e-05
2.410000e-03	9.035124e-05
2.420000e-03	9.035124e-05
2.430000e-03	9.035124e-05
2.440000e-03	9.035124e-05
2.450000e-03	9.035124e-05
2.460000e-03	9.035124e-05
2.470000e-03	9.035124e-05
2.480000e-03	9.035124e-05
2.490000e-03	9.035124e-05
2.500000e-03	9.035124e-05
2.510000e-03	9.035124e-05
2.520000e-03	9.035124e-05
2.530000e-03	9.035124e-05
2.540000e-03	9.035124e-05
2.550000e-03	9.035124e-05
2.560000e-03	9.035124e-05
2.570000e-03	9.035124e-05
2.580000e-03	9.035124e-05
2.590000e-03	9.035124e-05
2.600000e-03	9.035124e-05
2.610000e-03	9.035124e-05
2.620000e-03	9.035124e-05
2.630000e-03	9.035124e-05
2.640000e-03	9.035124e-05
2.650000e-03	9.035124e-05
2.660000e-03	9.035124e-05
2.670000e-03	9.035124e-05
2.680000e-03	9.035124e-05
2.690000e-03	9.035124e-05
2.700000e-03	9.035124e-05
2.710000e-03	9.035124e-05
2.720000e-03	9.035124e-05
2.730000e-03	9.035124e-05
2.740000e-03	9.035124e-05
2.750000e-03	9.035124e-05
2.760000e-03	9.035124e-05
2.770000e-03	9.035124e-05
2.780000e-03	9.035124e-05
2.790000e-03	9.035124e-05
2.800000e-03	9.035124e-05
2.810000e-03	9.035124e-05
2.820000e-03	9.035124e-05
2.830000e-03	9.035124e-05
2.840000e-03	9.035124e-05
2.850000e-03	9.035124e-05
2.860000e-03	9.035124e-05
2.870000e-03	9.035124e-05
2.880000e-03	9.035124e-05
2.890000e-03	9.035124e-05
2.900000e-03	9.035124e-05
2.910000e-03	9.035124e-05
2.920000e-03	9.035124e-05
2.930000e-03	9.035124e-05
2.940000e-03	9.035124e-05
2.950000e-03	9.035124e-05
2.960000e-03	9.035124e-05
2.970000e-03	9.035124e-05
2.980000e-03	9.035124e-05
2.990000e-03	9.035124e-05
3.000000e-03	9.035124e-05
3.010000e-03	9.035124e-05
3.020000e-03	9.035124e-05
3.030000e-03	9.035124e-05
3.040000e-03	9.035124e-05
3.050000e-03	9.035124e-05
3.060000e-03	9.035124e-05
3.070000e-03	9.035124e-05
3.080000e-03	9.035124e-05
3.090000e-03	9.035124e-05
3.100000e-03	9.035124e-05
3.110000e-03	9.035124e-05
3.120000e-03	9.035124e-05
3.130000e-03	9.035124e-05
3.140000e-03	9.035124e-05
3.150000e-03	9.035124e-05
3.160000e-03	9.035124e-05
3.170000e-03	9.035124e-05
3.180000e-03	9.035124e-05
3.190000e-03	9.035124e-05
3.200000e-03	9.035124e-05
3.210000e-03	9.035124e-05
3.220000e-03	9.035124e-05
3.230000e-03	9.035124e-05
3.240000e-03	9.035124e-05
3.250000e-03	9.035124e-05
3.260000e-03	9.035124e-05
3.270000e-03	9.035124e-05
3.280000e-03	9.035124e-05
3.290000e-03	9.035124e-05
3.300000e-03	9.035124e-05
3.310000e-03	9.035124e-05
3.320000e-03	9.035124e-05
3.330000e-03	9.035124e-05
3.340000e-03	9.035124e-05
3.350000e-03	9.035124e-05
3.360000e-03	9.035124e-05
3.370000e-03	9.035124e-05
3.380000e-03	9.035124e-05
3.390000e-03	9.035124e-05
3.400000e-03	9.035124e-05
3.410000e-03	9.035124e-05
3.420000e-03	9.035124e-05
3.430000e-03	9.035124e-05
3.440000e-03	9.035124e-05
3.450000e-03	9.035124e-05
3.460000e-03	9.035124e-05
3.470000e-03	9.035124e-05
3.480000e-03	9.035124e-05
3.490000e-03	9.035124e-05
3.500000e-03	9.035124e-05
3.510000e-03	9.035124e-05
3.520000e-03	9.035124e-05
3.530000e-03	9.035124e-05
3.540000e-03	9.035124e-05
3.550000e-03	9.035124e-05
3.560000e-03	9.035124e-05
3.570000e-03	9.035124e-05
3.580000e-03	9.035124e-05
3.590000e-03	9.035124e-05
3.600000e-03	9.035124e-05
3.610000e-03	9.035124e-05
3.620000e-03	9.035124e-05
3.630000e-03	9.035124e-05
3.640000e-03	9.035124e-05
3.650000e-03	9.035124e-05
3.660000e-03	9.035124e-05
3.670000e-03	9.035124e-05
3.680000e-03	9.035124e-05
3.690000e-03	9.035124e-05
3.700000e-03	9.035124e-05
3.710000e-03	9.035124e-05
3.720000e-03	9.035124e-05
3.730000e-03	9.035124e-05
3.740000e-03	9.035124e-05
3.750000e-03	9.035124e-05
3.760000e-03	9.035124e-05
3.770000e-03	9.035124e-05
3.780000e-03	9.035124e-05
3.790000e-03	9.035124e-05
3.800000e-03	9.035124e-05
3.810000e-03	9.035124e-05
3.820000e-03	9.035124e-05
3.830000e-03	9.035124e-05
3.840000e-03	9.035124e-05
3.850000e-03	9.035124e-05
3.860000e-03	9.035124e-05
3.870000e-03	9.035124e-05
3.880000e-03	9.035124e-05
3.890000e-03	9.035124e-05
3.900000e-03	9.035124e-05
3.910000e-03	9.035124e-05
3.920000e-03	9.035124e-05
3.930000e-03	9.035124e-05
3.940000e-03	9.035124e-05
3.950000e-03	9.035124e-05
3.960000e-03	9.035124e-05
3.970000e-03	9.035124e-05
3.980000e-03	9.035124e-05
3.990000e-03	9.035124e-05
4.000000e-03	9.035124e-05
4.010000e-03	9.035124e-05
4.020000e-03	9.035124e-05
4.030000e-03	9.035124e-05
4.040000e-03	9.035124e-05
4.050000e-03	9.035124e-05
4.060000e-03	9.035124e-05
4.070000e-03	9.035124e-05
4.080000e-03	9.035124e-05
4.090000e-03	9.035124e-05
4.100000e-03	9.035124e-05
4.110000e-03	9.035124e-05
4.120000e-03	9.035124e-05
4.130000e-03	9.035124e-05
4.140000e-03	9.035124e-05
4.150000e-03	9.035124e-05
4.160000e-03	9.035124e-05
4.170000e-03	9.035124e-05
4.180000e-03	9.035124e-05
4.190000e-03	9.035124e-05
4.200000e-03	9.035124e-05
4.210000e-03	9.035124e-05
4.220000e-03	9.035124e-05
4.230000e-03	9.035124e-05
4.240000e-03	9.035124e-05
4.250000e-03	9.035124e-05
4.260000e-03	9.035124e-05
4.270000e-03	9.035124e-05
4.280000e-03	9.035124e-05
4.290000e-03	9.035124e-05
4.300000e-03	9.035124e-05
4.310000e-03	9.035124e-05
4.320000e-03	9.035124e-05
4.330000e-03	9.035124e-05
4.340000e-03	9.035124e-05
4.350000e-03	9.035124e-05
4.360000e-03	9.035124e-05
4.370000e-03	9.035124e-05
4.380000e-03	9.035124e-05
4.390000e-03	9.035124e-05
4.400000e-03	9.035124e-05
4.410000e-03	9.035124e-05
4.420000e-03	9.035124e-05
4.430000e-03	9.035124e-05
4.440000e-03	9.035124e-05
4.450000e-03	9.035124e-05
4.460000e-03	9.035124e-05
4.470000e-03	9.035124e-05
4.480000e-03	9.035124e-05
4.490000e-03	9.035124e-05
4.500000e-03	9.035124e-05
4.510000e-03	9.035124e-05
4.520000e-03	9.035124e-05
4.530000e-03	9.035124e-05
4.540000e-03	9.035124e-05
4.550000e-03	9.035124e-05
4.560000e-03	9.035124e-05
4.570000e-03	9.035124e-05
4.580000e-03	9.035124e-05
4.590000e-03	9.035124e-05
4.600000e-03	9.035124e-05
4.610000e-03	9.035124e-05
4.620000e-03	9.035124e-05
4.630000e-03	9.035124e-05
4.640000e-03	9.035124e-05
4.650000e-03	9.035124e-05
4.660000e-03	9.035124e-05
4.670000e-03	9.035124e-05
4.680000e-03	9.035124e-05
4.690000e-03	9.035124e-05
4.700000e-03	9.035124e-05
4.710000e-03	9.035124e-05
4.720000e-03	9.035124e-05
4.730000e-03	9.035124e-05
4.740000e-03	9.035124e-05
4.750000e-03	9.035124e-05
4.760000e-03	9.035124e-05
4.770000e-03	9.035124e-05
4.780000e-03	9.035124e-05
4.790000e-03	9.035124e-05
4.800000e-03	9.035124e-05
4.810000e-03	9.035124e-05
4.820000e-03	9.035124e-05
4.830000e-03	9.035124e-05
4.840000e-03	9.035124e-05
4.850000e-03	9.035124e-05
4.860000e-03	9.035124e-05
4.870000e-03	9.035124e-05
4.880000e-03	9.035124e-05
4.890000e-03	9.035124e-05
4.900000e-03	9.035124e-05
4.910000e-03	9.035124e-05
4.920000e-03	9.035124e-05
4.930000e-03	9.035124e-05
4.940000e-03	9.035124e-05
4.950000e-03	9.035124e-05
4.960000e-03	9.035124e-05
4.970000e-03	9.035124e-05
4.980000e-03	9.035124e-05
4.990000e-03	9.035124e-05
5.000000e-03	9.035124e-05
5.010000e-03	9.035124e-05
5.020000e-03	9.035124e-05
5.030000e-03	9.035124e-05
5.040000e-03	9.035124e-05
5.050000e-03	9.035124e-05
5.060000e-03	9.035124e-05
5.070000e-03	9.035124e-05
5.080000e-03	9.035124e-05
5.090000e-03	9.035124e-05
5.100000e-03	9.035124e-05
5.110000e-03	9.035124e-05
5.120000e-03	9.035124e-05
5.130000e-03	9.035124e-05
5.140000e-03	9.035124e-05
5.150000e-03	9.035124e-05
5.160000e-03	9.035124e-05
5.170000e-03	9.035124e-05
5.180000e-03	9.035124e-05
5.190000e-03	9.035124e-05
5.200000e-03	9.035124e-05
5.210000e-03	9.035124e-05
5.220000e-03	9.035124e-05
5.230000e-03	9.035124e-05
5.240000e-03	9.035124e-05
5.250000e-03	9.035124e-05
5.260000e-03	9.035124e-05
5.270000e-03	9.035124e-05
5.280000e-03	9.035124e-05
5.290000e-03	9.035124e-05
5.300000e-03	9.035124e-05
5.310000e-03	9.035124e-05
5.320000e-03	9.035124e-05
5.330000e-03	9.035124e-05
5.340000e-03	9.035124e-05
5.350000e-03	9.035124e-05
5.360000e-03	9.035124e-05
5.370000e-03	9.035124e-05
5.380000e-03	9.035124e-05
5.390000e-03	9.035124e-05
5.400000e-03	9.035124e-05
5.410000e-03	9.035124e-05
5.420000e-03	9.035124e-05
5.430000e-03	9.035124e-05
5.440000e-03	9.035124e-05
5.450000e-03	9.035124e-05
5.460000e-03	9.035124e-05
5.470000e-03	9.035124e-05
5.480000e-03	9.035124e-05
5.490000e-03	9.035124e-05
5.500000e-03	9.035124e-05
5.510000e-03	9.035124e-05
5.520000e-03	9.035124e-05
5.530000e-03	9.035124e-05
5.540000e-03	9.035124e-05
5.550000e-03	9.035124e-05
5.560000e-03	9.035124e-05
5.570000e-03	9.035124e-05
5.580000e-03	9.035124e-05
5.590000e-03	9.035124e-05
5.600000e-03	9.035124e-05
5.610000e-03	9.035124e-05
5.620000e-03	9.035124e-05
5.630000e-03	9.035124e-05
5.640000e-03	9.035124e-05
5.650000e-03	9.035124e-05
5.660000e-03	9.035124e-05
5.670000e-03	9.035124e-05
5.680000e-03	9.035124e-05
5.690000e-03	9.035124e-05
5.700000e-03	9.035124e-05
5.710000e-03	9.035124e-05
5.720000e-03	9.035124e-05
5.730000e-03	9.035124e-05
5.740000e-03	9.035124e-05
5.750000e-03	9.035124e-05
5.760000e-03	9.035124e-05
5.770000e-03	9.035124e-05
5.780000e-03	9.035124e-05
5.790000e-03	9.035124e-05
5.800000e-03	9.035124e-05
5.810000e-03	9.035124e-05
5.820000e-03	9.035124e-05
5.830000e-03	9.035124e-05
5.840000e-03	9.035124e-05
5.850000e-03	9.035124e-05
5.860000e-03	9.035124e-05
5.870000e-03	9.035124e-05
5.880000e-03	9.035124e-05
5.890000e-03	9.035124e-05
5.900000e-03	9.035124e-05
5.910000e-03	9.035124e-05
5.920000e-03	9.035124e-05
5.930000e-03	9.035124e-05
5.940000e-03	9.035124e-05
5.950000e-03	9.035124e-05
5.960000e-03	9.035124e-05
5.970000e-03	9.035124e-05
5.980000e-03	9.035124e-05
5.990000e-03	9.035124e-05
6.000000e-03	9.035124e-05
6.010000e-03	9.035124e-05
6.020000e-03	9.035124e-05
6.030000e-03	9.035124e-05
6.040000e-03	9.035124e-05
6.050000e-03	9.035124e-05
6.060000e-03	9.035124e-05
6.070000e-03	9.035124e-05
6.080000e-03	9.035124e-05
6.090000e-03	9.035124e-05
6.100000e-03	9.035124e-05
6.110000e-03	9.035124e-05
6.120000e-03	9.035124e-05
6.130000e-03	9.035124e-05
6.140000e-03	9.035124e-05
6.150000e-03	9.035124e-05
6.160000e-03	9.035124e-05
6.170000e-03	9.035124e-05
6.180000e-03	9.035124e-05
6.190000e-03	9.035124e-05
6.200000e-03	9.035124e-05
6.210000e-03	9.035124e-05
6.220000e-03	9.035124e-05
6.230000e-03	9.035124e-05
6.240000e-03	9.035124e-05
6.250000e-03	9.035124e-05
6.260000e-03	9.035124e-05
6.270000e-03	9.035124e-05
6.280000e-03	9.035124e-05
6.290000e-03	9.035124e-05
6.300000e-03	9.035124e-05
6.310000e-03	9.035124e-05
6.320000e-03	9.035124e-05
6.330000e-03	9.035124e-05
6.340000e-03	9.035124e-05
6.350000e-03	9.035124e-05
6.360000e-03	9.035124e-05
6.370000e-03	9.035124e-05
6.380000e-03	9.035124e-05
6.390000e-03	9.035124e-05
6.400000e-03	9.035124e-05
6.410000e-03	9.035124e-05
6.420000e-03	9.035124e-05
6.430000e-03	9.035124e-05
6.440000e-03	9.035124e-05
6.450000e-03	9.035124e-05
6.460000e-03	9.035124e-05
6.470000e-03	9.035124e-05
6.480000e-03	9.035124e-05
6.490000e-03	9.035124e-05
6.500000e-03	9.035124e-05
6.510000e-03	9.035124e-05
6.520000e-03	9.035124e-05
6.530000e-03	9.035124e-05
6.540000e-03	9.035124e-05
6.550000e-03	9.035124e-05
6.560000e-03	9.035124e-05
6.570000e-03	9.035124e-05
6.580000e-03	9.035124e-05
6.590000e-03	9.035124e-05
6.600000e-03	9.035124e-05
6.610000e-03	9.035124e-05
6.620000e-03	9.035124e-05
6.630000e-03	9.035124e-05
6.640000e-03	9.035124e-05
6.650000e-03	9.035124e-05
6.660000e-03	9.035124e-05
6.670000e-03	9.035124e-05
6.680000e-03	9.035124e-05
6.690000e-03	9.035124e-05
6.700000e-03	9.035124e-05
6.710000e-03	9.035124e-05
6.720000e-03	9.035124e-05
6.730000e-03	9.035124e-05
6.740000e-03	9.035124e-05
6.750000e-03	9.035124e-05
6.760000e-03	9.035124e-05
6.770000e-03	9.035124e-05
6.780000e-03	9.035124e-05
6.790000e-03	9.035124e-05
6.800000e-03	9.035124e-05
6.810000e-03	9.035124e-05
6.820000e-03	9.035124e-05
6.830000e-03	9.035124e-05
6.840000e-03	9.035124e-05
6.850000e-03	9.035124e-05
6.860000e-03	9.035124e-05
6.870000e-03	9.035124e-05
6.880000e-03	9.035124e-05
6.890000e-03	9.035124e-05
6.900000e-03	9.035124e-05
6.910000e-03	9.035124e-05
6.920000e-03	9.035124e-05
6.930000e-03	9.035124e-05
6.940000e-03	9.035124e-05
6.950000e-03	9.035124e-05
6.960000e-03	9.035124e-05
6.970000e-03	9.035124e-05
6.980000e-03	9.035124e-05
6.990000e-03	9.035124e-05
7.000000e-03	9.035124e-05
7.010000e-03	9.035124e-05
7.020000e-03	9.035124e-05
7.030000e-03	9.035124e-05
7.040000e-03	9.035124e-05
7.050000e-03	9.035124e-05
7.060000e-03	9.035124e-05
7.070000e-03	9.035124e-05
7.080000e-03	9.035124e-05
7.090000e-03	9.035124e-05
7.100000e-03	9.035124e-05
7.110000e-03	9.035124e-05
7.120000e-03	9.035124e-05
7.130000e-03	9.035124e-05
7.140000e-03	9.035124e-05
7.150000e-03	9.035124e-05
7.160000e-03	9.035124e-05
7.170000e-03	9.035124e-05
7.180000e-03	9.035124e-05
7.190000e-03	9.035124e-05
7.200000e-03	9.035124e-05
7.210000e-03	9.035124e-05
7.220000e-03	9.035124e-05
7.230000e-03	9.035124e-05
7.240000e-03	9.035124e-05
7.250000e-03	9.035124e-05
7.260000e-03	9.035124e-05
7.270000e-03	9.035124e-05
7.280000e-03	9.035124e-05
7.290000e-03	9.035124e-05
7.300000e-03	9.035124e-05
7.310000e-03	9.035124e-05
7.320000e-03	9.035124e-05
7.330000e-03	9.035124e-05
7.340000e-03	9.035124e-05
7.350000e-03	9.035124e-05
7.360000e-03	9.035124e-05
7.370000e-03	9.035124e-05
7.380000e-03	9.035124e-05
7.390000e-03	9.035124e-05
7.400000e-03	9.035124e-05
7.410000e-03	9.035124e-05
7.420000e-03	9.035124e-05
7.430000e-03	9.035124e-05
7.440000e-03	9.035124e-05
7.450000e-03	9.035124e-05
7.460000e-03	9.035124e-05
7.470000e-03	9.035124e-05
7.480000e-03	9.035124e-05
7.490000e-03	9.035124e-05
7.500000e-03	9.035124e-05
7.510000e-03	9.035124e-05
7.520000e-03	9.035124e-05
7.530000e-03	9.035124e-05
7.540000e-03	9.035124e-05
7.550000e-03	9.035124e-05
7.560000e-03	9.035124e-05
7.570000e-03	9.035124e-05
7.580000e-03	9.035124e-05
7.590000e-03	9.035124e-05
7.600000e-03	9.035124e-05
7.610000e-03	9.035124e-05
7.620000e-03	9.035124e-05
7.630000e-03	9.035124e-05
7.640000e-03	9.035124e-05
7.650000e-03	9.035124e-05
7.660000e-03	9.035124e-05
7.670000e-03	9.035124e-05
7.680000e-03	9.035124e-05
7.690000e-03	9.035124e-05
7.700000e-03	9.035124e-05
7.710000e-03	9.035124e-05
7.720000e-03	9.035124e-05
7.730000e-03	9.035124e-05
7.740000e-03	9.035124e-05
7.750000e-03	9.035124e-05
7.760000e-03	9.035124e-05
7.770000e-03	9.035124e-05
7.780000e-03	9.035124e-05
7.790000e-03	9.035124e-05
7.800000e-03	9.035124e-05
7.810000e-03	9.035124e-05
7.820000e-03	9.035124e-05
7.830000e-03	9.035124e-05
7.840000e-03	9.035124e-05
7.850000e-03	9.035124e-05
7.860000e-03	9.035124e-05
7.870000e-03	9.035124e-05
7.880000e-03	9.035124e-05
7.890000e-03	9.035124e-05
7.900000e-03	9.035124e-05
7.910000e-03	9.035124e-05
7.920000e-03	9.035124e-05
7.930000e-03	9.035124e-05
7.940000e-03	9.035124e-05
7.950000e-03	9.035124e-05
7.960000e-03	9.035124e-05
7.970000e-03	9.035124e-05
7.980000e-03	9.035124e-05
7.990000e-03	9.035124e-05
8.000000e-03	9.035124e-05
8.010000e-03	9.035124e-05
8.020000e-03	9.035124e-05
8.030000e-03	9.035124e-05
8.040000e-03	9.035124e-05
8.050000e-03	9.035124e-05
8.060000e-03	9.035124e-05
8.070000e-03	9.035124e-05
8.080000e-03	9.035124e-05
8.090000e-03	9.035124e-05
8.100000e-03	9.035124e-05
8.110000e-03	9.035124e-05
8.120000e-03	9.035124e-05
8.130000e-03	9.035124e-05
8.140000e-03	9.035124e-05
8.150000e-03	9.035124e-05
8.160000e-03	9.035124e-05
8.170000e-03	9.035124e-05
8.180000e-03	9.035124e-05
8.190000e-03	9.035124e-05
8.200000e-03	9.035124e-05
8.210000e-03	9.035124e-05
8.220000e-03	9.035124e-05
8.230000e-03	9.035124e-05
8.240000e-03	9.035124e-05
8.250000e-03	9.035124e-05
8.260000e-03	9.035124e-05
8.270000e-03	9.035124e-05
8.280000e-03	9.035124e-05
8.290000e-03	9.035124e-05
8.300000e-03	9.035124e-05
8.310000e-03	9.035124e-05
8.320000e-03	9.035124e-05
8.330000e-03	9.035124e-05
8.340000e-03	9.035124e-05
8.350000e-03	9.035124e-05
8.360000e-03	9.035124e-05
8.370000e-03	9.035124e-05
8.380000e-03	9.035124e-05
8.390000e-03	9.035124e-05
8.400000e-03	9.035124e-05
8.410000e-03	9.035124e-05
8.420000e-03	9.035124e-05
8.430000e-03	9.035124e-05
8.440000e-03	9.035124e-05
8.450000e-03	9.035124e-05
8.460000e-03	9.035124e-05
8.470000e-03	9.035124e-05
8.480000e-03	9.035124e-05
8.490000e-03	9.035124e-05
8.500000e-03	9.035124e-05
8.510000e-03	9.035124e-05
8.520000e-03	9.035124e-05
8.530000e-03	9.035124e-05
8.540000e-03	9.035124e-05
8.550000e-03	9.035124e-05
8.560000e-03	9.035124e-05
8.570000e-03	9.035124e-05
8.580000e-03	9.035124e-05
8.590000e-03	9.035124e-05
8.600000e-03	9.035124e-05
8.610000e-03	9.035124e-05
8.620000e-03	9.035124e-05
8.630000e-03	9.035124e-05
8.640000e-03	9.035124e-05
8.650000e-03	9.035124e-05
8.660000e-03	9.035124e-05
8.670000e-03	9.035124e-05
8.680000e-03	9.035124e-05
8.690000e-03	9.035124e-05
8.700000e-03	9.035124e-05
8.710000e-03	9.035124e-05
8.720000e-03	9.035124e-05
8.730000e-03	9.035124e-05
8.740000e-03	9.035124e-05
8.750000e-03	9.035124e-05
8.760000e-03	9.035124e-05
8.770000e-03	9.035124e-05
8.780000e-03	9.035124e-05
8.790000e-03	9.035124e-05
8.800000e-03	9.035124e-05
8.810000e-03	9.035124e-05
8.820000e-03	9.035124e-05
8.830000e-03	9.035124e-05
8.840000e-03	9.035124e-05
8.850000e-03	9.035124e-05
8.860000e-03	9.035124e-05
8.870000e-03	9.035124e-05
8.880000e-03	9.035124e-05
8.890000e-03	9.035124e-05
8.900000e-03	9.035124e-05
8.910000e-03	9.035124e-05
8.920000e-03	9.035124e-05
8.930000e-03	9.035124e-05
8.940000e-03	9.035124e-05
8.950000e-03	9.035124e-05
8.960000e-03	9.035124e-05
8.970000e-03	9.035124e-05
8.980000e-03	9.035124e-05
8.990000e-03	9.035124e-05
9.000000e-03	9.035124e-05
9.010000e-03	9.035124e-05
9.020000e-03	9.035124e-05
9.030000e-03	9.035124e-05
9.040000e-03	9.035124e-05
9.050000e-03	9.035124e-05
9.060000e-03	9.035124e-05
9.070000e-03	9.035124e-05
9.080000e-03	9.035124e-05
9.090000e-03	9.035124e-05
9.100000e-03	9.035124e-05
9.110000e-03	9.035124e-05
9.120000e-03	9.035124e-05
9.130000e-03	9.035124e-05
9.140000e-03	9.035124e-05
9.150000e-03	9.035124e-05
9.160000e-03	9.035124e-05
9.170000e-03	9.035124e-05
9.180000e-03	9.035124e-05
9.190000e-03	9.035124e-05
9.200000e-03	9.035124e-05
9.210000e-03	9.035124e-05
9.220000e-03	9.035124e-05
9.230000e-03	9.035124e-05
9.240000e-03	9.035124e-05
9.250000e-03	9.035124e-05
9.260000e-03	9.035124e-05
9.270000e-03	9.035124e-05
9.280000e-03	9.035124e-05
9.290000e-03	9.035124e-05
9.300000e-03	9.035124e-05
9.310000e-03	9.035124e-05
9.320000e-03	9.035124e-05
9.330000e-03	9.035124e-05
9.340000e-03	9.035124e-05
9.350000e-03	9.035124e-05
9.360000e-03	9.035124e-05
9.370000e-03	9.035124e-05
9.380000e-03	9.035124e-05
9.390000e-03	9.035124e-05
9.400000e-03	9.035124e-05
9.410000e-03	9.035124e-05
9.420000e-03	9.035124e-05
9.430000e-03	9.035124e-05
9.440000e-03	9.035124e-05
9.450000e-03	9.035124e-05
9.460000e-03	9.035124e-05
9.470000e-03	9.035124e-05
9.480000e-03	9.035124e-05
9.490000e-03	9.035124e-05
9.500000e-03	9.035124e-05
9.510000e-03	9.035124e-05
9.520000e-03	9.035124e-05
9.530000e-03	9.035124e-05
9.540000e-03	9.035124e-05
9.550000e-03	9.035124e-05
9.560000e-03	9.035124e-05
9.570000e-03	9.035124e-05
9.580000e-03	9.035124e-05
9.590000e-03	9.035124e-05
9.600000e-03	9.035124e-05
9.610000e-03	9.035124e-05
9.620000e-03	9.035124e-05
9.630000e-03	9.035124e-05
9.640000e-03	9.035124e-05
9.650000e-03	9.035124e-05
9.660000e-03	9.035124e-05
9.670000e-03	9.035124e-05
9.680000e-03	9.035124e-05
9.690000e-03	9.035124e-05
9.700000e-03	9.035124e-05
9.710000e-03	9.035124e-05
9.720000e-03	9.035124e-05
9.730000e-03	9.035124e-05
9.740000e-03	9.035124e-05
9.750000e-03	9.035124e-05
9.760000e-03	9.035124e-05
9.770000e-03	9.035124e-05
9.780000e-03	9.035124e-05
9.790000e-03	9.035124e-05
9.800000e-03	9.035124e-05
9.810000e-03	9.035124e-05
9.820000e-03	9.035124e-05
9.830000e-03	9.035124e-05
9.840000e-03	9.035124e-05
9.850000e-03	9.035124e-05
9.860000e-03	9.035124e-05
9.870000e-03	9.035124e-05
9.880000e-03	9.035124e-05
9.890000e-03	9.035124e-05
9.900000e-03	9.035124e-05
9.910000e-03	9.035124e-05
9.920000e-03	9.035124e-05
9.930000e-03	9.035124e-05
9.940000e-03	9.035124e-05
9.950000e-03	9.035124e-05
9.960000e-03	9.035124e-05
9.970000e-03	9.035124e-05
9.980000e-03	9.035124e-05
9.990000e-03	9.035124e-05
1.000000e-02	9.035124e-05
1.001000e-02	9.035124e-05
1.002000e-02	9.035124e-05
1.003000e-02	9.035124e-05
1.004000e-02	9.035124e-05
1.005000e-02	9.035124e-05
1.006000e-02	9.035124e-05
1.007000e-02	9.035124e-05
1.008000e-02	9.035124e-05
1.009000e-02	9.035124e-05
1.010000e-02	9.035124e-05
1.011000e-02	9.035124e-05
1.012000e-02	9.035124e-05
1.013000e-02	9.035124e-05
1.014000e-02	9.035124e-05
1.015000e-02	9.035124e-05
1.016000e-02	9.035124e-05
1.017000e-02	9.035124e-05
1.018000e-02	9.035124e-05
1.019000e-02	9.035124e-05
1.020000e-02	9.035124e-05
1.021000e-02	9.035124e-05
1.022000e-02	9.035124e-05
1.023000e-02	9.035124e-05
1.024000e-02	9.035124e-05
1.025000e-02	9.035124e-05
1.026000e-02	9.035124e-05
1.027000e-02	9.035124e-05
1.028000e-02	9.035124e-05
1.029000e-02	9.035124e-05
1.030000e-02	9.035124e-05
1.031000e-02	9.035124e-05
1.032000e-02	9.035124e-05
1.033000e-02	9.035124e-05
1.034000e-02	9.035124e-05
1.035000e-02	9.035124e-05
1.036000e-02	9.035124e-05
1.037000e-02	9.035124e-05
1.038000e-02	9.035124e-05
1.039000e-02	9.035124e-05
1.040000e-02	9.035124e-05
1.041000e-02	9.035124e-05
1.042000e-02	9.035124e-05
1.043000e-02	9.035124e-05
1.044000e-02	9.035124e-05
1.045000e-02	9.035124e-05
1.046000e-02	9.035124e-05
1.047000e-02	9.035124e-05
1.048000e-02	9.035124e-05
1.049000e-02	9.035124e-05
1.050000e-02	9.035124e-05
1.051000e-02	9.035124e-05
1.052000e-02	9.035124e-05
1.053000e-02	9.035124e-05
1.054000e-02	9.035124e-05
1.055000e-02	9.035124e-05
1.056000e-02	9.035124e-05
1.057000e-02	9.035124e-05
1.058000e-02	9.035124e-05
1.059000e-02	9.035124e-05
1.060000e-02	9.035124e-05
1.061000e-02	9.035124e-05
1.062000e-02	9.035124e-05
1.063000e-02	9.035124e-05
1.064000e-02	9.035124e-05
1.065000e-02	9.035124e-05
1.066000e-02	9.035124e-05
1.067000e-02	9.035124e-05
1.068000e-02	9.035124e-05
1.069000e-02	9.035124e-05
1.070000e-02	9.035124e-05
1.071000e-02	9.035124e-05
1.072000e-02	9.035124e-05
1.073000e-02	9.035124e-05
1.074000e-02	9.035124e-05
1.075000e-02	9.035124e-05
1.076000e-02	9.035124e-05
1.077000e-02	9.035124e-05
1.078000e-02	9.035124e-05
1.079000e-02	9.035124e-05
1.080000e-02	9.035124e-05
1.081000e-02	9.035124e-05
1.082000e-02	9.035124e-05
1.083000e-02	9.035124e-05
1.084000e-02	9.035124e-05
1.085000e-02	9.035124e-05
1.086000e-02	9.035124e-05
1.087000e-02	9.035124e-05
1.088000e-02	9.035124e-05
1.089000e-02	9.035124e-05
1.090000e-02	9.035124e-05
1.091000e-02	9.035124e-05
1.092000e-02	9.035124e-05
1.093000e-02	9.035124e-05
1.094000e-02	9.035124e-05
1.095000e-02	9.035124e-05
1.096000e-02	9.035124e-05
1.097000e-02	9.035124e-05
1.098000e-02	9.035124e-05
1.099000e-02	9.035124e-05
1.100000e-02	9.035124e-05
1.101000e-02	9.035124e-05
1.102000e-02	9.035124e-05
1.103000e-02	9.035124e-05
1.104000e-02	9.035124e-05
1.105000e-02	9.035124e-05
1.106000e-02	9.035124e-05
1.107000e-02	9.035124e-05
1.108000e-02	9.035124e-05
1.109000e-02	9.035124e-05
1.110000e-02	9.035124e-05
1.111000e-02	9.035124e-05
1.112000e-02	9.035124e-05
1.113000e-02	9.035124e-05
1.114000e-02	9.035124e-05
1.115000e-02	9.035124e-05
1.116000e-02	9.035124e-05
1.117000e-02	9.035124e-05
1.118000e-02	9.035124e-05
1.119000e-02	9.035124e-05
1.120000e-02	9.035124e-05
1.121000e-02	9.035124e-05
1.122000e-02	9.035124e-05
1.123000e-02	9.035124e-05
1.124000e-02	9.035124e-05
1.125000e-02	9.035124e-05
1.126000e-02	9.035124e-05
1.127000e-02	9.035124e-05
1.128000e-02	9.035124e-05
1.129000e-02	9.035124e-05
1.130000e-02	9.035124e-05
1.131000e-02	9.035124e-05
1.132000e-02	9.035124e-05
1.133000e-02	9.035124e-05
1.134000e-02	9.035124e-05
1.135000e-02	9.035124e-05
1.136000e-02	9.035124e-05
1.137000e-02	9.035124e-05
1.138000e-02	9.035124e-05
1.139000e-02	9.035124e-05
1.140000e-02	9.035124e-05
1.141000e-02	9.035124e-05
1.142000e-02	9.035124e-05
1.143000e-02	9.035124e-05
1.144000e-02	9.035124e-05
1.145000e-02	9.035124e-05
1.146000e-02	9.035124e-05
1.147000e-02	9.035124e-05
1.148000e-02	9.035124e-05
1.149000e-02	9.035124e-05
1.150000e-02	9.035124e-05
1.151000e-02	9.035124e-05
1.152000e-02	9.035124e-05
1.153000e-02	9.035124e-05
1.154000e-02	9.035124e-05
1.155000e-02	9.035124e-05
1.156000e-02	9.035124e-05
1.157000e-02	9.035124e-05
1.158000e-02	9.035124e-05
1.159000e-02	9.035124e-05
1.160000e-02	9.035124e-05
1.161000e-02	9.035124e-05
1.162000e-02	9.035124e-05
1.163000e-02	9.035124e-05
1.164000e-02	9.035124e-05
1.165000e-02	9.035124e-05
1.166000e-02	9.035124e-05
1.167000e-02	9.035124e-05
1.168000e-02	9.035124e-05
1.169000e-02	9.035124e-05
1.170000e-02	9.035124e-05
1.171000e-02	9.035124e-05
1.172000e-02	9.035124e-05
1.173000e-02	9.035124e-05
1.174000e-02	9.035124e-05
1.175000e-02	9.035124e-05
1.176000e-02	9.035124e-05
1.177000e-02	9.035124e-05
1.178000e-02	9.035124e-05
1.179000e-02	9.035124e-05
1.180000e-02	9.035124e-05
1.181000e-02	9.035124e-05
1.182000e-02	9.035124e-05
1.183000e-02	9.035124e-05
1.184000e-02	9.035124e-05
1.185000e-02	9.035124e-05
1.186000e-02	9.035124e-05
1.187000e-02	9.035124e-05
1.188000e-02	9.035124e-05
1.189000e-02	9.035124e-05
1.190000e-02	9.035124e-05
1.191000e-02	9.035124e-05
1.192000e-02	9.035124e-05
1.193000e-02	9.035124e-05
1.194000e-02	9.035124e-05
1.195000e-02	9.035124e-05
1.196000e-02	9.035124e-05
1.197000e-02	9.035124e-05
1.198000e-02	9.035124e-05
1.199000e-02	9.035124e-05
1.200000e-02	9.035124e-05
1.201000e-02	9.035124e-05
1.202000e-02	9.035124e-05
1.203000e-02	9.035124e-05
1.204000e-02	9.035124e-05
1.205000e-02	9.035124e-05
1.206000e-02	9.035124e-05
1.207000e-02	9.035124e-05
1.208000e-02	9.035124e-05
1.209000e-02	9.035124e-05
1.210000e-02	9.035124e-05
1.211000e-02	9.035124e-05
1.212000e-02	9.035124e-05
1.213000e-02	9.035124e-05
1.214000e-02	9.035124e-05
1.215000e-02	9.035124e-05
1.216000e-02	9.035124e-05
1.217000e-02	9.035124e-05
1.218000e-02	9.035124e-05
1.219000e-02	9.035124e-05
1.220000e-02	9.035124e-05
1.221000e-02	9.035124e-05
1.222000e-02	9.035124e-05
1.223000e-02	9.035124e-05
1.224000e-02	9.035124e-05
1.225000e-02	9.035124e-05
1.226000e-02	9.035124e-05
1.227000e-02	9.035124e-05
1.228000e-02	9.035124e-05
1.229000e-02	9.035124e-05
1.230000e-02	9.035124e-05
1.231000e-02	9.035124e-05
1.232000e-02	9.035124e-05
1.233000e-02	9.035124e-05
1.234000e-02	9.035124e-05
1.235000e-02	9.035124e-05
1.236000e-02	9.035124e-05
1.237000e-02	9.035124e-05
1.238000e-02	9.035124e-05
1.239000e-02	9.035124e-05
1.240000e-02	9.035124e-05
1.241000e-02	9.035124e-05
1.242000e-02	9.035124e-05
1.243000e-02	9.035124e-05
1.244000e-02	9.035124e-05
1.245000e-02	9.035124e-05
1.246000e-02	9.035124e-05
1.247000e-02	9.035124e-05
1.248000e-02	9.035124e-05
1.249000e-02	9.035124e-05
1.250000e-02	9.035124e-05
1.251000e-02	9.035124e-05
1.252000e-02	9.035124e-05
1.253000e-02	9.035124e-05
1.254000e-02	9.035124e-05
1.255000e-02	9.035124e-05
1.256000e-02	9.035124e-05
1.257000e-02	9.035124e-05
1.258000e-02	9.035124e-05
1.259000e-02	9.035124e-05
1.260000e-02	9.035124e-05
1.261000e-02	9.035124e-05
1.262000e-02	9.035124e-05
1.263000e-02	9.035124e-05
1.264000e-02	9.035124e-05
1.265000e-02	9.035124e-05
1.266000e-02	9.035124e-05
1.267000e-02	9.035124e-05
1.268000e-02	9.035124e-05
1.269000e-02	9.035124e-05
1.270000e-02	9.035124e-05
1.271000e-02	9.035124e-05
1.272000e-02	9.035124e-05
1.273000e-02	9.035124e-05
1.274000e-02	9.035124e-05
1.275000e-02	9.035124e-05
1.276000e-02	9.035124e-05
1.277000e-02	9.035124e-05
1.278000e-02	9.035124e-05
1.279000e-02	9.035124e-05
1.280000e-02	9.035124e-05
1.281000e-02	9.035124e-05
1.282000e-02	9.035124e-05
1.283000e-02	9.035124e-05
1.284000e-02	9.035124e-05
1.285000e-02	9.035124e-05
1.286000e-02	9.035124e-05
1.287000e-02	9.035124e-05
1.288000e-02	9.035124e-05
1.289000e-02	9.035124e-05
1.290000e-02	9.035124e-05
1.291000e-02	9.035124e-05
1.292000e-02	9.035124e-05
1.293000e-02	9.035124e-05
1.294000e-02	9.035124e-05
1.295000e-02	9.035124e-05
1.296000e-02	9.035124e-05
1.297000e-02	9.035124e-05
1.298000e-02	9.035124e-05
1.299000e-02	9.035124e-05
1.300000e-02	9.035124e-05
1.301000e-02	9.035124e-05
1.302000e-02	9.035124e-05
1.303000e-02	9.035124e-05
1.304000e-02	9.035124e-05
1.305000e-02	9.035124e-05
1.306000e-02	9.035124e-05
1.307000e-02	9.035124e-05
1.308000e-02	9.035124e-05
1.309000e-02	9.035124e-05
1.310000e-02	9.035124e-05
1.311000e-02	9.035124e-05
1.312000e-02	9.035124e-05
1.313000e-02	9.035124e-05
1.314000e-02	9.035124e-05
1.315000e-02	9.035124e-05
1.316000e-02	9.035124e-05
1.317000e-02	9.035124e-05
1.318000e-02	9.035124e-05
1.319000e-02	9.035124e-05
1.320000e-02	9.035124e-05
1.321000e-02	9.035124e-05
1.322000e-02	9.035124e-05
1.323000e-02	9.035124e-05
1.324000e-02	9.035124e-05
1.325000e-02	9.035124e-05
1.326000e-02	9.035124e-05
1.327000e-02	9.035124e-05
1.328000e-02	9.035124e-05
1.329000e-02	9.035124e-05
1.330000e-02	9.035124e-05
1.331000e-02	9.035124e-05
1.332000e-02	9.035124e-05
1.333000e-02	9.035124e-05
1.334000e-02	9.035124e-05
1.335000e-02	9.035124e-05
1.336000e-02	9.035124e-05
1.337000e-02	9.035124e-05
1.338000e-02	9.035124e-05
1.339000e-02	9.035124e-05
1.340000e-02	9.035124e-05
1.341000e-02	9.035124e-05
1.342000e-02	9.035124e-05
1.343000e-02	9.035124e-05
1.344000e-02	9.035124e-05
1.345000e-02	9.035124e-05
1.346000e-02	9.035124e-05
1.347000e-02	9.035124e-05
1.348000e-02	9.035124e-05
1.349000e-02	9.035124e-05
1.350000e-02	9.035124e-05
1.351000e-02	9.035124e-05
1.352000e-02	9.035124e-05
1.353000e-02	9.035124e-05
1.354000e-02	9.035124e-05
1.355000e-02	9.035124e-05
1.356000e-02	9.035124e-05
1.357000e-02	9.035124e-05
1.358000e-02	9.035124e-05
1.359000e-02	9.035124e-05
1.360000e-02	9.035124e-05
1.361000e-02	9.035124e-05
1.362000e-02	9.035124e-05
1.363000e-02	9.035124e-05
1.364000e-02	9.035124e-05
1.365000e-02	9.035124e-05
1.366000e-02	9.035124e-05
1.367000e-02	9.035124e-05
1.368000e-02	9.035124e-05
1.369000e-02	9.035124e-05
1.370000e-02	9.035124e-05
1.371000e-02	9.035124e-05
1.372000e-02	9.035124e-05
1.373000e-02	9.035124e-05
1.374000e-02	9.035124e-05
1.375000e-02	9.035124e-05
1.376000e-02	9.035124e-05
1.377000e-02	9.035124e-05
1.378000e-02	9.035124e-05
1.379000e-02	9.035124e-05
1.380000e-02	9.035124e-05
1.381000e-02	9.035124e-05
1.382000e-02	9.035124e-05
1.383000e-02	9.035124e-05
1.384000e-02	9.035124e-05
1.385000e-02	9.035124e-05
1.386000e-02	9.035124e-05
1.387000e-02	9.035124e-05
1.388000e-02	9.035124e-05
1.389000e-02	9.035124e-05
1.390000e-02	9.035124e-05
1.391000e-02	9.035124e-05
1.392000e-02	9.035124e-05
1.393000e-02	9.035124e-05
1.394000e-02	9.035124e-05
1.395000e-02	9.035124e-05
1.396000e-02	9.035124e-05
1.397000e-02	9.035124e-05
1.398000e-02	9.035124e-05
1.399000e-02	9.035124e-05
1.400000e-02	9.035124e-05
1.401000e-02	9.035124e-05
1.402000e-02	9.035124e-05
1.403000e-02	9.035124e-05
1.404000e-02	9.035124e-05
1.405000e-02	9.035124e-05
1.406000e-02	9.035124e-05
1.407000e-02	9.035124e-05
1.408000e-02	9.035124e-05
1.409000e-02	9.035124e-05
1.410000e-02	9.035124e-05
1.411000e-02	9.035124e-05
1.412000e-02	9.035124e-05
1.413000e-02	9.035124e-05
1.414000e-02	9.035124e-05
1.415000e-02	9.035124e-05
1.416000e-02	9.035124e-05
1.417000e-02	9.035124e-05
1.418000e-02	9.035124e-05
1.419000e-02	9.035124e-05
1.420000e-02	9.035124e-05
1.421000e-02	9.035124e-05
1.422000e-02	9.035124e-05
1.423000e-02	9.035124e-05
1.424000e-02	9.035124e-05
1.425000e-02	9.035124e-05
1.426000e-02	9.035124e-05
1.427000e-02	9.035124e-05
1.428000e-02	9.035124e-05
1.429000e-02	9.035124e-05
1.430000e-02	9.035124e-05
1.431000e-02	9.035124e-05
1.432000e-02	9.035124e-05
1.433000e-02	9.035124e-05
1.434000e-02	9.035124e-05
1.435000e-02	9.035124e-05
1.436000e-02	9.035124e-05
1.437000e-02	9.035124e-05
1.438000e-02	9.035124e-05
1.439000e-02	9.035124e-05
1.440000e-02	9.035124e-05
1.441000e-02	9.035124e-05
1.442000e-02	9.035124e-05
1.443000e-02	9.035124e-05
1.444000e-02	9.035124e-05
1.445000e-02	9.035124e-05
1.446000e-02	9.035124e-05
1.447000e-02	9.035124e-05
1.448000e-02	9.035124e-05
1.449000e-02	9.035124e-05
1.450000e-02	9.035124e-05
1.451000e-02	9.035124e-05
1.452000e-02	9.035124e-05
1.453000e-02	9.035124e-05
1.454000e-02	9.035124e-05
1.455000e-02	9.035124e-05
1.456000e-02	9.035124e-05
1.457000e-02	9.035124e-05
1.458000e-02	9.035124e-05
1.459000e-02	9.035124e-05
1.460000e-02	9.035124e-05
1.461000e-02	9.035124e-05
1.462000e-02	9.035124e-05
1.463000e-02	9.035124e-05
1.464000e-02	9.035124e-05
1.465000e-02	9.035124e-05
1.466000e-02	9.035124e-05
1.467000e-02	9.035124e-05
1.468000e-02	9.035124e-05
1.469000e-02	9.035124e-05
1.470000e-02	9.035124e-05
1.471000e-02	9.035124e-05
1.472000e-02	9.035124e-05
1.473000e-02	9.035124e-05
1.474000e-02	9.035124e-05
1.475000e-02	9.035124e-05
1.476000e-02	9.035124e-05
1.477000e-02	9.035124e-05
1.478000e-02	9.035124e-05
1.479000e-02	9.035124e-05
1.480000e-02	9.035124e-05
1.481000e-02	9.035124e-05
1.482000e-02	9.035124e-05
1.483000e-02	9.035124e-05
1.484000e-02	9.035124e-05
1.485000e-02	9.035124e-05
1.486000e-02	9.035124e-05
1.487000e-02	9.035124e-05
1.488000e-02	9.035124e-05
1.489000e-02	9.035124e-05
1.490000e-02	9.035124e-05
1.491000e-02	9.035124e-05
1.492000e-02	9.035124e-05
1.493000e-02	9.035124e-05
1.494000e-02	9.035124e-05
1.495000e-02	9.035124e-05
1.496000e-02	9.035124e-05
1.497000e-02	9.035124e-05
1.498000e-02	9.035124e-05
1.499000e-02	9.035124e-05
1.500000e-02	9.035124e-05
1.501000e-02	9.035124e-05
1.502000e-02	9.035124e-05
1.503000e-02	9.035124e-05
1.504000e-02	9.035124e-05
1.505000e-02	9.035124e-05
1.506000e-02	9.035124e-05
1.507000e-02	9.035124e-05
1.508000e-02	9.035124e-05
1.509000e-02	9.035124e-05
1.510000e-02	9.035124e-05
1.511000e-02	9.035124e-05
1.512000e-02	9.035124e-05
1.513000e-02	9.035124e-05
1.514000e-02	9.035124e-05
1.515000e-02	9.035124e-05
1.516000e-02	9.035124e-05
1.517000e-02	9.035124e-05
1.518000e-02	9.035124e-05
1.519000e-02	9.035124e-05
1.520000e-02	9.035124e-05
1.521000e-02	9.035124e-05
1.522000e-02	9.035124e-05
1.523000e-02	9.035124e-05
1.524000e-02	9.035124e-05
1.525000e-02	9.035124e-05
1.526000e-02	9.035124e-05
1.527000e-02	9.035124e-05
1.528000e-02	9.035124e-05
1.529000e-02	9.035124e-05
1.530000e-02	9.035124e-05
1.531000e-02	9.035124e-05
1.532000e-02	9.035124e-05
1.533000e-02	9.035124e-05
1.534000e-02	9.035124e-05
1.535000e-02	9.035124e-05
1.536000e-02	9.035124e-05
1.537000e-02	9.035124e-05
1.538000e-02	9.035124e-05
1.539000e-02	9.035124e-05
1.540000e-02	9.035124e-05
1.541000e-02	9.035124e-05
1.542000e-02	9.035124e-05
1.543000e-02	9.035124e-05
1.544000e-02	9.035124e-05
1.545000e-02	9.035124e-05
1.546000e-02	9.035124e-05
1.547000e-02	9.035124e-05
1.548000e-02	9.035124e-05
1.549000e-02	9.035124e-05
1.550000e-02	9.035124e-05
1.551000e-02	9.035124e-05
1.552000e-02	9.035124e-05
1.553000e-02	9.035124e-05
1.554000e-02	9.035124e-05
1.555000e-02	9.035124e-05
1.556000e-02	9.035124e-05
1.557000e-02	9.035124e-05
1.558000e-02	9.035124e-05
1.559000e-02	9.035124e-05
1.560000e-02	9.035124e-05
1.561000e-02	9.035124e-05
1.562000e-02	9.035124e-05
1.563000e-02	9.035124e-05
1.564000e-02	9.035124e-05
1.565000e-02	9.035124e-05
1.566000e-02	9.035124e-05
1.567000e-02	9.035124e-05
1.568000e-02	9.035124e-05
1.569000e-02	9.035124e-05
1.570000e-02	9.035124e-05
1.571000e-02	9.035124e-05
1.572000e-02	9.035124e-05
1.573000e-02	9.035124e-05
1.574000e-02	9.035124e-05
1.575000e-02	9.035124e-05
1.576000e-02	9.035124e-05
1.577000e-02	9.035124e-05
1.578000e-02	9.035124e-05
1.579000e-02	9.035124e-05
1.580000e-02	9.035124e-05
1.581000e-02	9.035124e-05
1.582000e-02	9.035124e-05
1.583000e-02	9.035124e-05
1.584000e-02	9.035124e-05
1.585000e-02	9.035124e-05
1.586000e-02	9.035124e-05
1.587000e-02	9.035124e-05
1.588000e-02	9.035124e-05
1.589000e-02	9.035124e-05
1.590000e-02	9.035124e-05
1.591000e-02	9.035124e-05
1.592000e-02	9.035124e-05
1.593000e-02	9.035124e-05
1.594000e-02	9.035124e-05
1.595000e-02	9.035124e-05
1.596000e-02	9.035124e-05
1.597000e-02	9.035124e-05
1.598000e-02	9.035124e-05
1.599000e-02	9.035124e-05
1.600000e-02	9.035124e-05
1.601000e-02	9.035124e-05
1.602000e-02	9.035124e-05
1.603000e-02	9.035124e-05
1.604000e-02	9.035124e-05
1.605000e-02	9.035124e-05
1.606000e-02	9.035124e-05
1.607000e-02	9.035124e-05
1.608000e-02	9.035124e-05
1.609000e-02	9.035124e-05
1.610000e-02	9.035124e-05
1.611000e-02	9.035124e-05
1.612000e-02	9.035124e-05
1.613000e-02	9.035124e-05
1.614000e-02	9.035124e-05
1.615000e-02	9.035124e-05
1.616000e-02	9.035124e-05
1.617000e-02	9.035124e-05
1.618000e-02	9.035124e-05
1.619000e-02	9.035124e-05
1.620000e-02	9.035124e-05
1.621000e-02	9.035124e-05
1.622000e-02	9.035124e-05
1.623000e-02	9.035124e-05
1.624000e-02	9.035124e-05
1.625000e-02	9.035124e-05
1.626000e-02	9.035124e-05
1.627000e-02	9.035124e-05
1.628000e-02	9.035124e-05
1.629000e-02	9.035124e-05
1.630000e-02	9.035124e-05
1.631000e-02	9.035124e-05
1.632000e-02	9.035124e-05
1.633000e-02	9.035124e-05
1.634000e-02	9.035124e-05
1.635000e-02	9.035124e-05
1.636000e-02	9.035124e-05
1.637000e-02	9.035124e-05
1.638000e-02	9.035124e-05
1.639000e-02	9.035124e-05
1.640000e-02	9.035124e-05
1.641000e-02	9.035124e-05
1.642000e-02	9.035124e-05
1.643000e-02	9.035124e-05
1.644000e-02	9.035124e-05
1.645000e-02	9.035124e-05
1.646000e-02	9.035124e-05
1.647000e-02	9.035124e-05
1.648000e-02	9.035124e-05
1.649000e-02	9.035124e-05
1.650000e-02	9.035124e-05
1.651000e-02	9.035124e-05
1.652000e-02	9.035124e-05
1.653000e-02	9.035124e-05
1.654000e-02	9.035124e-05
1.655000e-02	9.035124e-05
1.656000e-02	9.035124e-05
1.657000e-02	9.035124e-05
1.658000e-02	9.035124e-05
1.659000e-02	9.035124e-05
1.660000e-02	9.035124e-05
1.661000e-02	9.035124e-05
1.662000e-02	9.035124e-05
1.663000e-02	9.035124e-05
1.664000e-02	9.035124e-05
1.665000e-02	9.035124e-05
1.666000e-02	9.035124e-05
1.667000e-02	9.035124e-05
1.668000e-02	9.035124e-05
1.669000e-02	9.035124e-05
1.670000e-02	9.035124e-05
1.671000e-02	9.035124e-05
1.672000e-02	9.035124e-05
1.673000e-02	9.035124e-05
1.674000e-02	9.035124e-05
1.675000e-02	9.035124e-05
1.676000e-02	9.035124e-05
1.677000e-02	9.035124e-05
1.678000e-02	9.035124e-05
1.679000e-02	9.035124e-05
1.680000e-02	9.035124e-05
1.681000e-02	9.035124e-05
1.682000e-02	9.035124e-05
1.683000e-02	9.035124e-05
1.684000e-02	9.035124e-05
1.685000e-02	9.035124e-05
1.686000e-02	9.035124e-05
1.687000e-02	9.035124e-05
1.688000e-02	9.035124e-05
1.689000e-02	9.035124e-05
1.690000e-02	9.035124e-05
1.691000e-02	9.035124e-05
1.692000e-02	9.035124e-05
1.693000e-02	9.035124e-05
1.694000e-02	9.035124e-05
1.695000e-02	9.035124e-05
1.696000e-02	9.035124e-05
1.697000e-02	9.035124e-05
1.698000e-02	9.035124e-05
1.699000e-02	9.035124e-05
1.700000e-02	9.035124e-05
1.701000e-02	9.035124e-05
1.702000e-02	9.035124e-05
1.703000e-02	9.035124e-05
1.704000e-02	9.035124e-05
1.705000e-02	9.035124e-05
1.706000e-02	9.035124e-05
1.707000e-02	9.035124e-05
1.708000e-02	9.035124e-05
1.709000e-02	9.035124e-05
1.710000e-02	9.035124e-05
1.711000e-02	9.035124e-05
1.712000e-02	9.035124e-05
1.713000e-02	9.035124e-05
1.714000e-02	9.035124e-05
1.715000e-02	9.035124e-05
1.716000e-02	9.035124e-05
1.717000e-02	9.035124e-05
1.718000e-02	9.035124e-05
1.719000e-02	9.035124e-05
1.720000e-02	9.035124e-05
1.721000e-02	9.035124e-05
1.722000e-02	9.035124e-05
1.723000e-02	9.035124e-05
1.724000e-02	9.035124e-05
1.725000e-02	9.035124e-05
1.726000e-02	9.035124e-05
1.727000e-02	9.035124e-05
1.728000e-02	9.035124e-05
1.729000e-02	9.035124e-05
1.730000e-02	9.035124e-05
1.731000e-02	9.035124e-05
1.732000e-02	9.035124e-05
1.733000e-02	9.035124e-05
1.734000e-02	9.035124e-05
1.735000e-02	9.035124e-05
1.736000e-02	9.035124e-05
1.737000e-02	9.035124e-05
1.738000e-02	9.035124e-05
1.739000e-02	9.035124e-05
1.740000e-02	9.035124e-05
1.741000e-02	9.035124e-05
1.742000e-02	9.035124e-05
1.743000e-02	9.035124e-05
1.744000e-02	9.035124e-05
1.745000e-02	9.035124e-05
1.746000e-02	9.035124e-05
1.747000e-02	9.035124e-05
1.748000e-02	9.035124e-05
1.749000e-02	9.035124e-05
1.750000e-02	9.035124e-05
1.751000e-02	9.035124e-05
1.752000e-02	9.035124e-05
1.753000e-02	9.035124e-05
1.754000e-02	9.035124e-05
1.755000e-02	9.035124e-05
1.756000e-02	9.035124e-05
1.757000e-02	9.035124e-05
1.758000e-02	9.035124e-05
1.759000e-02	9.035124e-05
1.760000e-02	9.035124e-05
1.761000e-02	9.035124e-05
1.762000e-02	9.035124e-05
1.763000e-02	9.035124e-05
1.764000e-02	9.035124e-05
1.765000e-02	9.035124e-05
1.766000e-02	9.035124e-05
1.767000e-02	9.035124e-05
1.768000e-02	9.035124e-05
1.769000e-02	9.035124e-05
1.770000e-02	9.035124e-05
1.771000e-02	9.035124e-05
1.772000e-02	9.035124e-05
1.773000e-02	9.035124e-05
1.774000e-02	9.035124e-05
1.775000e-02	9.035124e-05
1.776000e-02	9.035124e-05
1.777000e-02	9.035124e-05
1.778000e-02	9.035124e-05
1.779000e-02	9.035124e-05
1.780000e-02	9.035124e-05
1.781000e-02	9.035124e-05
1.782000e-02	9.035124e-05
1.783000e-02	9.035124e-05
1.784000e-02	9.035124e-05
1.785000e-02	9.035124e-05
1.786000e-02	9.035124e-05
1.787000e-02	9.035124e-05
1.788000e-02	9.035124e-05
1.789000e-02	9.035124e-05
1.790000e-02	9.035124e-05
1.791000e-02	9.035124e-05
1.792000e-02	9.035124e-05
1.793000e-02	9.035124e-05
1.794000e-02	9.035124e-05
1.795000e-02	9.035124e-05
1.796000e-02	9.035124e-05
1.797000e-02	9.035124e-05
1.798000e-02	9.035124e-05
1.799000e-02	9.035124e-05
1.800000e-02	9.035124e-05
1.801000e-02	9.035124e-05
1.802000e-02	9.035124e-05
1.803000e-02	9.035124e-05
1.804000e-02	9.035124e-05
1.805000e-02	9.035124e-05
1.806000e-02	9.035124e-05
1.807000e-02	9.035124e-05
1.808000e-02	9.035124e-05
1.809000e-02	9.035124e-05
1.810000e-02	9.035124e-05
1.811000e-02	9.035124e-05
1.812000e-02	9.035124e-05
1.813000e-02	9.035124e-05
1.814000e-02	9.035124e-05
1.815000e-02	9.035124e-05
1.816000e-02	9.035124e-05
1.817000e-02	9.035124e-05
1.818000e-02	9.035124e-05
1.819000e-02	9.035124e-05
1.820000e-02	9.035124e-05
1.821000e-02	9.035124e-05
1.822000e-02	9.035124e-05
1.823000e-02	9.035124e-05
1.824000e-02	9.035124e-05
1.825000e-02	9.035124e-05
1.826000e-02	9.035124e-05
1.827000e-02	9.035124e-05
1.828000e-02	9.035124e-05
1.829000e-02	9.035124e-05
1.830000e-02	9.035124e-05
1.831000e-02	9.035124e-05
1.832000e-02	9.035124e-05
1.833000e-02	9.035124e-05
1.834000e-02	9.035124e-05
1.835000e-02	9.035124e-05
1.836000e-02	9.035124e-05
1.837000e-02	9.035124e-05
1.838000e-02	9.035124e-05
1.839000e-02	9.035124e-05
1.840000e-02	9.035124e-05
1.841000e-02	9.035124e-05
1.842000e-02	9.035124e-05
1.843000e-02	9.035124e-05
1.844000e-02	9.035124e-05
1.845000e-02	9.035124e-05
1.846000e-02	9.035124e-05
1.847000e-02	9.035124e-05
1.848000e-02	9.035124e-05
1.849000e-02	9.035124e-05
1.850000e-02	9.035124e-05
1.851000e-02	9.035124e-05
1.852000e-02	9.035124e-05
1.853000e-02	9.035124e-05
1.854000e-02	9.035124e-05
1.855000e-02	9.035124e-05
1.856000e-02	9.035124e-05
1.857000e-02	9.035124e-05
1.858000e-02	9.035124e-05
1.859000e-02	9.035124e-05
1.860000e-02	9.035124e-05
1.861000e-02	9.035124e-05
1.862000e-02	9.035124e-05
1.863000e-02	9.035124e-05
1.864000e-02	9.035124e-05
1.865000e-02	9.035124e-05
1.866000e-02	9.035124e-05
1.867000e-02	9.035124e-05
1.868000e-02	9.035124e-05
1.869000e-02	9.035124e-05
1.870000e-02	9.035124e-05
1.871000e-02	9.035124e-05
1.872000e-02	9.035124e-05
1.873000e-02	9.035124e-05
1.874000e-02	9.035124e-05
1.875000e-02	9.035124e-05
1.876000e-02	9.035124e-05
1.877000e-02	9.035124e-05
1.878000e-02	9.035124e-05
1.879000e-02	9.035124e-05
1.880000e-02	9.035124e-05
1.881000e-02	9.035124e-05
1.882000e-02	9.035124e-05
1.883000e-02	9.035124e-05
1.884000e-02	9.035124e-05
1.885000e-02	9.035124e-05
1.886000e-02	9.035124e-05
1.887000e-02	9.035124e-05
1.888000e-02	9.035124e-05
1.889000e-02	9.035124e-05
1.890000e-02	9.035124e-05
1.891000e-02	9.035124e-05
1.892000e-02	9.035124e-05
1.893000e-02	9.035124e-05
1.894000e-02	9.035124e-05
1.895000e-02	9.035124e-05
1.896000e-02	9.035124e-05
1.897000e-02	9.035124e-05
1.898000e-02	9.035124e-05
1.899000e-02	9.035124e-05
1.900000e-02	9.035124e-05
1.901000e-02	9.035124e-05
1.902000e-02	9.035124e-05
1.903000e-02	9.035124e-05
1.904000e-02	9.035124e-05
1.905000e-02	9.035124e-05
1.906000e-02	9.035124e-05
1.907000e-02	9.035124e-05
1.908000e-02	9.035124e-05
1.909000e-02	9.035124e-05
1.910000e-02	9.035124e-05
1.911000e-02	9.035124e-05
1.912000e-02	9.035124e-05
1.913000e-02	9.035124e-05
1.914000e-02	9.035124e-05
1.915000e-02	9.035124e-05
1.916000e-02	9.035124e-05
1.917000e-02	9.035124e-05
1.918000e-02	9.035124e-05
1.919000e-02	9.035124e-05
1.920000e-02	9.035124e-05
1.921000e-02	9.035124e-05
1.922000e-02	9.035124e-05
1.923000e-02	9.035124e-05
1.924000e-02	9.035124e-05
1.925000e-02	9.035124e-05
1.926000e-02	9.035124e-05
1.927000e-02	9.035124e-05
1.928000e-02	9.035124e-05
1.929000e-02	9.035124e-05
1.930000e-02	9.035124e-05
1.931000e-02	9.035124e-05
1.932000e-02	9.035124e-05
1.933000e-02	9.035124e-05
1.934000e-02	9.035124e-05
1.935000e-02	9.035124e-05
1.936000e-02	9.035124e-05
1.937000e-02	9.035124e-05
1.938000e-02	9.035124e-05
1.939000e-02	9.035124e-05
1.940000e-02	9.035124e-05
1.941000e-02	9.035124e-05
1.942000e-02	9.035124e-05
1.943000e-02	9.035124e-05
1.944000e-02	9.035124e-05
1.945000e-02	9.035124e-05
1.946000e-02	9.035124e-05
1.947000e-02	9.035124e-05
1.948000e-02	9.035124e-05
1.949000e-02	9.035124e-05
1.950000e-02	9.035124e-05
1.951000e-02	9.035124e-05
1.952000e-02	9.035124e-05
1.953000e-02	9.035124e-05
1.954000e-02	9.035124e-05
1.955000e-02	9.035124e-05
1.956000e-02	9.035124e-05
1.957000e-02	9.035124e-05
1.958000e-02	9.035124e-05
1.959000e-02	9.035124e-05
1.960000e-02	9.035124e-05
1.961000e-02	9.035124e-05
1.962000e-02	9.035124e-05
1.963000e-02	9.035124e-05
1.964000e-02	9.035124e-05
1.965000e-02	9.035124e-05
1.966000e-02	9.035124e-05
1.967000e-02	9.035124e-05
1.968000e-02	9.035124e-05
1.969000e-02	9.035124e-05
1.970000e-02	9.035124e-05
1.971000e-02	9.035124e-05
1.972000e-02	9.035124e-05
1.973000e-02	9.035124e-05
1.974000e-02	9.035124e-05
1.975000e-02	9.035124e-05
1.976000e-02	9.035124e-05
1.977000e-02	9.035124e-05
1.978000e-02	9.035124e-05
1.979000e-02	9.035124e-05
1.980000e-02	9.035124e-05
1.981000e-02	9.035124e-05
1.982000e-02	9.035124e-05
1.983000e-02	9.035124e-05
1.984000e-02	9.035124e-05
1.985000e-02	9.035124e-05
1.986000e-02	9.035124e-05
1.987000e-02	9.035124e-05
1.988000e-02	9.035124e-05
1.989000e-02	9.035124e-05
1.990000e-02	9.035124e-05
1.991000e-02	9.035124e-05
1.992000e-02	9.035124e-05
1.993000e-02	9.035124e-05
1.994000e-02	9.035124e-05
1.995000e-02	9.035124e-05
1.996000e-02	9.035124e-05
1.997000e-02	9.035124e-05
1.998000e-02	9.035124e-05
1.999000e-02	9.035124e-05
2.000000e-02	9.035124e-05
2.001000e-02	9.035124e-05
2.002000e-02	9.035124e-05
2.003000e-02	9.035124e-05
2.004000e-02	9.035124e-05
2.005000e-02	9.035124e-05
2.006000e-02	9.035124e-05
2.007000e-02	9.035124e-05
2.008000e-02	9.035124e-05
2.009000e-02	9.035124e-05
2.010000e-02	9.035124e-05
2.011000e-02	9.035124e-05
2.012000e-02	9.035124e-05
2.013000e-02	9.035124e-05
2.014000e-02	9.035124e-05
2.015000e-02	9.035124e-05
2.016000e-02	9.035124e-05
2.017000e-02	9.035124e-05
2.018000e-02	9.035124e-05
2.019000e-02	9.035124e-05
2.020000e-02	9.035124e-05
2.021000e-02	9.035124e-05
2.022000e-02	9.035124e-05
2.023000e-02	9.035124e-05
2.024000e-02	9.035124e-05
2.025000e-02	9.035124e-05
2.026000e-02	9.035124e-05
2.027000e-02	9.035124e-05
2.028000e-02	9.035124e-05
2.029000e-02	9.035124e-05
2.030000e-02	9.035124e-05
2.031000e-02	9.035124e-05
2.032000e-02	9.035124e-05
2.033000e-02	9.035124e-05
2.034000e-02	9.035124e-05
2.035000e-02	9.035124e-05
2.036000e-02	9.035124e-05
2.037000e-02	9.035124e-05
2.038000e-02	9.035124e-05
2.039000e-02	9.035124e-05
2.040000e-02	9.035124e-05
2.041000e-02	9.035124e-05
2.042000e-02	9.035124e-05
2.043000e-02	9.035124e-05
2.044000e-02	9.035124e-05
2.045000e-02	9.035124e-05
2.046000e-02	9.035124e-05
2.047000e-02	9.035124e-05
2.048000e-02	9.035124e-05
2.049000e-02	9.035124e-05
2.050000e-02	9.035124e-05
2.051000e-02	9.035124e-05
2.052000e-02	9.035124e-05
2.053000e-02	9.035124e-05
2.054000e-02	9.035124e-05
2.055000e-02	9.035124e-05
2.056000e-02	9.035124e-05
2.057000e-02	9.035124e-05
2.058000e-02	9.035124e-05
2.059000e-02	9.035124e-05
2.060000e-02	9.035124e-05
2.061000e-02	9.035124e-05
2.062000e-02	9.035124e-05
2.063000e-02	9.035124e-05
2.064000e-02	9.035124e-05
2.065000e-02	9.035124e-05
2.066000e-02	9.035124e-05
2.067000e-02	9.035124e-05
2.068000e-02	9.035124e-05
2.069000e-02	9.035124e-05
2.070000e-02	9.035124e-05
2.071000e-02	9.035124e-05
2.072000e-02	9.035124e-05
2.073000e-02	9.035124e-05
2.074000e-02	9.035124e-05
2.075000e-02	9.035124e-05
2.076000e-02	9.035124e-05
2.077000e-02	9.035124e-05
2.078000e-02	9.035124e-05
2.079000e-02	9.035124e-05
2.080000e-02	9.035124e-05
2.081000e-02	9.035124e-05
2.082000e-02	9.035124e-05
2.083000e-02	9.035124e-05
2.084000e-02	9.035124e-05
2.085000e-02	9.035124e-05
2.086000e-02	9.035124e-05
2.087000e-02	9.035124e-05
2.088000e-02	9.035124e-05
2.089000e-02	9.035124e-05
2.090000e-02	9.035124e-05
2.091000e-02	9.035124e-05
2.092000e-02	9.035124e-05
2.093000e-02	9.035124e-05
2.094000e-02	9.035124e-05
2.095000e-02	9.035124e-05
2.096000e-02	9.035124e-05
2.097000e-02	9.035124e-05
2.098000e-02	9.035124e-05
2.099000e-02	9.035124e-05
2.100000e-02	9.035124e-05
2.101000e-02	9.035124e-05
2.102000e-02	9.035124e-05
2.103000e-02	9.035124e-05
2.104000e-02	9.035124e-05
2.105000e-02	9.035124e-05
2.106000e-02	9.035124e-05
2.107000e-02	9.035124e-05
2.108000e-02	9.035124e-05
2.109000e-02	9.035124e-05
2.110000e-02	9.035124e-05
2.111000e-02	9.035124e-05
2.112000e-02	9.035124e-05
2.113000e-02	9.035124e-05
2.114000e-02	9.035124e-05
2.115000e-02	9.035124e-05
2.116000e-02	9.035124e-05
2.117000e-02	9.035124e-05
2.118000e-02	9.035124e-05
2.119000e-02	9.035124e-05
2.120000e-02	9.035124e-05
2.121000e-02	9.035124e-05
2.122000e-02	9.035124e-05
2.123000e-02	9.035124e-05
2.124000e-02	9.035124e-05
2.125000e-02	9.035124e-05
2.126000e-02	9.035124e-05
2.127000e-02	9.035124e-05
2.128000e-02	9.035124e-05
2.129000e-02	9.035124e-05
2.130000e-02	9.035124e-05
2.131000e-02	9.035124e-05
2.132000e-02	9.035124e-05
2.133000e-02	9.035124e-05
2.134000e-02	9.035124e-05
2.135000e-02	9.035124e-05
2.136000e-02	9.035124e-05
2.137000e-02	9.035124e-05
2.138000e-02	9.035124e-05
2.139000e-02	9.035124e-05
2.140000e-02	9.035124e-05
2.141000e-02	9.035124e-05
2.142000e-02	9.035124e-05
2.143000e-02	9.035124e-05
2.144000e-02	9.035124e-05
2.145000e-02	9.035124e-05
2.146000e-02	9.035124e-05
2.147000e-02	9.035124e-05
2.148000e-02	9.035124e-05
2.149000e-02	9.035124e-05
2.150000e-02	9.035124e-05
2.151000e-02	9.035124e-05
2.152000e-02	9.035124e-05
2.153000e-02	9.035124e-05
2.154000e-02	9.035124e-05
2.155000e-02	9.035124e-05
2.156000e-02	9.035124e-05
2.157000e-02	9.035124e-05
2.158000e-02	9.035124e-05
2.159000e-02	9.035124e-05
2.160000e-02	9.035124e-05
2.161000e-02	9.035124e-05
2.162000e-02	9.035124e-05
2.163000e-02	9.035124e-05
2.164000e-02	9.035124e-05
2.165000e-02	9.035124e-05
2.166000e-02	9.035124e-05
2.167000e-02	9.035124e-05
2.168000e-02	9.035124e-05
2.169000e-02	9.035124e-05
2.170000e-02	9.035124e-05
2.171000e-02	9.035124e-05
2.172000e-02	9.035124e-05
2.173000e-02	9.035124e-05
2.174000e-02	9.035124e-05
2.175000e-02	9.035124e-05
2.176000e-02	9.035124e-05
2.177000e-02	9.035124e-05
2.178000e-02	9.035124e-05
2.179000e-02	9.035124e-05
2.180000e-02	9.035124e-05
2.181000e-02	9.035124e-05
2.182000e-02	9.035124e-05
2.183000e-02	9.035124e-05
2.184000e-02	9.035124e-05
2.185000e-02	9.035124e-05
2.186000e-02	9.035124e-05
2.187000e-02	9.035124e-05
2.188000e-02	9.035124e-05
2.189000e-02	9.035124e-05
2.190000e-02	9.035124e-05
2.191000e-02	9.035124e-05
2.192000e-02	9.035124e-05
2.193000e-02	9.035124e-05
2.194000e-02	9.035124e-05
2.195000e-02	9.035124e-05
2.196000e-02	9.035124e-05
2.197000e-02	9.035124e-05
2.198000e-02	9.035124e-05
2.199000e-02	9.035124e-05
2.200000e-02	9.035124e-05
2.201000e-02	9.035124e-05
2.202000e-02	9.035124e-05
2.203000e-02	9.035124e-05
2.204000e-02	9.035124e-05
2.205000e-02	9.035124e-05
2.206000e-02	9.035124e-05
2.207000e-02	9.035124e-05
2.208000e-02	9.035124e-05
2.209000e-02	9.035124e-05
2.210000e-02	9.035124e-05
2.211000e-02	9.035124e-05
2.212000e-02	9.035124e-05
2.213000e-02	9.035124e-05
2.214000e-02	9.035124e-05
2.215000e-02	9.035124e-05
2.216000e-02	9.035124e-05
2.217000e-02	9.035124e-05
2.218000e-02	9.035124e-05
2.219000e-02	9.035124e-05
2.220000e-02	9.035124e-05
2.221000e-02	9.035124e-05
2.222000e-02	9.035124e-05
2.223000e-02	9.035124e-05
2.224000e-02	9.035124e-05
2.225000e-02	9.035124e-05
2.226000e-02	9.035124e-05
2.227000e-02	9.035124e-05
2.228000e-02	9.035124e-05
2.229000e-02	9.035124e-05
2.230000e-02	9.035124e-05
2.231000e-02	9.035124e-05
2.232000e-02	9.035124e-05
2.233000e-02	9.035124e-05
2.234000e-02	9.035124e-05
2.235000e-02	9.035124e-05
2.236000e-02	9.035124e-05
2.237000e-02	9.035124e-05
2.238000e-02	9.035124e-05
2.239000e-02	9.035124e-05
2.240000e-02	9.035124e-05
2.241000e-02	9.035124e-05
2.242000e-02	9.035124e-05
2.243000e-02	9.035124e-05
2.244000e-02	9.035124e-05
2.245000e-02	9.035124e-05
2.246000e-02	9.035124e-05
2.247000e-02	9.035124e-05
2.248000e-02	9.035124e-05
2.249000e-02	9.035124e-05
2.250000e-02	9.035124e-05
2.251000e-02	9.035124e-05
2.252000e-02	9.035124e-05
2.253000e-02	9.035124e-05
2.254000e-02	9.035124e-05
2.255000e-02	9.035124e-05
2.256000e-02	9.035124e-05
2.257000e-02	9.035124e-05
2.258000e-02	9.035124e-05
2.259000e-02	9.035124e-05
2.260000e-02	9.035124e-05
2.261000e-02	9.035124e-05
2.262000e-02	9.035124e-05
2.263000e-02	9.035124e-05
2.264000e-02	9.035124e-05
2.265000e-02	9.035124e-05
2.266000e-02	9.035124e-05
2.267000e-02	9.035124e-05
2.268000e-02	9.035124e-05
2.269000e-02	9.035124e-05
2.270000e-02	9.035124e-05
2.271000e-02	9.035124e-05
2.272000e-02	9.035124e-05
2.273000e-02	9.035124e-05
2.274000e-02	9.035124e-05
2.275000e-02	9.035124e-05
2.276000e-02	9.035124e-05
2.277000e-02	9.035124e-05
2.278000e-02	9.035124e-05
2.279000e-02	9.035124e-05
2.280000e-02	9.035124e-05
2.281000e-02	9.035124e-05
2.282000e-02	9.035124e-05
2.283000e-02	9.035124e-05
2.284000e-02	9.035124e-05
2.285000e-02	9.035124e-05
2.286000e-02	9.035124e-05
2.287000e-02	9.035124e-05
2.288000e-02	9.035124e-05
2.289000e-02	9.035124e-05
2.290000e-02	9.035124e-05
2.291000e-02	9.035124e-05
2.292000e-02	9.035124e-05
2.293000e-02	9.035124e-05
2.294000e-02	9.035124e-05
2.295000e-02	9.035124e-05
2.296000e-02	9.035124e-05
2.297000e-02	9.035124e-05
2.298000e-02	9.035124e-05
2.299000e-02	9.035124e-05
2.300000e-02	9.035124e-05
2.301000e-02	9.035124e-05
2.302000e-02	9.035124e-05
2.303000e-02	9.035124e-05
2.304000e-02	9.035124e-05
2.305000e-02	9.035124e-05
2.306000e-02	9.035124e-05
2.307000e-02	9.035124e-05
2.308000e-02	9.035124e-05
2.309000e-02	9.035124e-05
2.310000e-02	9.035124e-05
2.311000e-02	9.035124e-05
2.312000e-02	9.035124e-05
2.313000e-02	9.035124e-05
2.314000e-02	9.035124e-05
2.315000e-02	9.035124e-05
2.316000e-02	9.035124e-05
2.317000e-02	9.035124e-05
2.318000e-02	9.035124e-05
2.319000e-02	9.035124e-05
2.320000e-02	9.035124e-05
2.321000e-02	9.035124e-05
2.322000e-02	9.035124e-05
2.323000e-02	9.035124e-05
2.324000e-02	9.035124e-05
2.325000e-02	9.035124e-05
2.326000e-02	9.035124e-05
2.327000e-02	9.035124e-05
2.328000e-02	9.035124e-05
2.329000e-02	9.035124e-05
2.330000e-02	9.035124e-05
2.331000e-02	9.035124e-05
2.332000e-02	9.035124e-05
2.333000e-02	9.035124e-05
2.334000e-02	9.035124e-05
2.335000e-02	9.035124e-05
2.336000e-02	9.035124e-05
2.337000e-02	9.035124e-05
2.338000e-02	9.035124e-05
2.339000e-02	9.035124e-05
2.340000e-02	9.035124e-05
2.341000e-02	9.035124e-05
2.342000e-02	9.035124e-05
2.343000e-02	9.035124e-05
2.344000e-02	9.035124e-05
2.345000e-02	9.035124e-05
2.346000e-02	9.035124e-05
2.347000e-02	9.035124e-05
2.348000e-02	9.035124e-05
2.349000e-02	9.035124e-05
2.350000e-02	9.035124e-05
2.351000e-02	9.035124e-05
2.352000e-02	9.035124e-05
2.353000e-02	9.035124e-05
2.354000e-02	9.035124e-05
2.355000e-02	9.035124e-05
2.356000e-02	9.035124e-05
2.357000e-02	9.035124e-05
2.358000e-02	9.035124e-05
2.359000e-02	9.035124e-05
2.360000e-02	9.035124e-05
2.361000e-02	9.035124e-05
2.362000e-02	9.035124e-05
2.363000e-02	9.035124e-05
2.364000e-02	9.035124e-05
2.365000e-02	9.035124e-05
2.366000e-02	9.035124e-05
2.367000e-02	9.035124e-05
2.368000e-02	9.035124e-05
2.369000e-02	9.035124e-05
2.370000e-02	9.035124e-05
2.371000e-02	9.035124e-05
2.372000e-02	9.035124e-05
2.373000e-02	9.035124e-05
2.374000e-02	9.035124e-05
2.375000e-02	9.035124e-05
2.376000e-02	9.035124e-05
2.377000e-02	9.035124e-05
2.378000e-02	9.035124e-05
2.379000e-02	9.035124e-05
2.380000e-02	9.035124e-05
2.381000e-02	9.035124e-05
2.382000e-02	9.035124e-05
2.383000e-02	9.035124e-05
2.384000e-02	9.035124e-05
2.385000e-02	9.035124e-05
2.386000e-02	9.035124e-05
2.387000e-02	9.035124e-05
2.388000e-02	9.035124e-05
2.389000e-02	9.035124e-05
2.390000e-02	9.035124e-05
2.391000e-02	9.035124e-05
2.392000e-02	9.035124e-05
2.393000e-02	9.035124e-05
2.394000e-02	9.035124e-05
2.395000e-02	9.035124e-05
2.396000e-02	9.035124e-05
2.397000e-02	9.035124e-05
2.398000e-02	9.035124e-05
2.399000e-02	9.035124e-05
2.400000e-02	9.035124e-05
2.401000e-02	9.035124e-05
2.402000e-02	9.035124e-05
2.403000e-02	9.035124e-05
2.404000e-02	9.035124e-05
2.405000e-02	9.035124e-05
2.406000e-02	9.035124e-05
2.407000e-02	9.035124e-05
2.408000e-02	9.035124e-05
2.409000e-02	9.035124e-05
2.410000e-02	9.035124e-05
2.411000e-02	9.035124e-05
2.412000e-02	9.035124e-05
2.413000e-02	9.035124e-05
2.414000e-02	9.035124e-05
2.415000e-02	9.035124e-05
2.416000e-02	9.035124e-05
2.417000e-02	9.035124e-05
2.418000e-02	9.035124e-05
2.419000e-02	9.035124e-05
2.420000e-02	9.035124e-05
2.421000e-02	9.035124e-05
2.422000e-02	9.035124e-05
2.423000e-02	9.035124e-05
2.424000e-02	9.035124e-05
2.425000e-02	9.035124e-05
2.426000e-02	9.035124e-05
2.427000e-02	9.035124e-05
2.428000e-02	9.035124e-05
2.429000e-02	9.035124e-05
2.430000e-02	9.035124e-05
2.431000e-02	9.035124e-05
2.432000e-02	9.035124e-05
2.433000e-02	9.035124e-05
2.434000e-02	9.035124e-05
2.435000e-02	9.035124e-05
2.436000e-02	9.035124e-05
2.437000e-02	9.035124e-05
2.438000e-02	9.035124e-05
2.439000e-02	9.035124e-05
2.440000e-02	9.035124e-05
2.441000e-02	9.035124e-05
2.442000e-02	9.035124e-05
2.443000e-02	9.035124e-05
2.444000e-02	9.035124e-05
2.445000e-02	9.035124e-05
2.446000e-02	9.035124e-05
2.447000e-02	9.035124e-05
2.448000e-02	9.035124e-05
2.449000e-02	9.035124e-05
2.450000e-02	9.035124e-05
2.451000e-02	9.035124e-05
2.452000e-02	9.035124e-05
2.453000e-02	9.035124e-05
2.454000e-02	9.035124e-05
2.455000e-02	9.035124e-05
2.456000e-02	9.035124e-05
2.457000e-02	9.035124e-05
2.458000e-02	9.035124e-05
2.459000e-02	9.035124e-05
2.460000e-02	9.035124e-05
2.461000e-02	9.035124e-05
2.462000e-02	9.035124e-05
2.463000e-02	9.035124e-05
2.464000e-02	9.035124e-05
2.465000e-02	9.035124e-05
2.466000e-02	9.035124e-05
2.467000e-02	9.035124e-05
2.468000e-02	9.035124e-05
2.469000e-02	9.035124e-05
2.470000e-02	9.035124e-05
2.471000e-02	9.035124e-05
2.472000e-02	9.035124e-05
2.473000e-02	9.035124e-05
2.474000e-02	9.035124e-05
2.475000e-02	9.035124e-05
2.476000e-02	9.035124e-05
2.477000e-02	9.035124e-05
2.478000e-02	9.035124e-05
2.479000e-02	9.035124e-05
2.480000e-02	9.035124e-05
2.481000e-02	9.035124e-05
2.482000e-02	9.035124e-05
2.483000e-02	9.035124e-05
2.484000e-02	9.035124e-05
2.485000e-02	9.035124e-05
2.486000e-02	9.035124e-05
2.487000e-02	9.035124e-05
2.488000e-02	9.035124e-05
2.489000e-02	9.035124e-05
2.490000e-02	9.035124e-05
2.491000e-02	9.035124e-05
2.492000e-02	9.035124e-05
2.493000e-02	9.035124e-05
2.494000e-02	9.035124e-05
2.495000e-02	9.035124e-05
2.496000e-02	9.035124e-05
2.497000e-02	9.035124e-05
2.498000e-02	9.035124e-05
2.499000e-02	9.035124e-05
2.500000e-02	9.035124e-05
