;PC Software:StarLab Version 3.93 Build 2
! ******* Warning: Do not modify this file. Changes may prevent   ********
! ******* the StarLab Log reader from opening the file correctly. ********
;Logged:29/06/2026 at 17:35:47
;File Version:5
;Time Resolution:1 microseconds
;Log Settings:Stop after:period: 00:10:00
;Log Settings:Sample:of period: 00:00:01
;Graph Mode:Merge
;Graph Type:Line
;Notes:                                                            

;Channel A:Vega Thermopile 3A-P-V1 (s/n:619511)  VG2.54 (s/n:798746)

;Channel A:Details
;Name:3A-P-V1
;Graph Color:RGB(14,104,168)
;Units:W
;Settings:Measuring:Power
;Settings:Laser:>800
;Settings:Range:3.00mW

;Channel A:Statistics
;Min:2.300mW             
;Max:2.319mW             
;Average:2.309mW             
;Std.Dev.:2.395uW             
;Overrange:0                   
;--------------------


;First Pulse Arrived : 29/06/2026 at 17:35:47
  Timestamp   	  Channel A  	
         0.000	  2.310e-03 	
         1.056	  2.311e-03 	
         2.015	  2.312e-03 	
         3.007	  2.312e-03 	
         4.064	  2.310e-03 	
         5.056	  2.310e-03 	
         6.016	  2.310e-03 	
         7.008	  2.310e-03 	
         8.000	  2.311e-03 	
         9.056	  2.311e-03 	
        10.016	  2.310e-03 	
        11.008	  2.311e-03 	
        12.000	  2.311e-03 	
        13.056	  2.310e-03 	
        14.016	  2.310e-03 	
        15.008	  2.309e-03 	
        16.000	  2.310e-03 	
        17.056	  2.310e-03 	
        18.016	  2.310e-03 	
        19.008	  2.311e-03 	
        20.064	  2.310e-03 	
        21.056	  2.309e-03 	
        22.016	  2.310e-03 	
        23.008	  2.309e-03 	
        24.000	  2.309e-03 	
        25.056	  2.309e-03 	
        26.080	  2.310e-03 	
        27.008	  2.310e-03 	
        28.000	  2.310e-03 	
        29.056	  2.310e-03 	
        30.079	  2.309e-03 	
        31.007	  2.310e-03 	
        32.000	  2.310e-03 	
        33.056	  2.310e-03 	
        34.080	  2.310e-03 	
        35.008	  2.309e-03 	
        36.000	  2.309e-03 	
        37.056	  2.309e-03 	
        38.048	  2.309e-03 	
        39.007	  2.309e-03 	
        40.064	  2.309e-03 	
        41.056	  2.310e-03 	
        42.047	  2.310e-03 	
        43.008	  2.310e-03 	
        44.000	  2.310e-03 	
        45.056	  2.309e-03 	
        46.047	  2.310e-03 	
        47.009	  2.309e-03 	
        48.000	  2.310e-03 	
        49.056	  2.310e-03 	
        50.047	  2.310e-03 	
        51.008	  2.310e-03 	
        52.063	  2.310e-03 	
        53.056	  2.310e-03 	
        54.048	  2.310e-03 	
        55.008	  2.310e-03 	
        56.000	  2.309e-03 	
        57.056	  2.310e-03 	
        58.047	  2.309e-03 	
        59.008	  2.311e-03 	
        60.000	  2.311e-03 	
        61.056	  2.310e-03 	
        62.048	  2.310e-03 	
        63.008	  2.311e-03 	
        64.000	  2.310e-03 	
        65.056	  2.310e-03 	
        66.048	  2.310e-03 	
        67.072	  2.311e-03 	
        68.000	  2.310e-03 	
        69.056	  2.310e-03 	
        70.048	  2.310e-03 	
        71.072	  2.311e-03 	
        72.000	  2.311e-03 	
        73.056	  2.310e-03 	
        74.048	  2.310e-03 	
        75.072	  2.310e-03 	
        76.000	  2.309e-03 	
        77.056	  2.309e-03 	
        78.048	  2.309e-03 	
        79.040	  2.310e-03 	
        80.063	  2.309e-03 	
        81.056	  2.309e-03 	
        82.048	  2.308e-03 	
        83.040	  2.309e-03 	
        84.000	  2.309e-03 	
        85.055	  2.309e-03 	
        86.048	  2.309e-03 	
        87.040	  2.308e-03 	
        88.000	  2.309e-03 	
        89.056	  2.310e-03 	
        90.048	  2.310e-03 	
        91.040	  2.310e-03 	
        92.000	  2.310e-03 	
        93.056	  2.310e-03 	
        94.047	  2.310e-03 	
        95.040	  2.310e-03 	
        96.000	  2.311e-03 	
        97.056	  2.310e-03 	
        98.048	  2.310e-03 	
        99.040	  2.309e-03 	
       100.000	  2.310e-03 	
       101.055	  2.309e-03 	
       102.048	  2.309e-03 	
       103.040	  2.310e-03 	
       104.063	  2.309e-03 	
       105.056	  2.308e-03 	
       106.047	  2.307e-03 	
       107.040	  2.307e-03 	
       108.064	  2.307e-03 	
       109.056	  2.306e-03 	
       110.048	  2.306e-03 	
       111.040	  2.307e-03 	
       112.064	  2.307e-03 	
       113.055	  2.308e-03 	
       114.048	  2.307e-03 	
       115.039	  2.307e-03 	
       116.064	  2.307e-03 	
       117.056	  2.306e-03 	
       118.047	  2.306e-03 	
       119.040	  2.306e-03 	
       120.032	  2.307e-03 	
       121.056	  2.307e-03 	
       122.048	  2.308e-03 	
       123.040	  2.309e-03 	
       124.032	  2.308e-03 	
       125.056	  2.308e-03 	
       126.048	  2.308e-03 	
       127.040	  2.307e-03 	
       128.031	  2.307e-03 	
       129.056	  2.307e-03 	
       130.048	  2.306e-03 	
       131.040	  2.305e-03 	
       132.031	  2.306e-03 	
       133.056	  2.306e-03 	
       134.048	  2.305e-03 	
       135.040	  2.305e-03 	
       136.032	  2.304e-03 	
       137.056	  2.306e-03 	
       138.047	  2.306e-03 	
       139.040	  2.306e-03 	
       140.032	  2.307e-03 	
       141.056	  2.308e-03 	
       142.048	  2.307e-03 	
       143.040	  2.308e-03 	
       144.032	  2.308e-03 	
       145.055	  2.307e-03 	
       146.048	  2.308e-03 	
       147.049	  2.308e-03 	
       148.031	  2.309e-03 	
       149.056	  2.309e-03 	
       150.048	  2.309e-03 	
       151.040	  2.309e-03 	
       152.032	  2.310e-03 	
       153.056	  2.309e-03 	
       154.048	  2.308e-03 	
       155.040	  2.309e-03 	
       156.032	  2.309e-03 	
       157.024	  2.309e-03 	
       158.047	  2.310e-03 	
       159.040	  2.309e-03 	
       160.031	  2.309e-03 	
       161.024	  2.309e-03 	
       162.048	  2.309e-03 	
       163.040	  2.309e-03 	
       164.032	  2.309e-03 	
       165.024	  2.309e-03 	
       166.048	  2.309e-03 	
       167.039	  2.309e-03 	
       168.031	  2.310e-03 	
       169.024	  2.309e-03 	
       170.047	  2.309e-03 	
       171.040	  2.309e-03 	
       172.032	  2.309e-03 	
       173.024	  2.309e-03 	
       174.047	  2.308e-03 	
       175.040	  2.308e-03 	
       176.032	  2.308e-03 	
       177.024	  2.308e-03 	
       178.048	  2.309e-03 	
       179.040	  2.309e-03 	
       180.032	  2.309e-03 	
       181.024	  2.310e-03 	
       182.048	  2.309e-03 	
       183.040	  2.309e-03 	
       184.032	  2.308e-03 	
       185.024	  2.309e-03 	
       186.047	  2.309e-03 	
       187.040	  2.309e-03 	
       188.032	  2.309e-03 	
       189.024	  2.307e-03 	
       190.047	  2.308e-03 	
       191.040	  2.309e-03 	
       192.032	  2.309e-03 	
       193.024	  2.308e-03 	
       194.048	  2.308e-03 	
       195.040	  2.308e-03 	
       196.032	  2.307e-03 	
       197.024	  2.308e-03 	
       198.015	  2.307e-03 	
       199.040	  2.307e-03 	
       200.032	  2.308e-03 	
       201.024	  2.308e-03 	
       202.016	  2.308e-03 	
       203.040	  2.308e-03 	
       204.032	  2.308e-03 	
       205.024	  2.309e-03 	
       206.015	  2.309e-03 	
       207.040	  2.309e-03 	
       208.032	  2.309e-03 	
       209.024	  2.308e-03 	
       210.015	  2.308e-03 	
       211.040	  2.308e-03 	
       212.031	  2.308e-03 	
       213.024	  2.309e-03 	
       214.016	  2.309e-03 	
       215.040	  2.309e-03 	
       216.032	  2.308e-03 	
       217.024	  2.309e-03 	
       218.015	  2.309e-03 	
       219.040	  2.309e-03 	
       220.032	  2.309e-03 	
       221.023	  2.310e-03 	
       222.016	  2.309e-03 	
       223.040	  2.310e-03 	
       224.032	  2.309e-03 	
       225.024	  2.310e-03 	
       226.015	  2.310e-03 	
       227.040	  2.310e-03 	
       228.031	  2.309e-03 	
       229.024	  2.310e-03 	
       230.016	  2.310e-03 	
       231.040	  2.310e-03 	
       232.032	  2.310e-03 	
       233.024	  2.310e-03 	
       234.016	  2.310e-03 	
       235.039	  2.310e-03 	
       236.031	  2.310e-03 	
       237.024	  2.310e-03 	
       238.015	  2.308e-03 	
       239.008	  2.310e-03 	
       240.031	  2.310e-03 	
       241.023	  2.309e-03 	
       242.015	  2.310e-03 	
       243.008	  2.310e-03 	
       244.032	  2.310e-03 	
       245.023	  2.310e-03 	
       246.016	  2.309e-03 	
       247.008	  2.310e-03 	
       248.031	  2.310e-03 	
       249.023	  2.310e-03 	
       250.016	  2.310e-03 	
       251.007	  2.310e-03 	
       252.032	  2.310e-03 	
       253.024	  2.309e-03 	
       254.016	  2.310e-03 	
       255.007	  2.309e-03 	
       256.031	  2.310e-03 	
       257.024	  2.310e-03 	
       258.016	  2.310e-03 	
       259.013	  2.310e-03 	
       260.031	  2.310e-03 	
       261.023	  2.310e-03 	
       262.015	  2.310e-03 	
       263.008	  2.310e-03 	
       264.031	  2.311e-03 	
       265.024	  2.311e-03 	
       266.016	  2.310e-03 	
       267.008	  2.310e-03 	
       268.032	  2.311e-03 	
       269.023	  2.310e-03 	
       270.016	  2.310e-03 	
       271.008	  2.310e-03 	
       272.032	  2.310e-03 	
       273.024	  2.310e-03 	
       274.016	  2.310e-03 	
       275.008	  2.311e-03 	
       276.000	  2.312e-03 	
       277.024	  2.313e-03 	
       278.016	  2.312e-03 	
       279.008	  2.311e-03 	
       280.000	  2.310e-03 	
       281.024	  2.307e-03 	
       282.016	  2.307e-03 	
       283.008	  2.308e-03 	
       284.000	  2.308e-03 	
       285.024	  2.308e-03 	
       286.015	  2.306e-03 	
       287.008	  2.304e-03 	
       288.000	  2.300e-03 	
       289.024	  2.302e-03 	
       290.016	  2.303e-03 	
       291.008	  2.305e-03 	
       292.001	  2.305e-03 	
       293.023	  2.306e-03 	
       294.016	  2.307e-03 	
       295.008	  2.306e-03 	
       296.000	  2.306e-03 	
       297.024	  2.306e-03 	
       298.016	  2.307e-03 	
       299.008	  2.306e-03 	
       300.000	  2.306e-03 	
       301.024	  2.306e-03 	
       302.016	  2.306e-03 	
       303.008	  2.307e-03 	
       304.000	  2.307e-03 	
       305.023	  2.308e-03 	
       306.016	  2.307e-03 	
       307.008	  2.307e-03 	
       308.000	  2.307e-03 	
       309.023	  2.308e-03 	
       310.016	  2.307e-03 	
       311.008	  2.308e-03 	
       312.000	  2.308e-03 	
       313.024	  2.308e-03 	
       314.016	  2.307e-03 	
       315.008	  2.306e-03 	
       316.000	  2.307e-03 	
       317.087	  2.307e-03 	
       318.016	  2.307e-03 	
       319.007	  2.307e-03 	
       320.000	  2.307e-03 	
       321.088	  2.307e-03 	
       322.016	  2.306e-03 	
       323.008	  2.306e-03 	
       324.064	  2.306e-03 	
       325.088	  2.306e-03 	
       326.016	  2.308e-03 	
       327.008	  2.307e-03 	
       328.000	  2.308e-03 	
       329.056	  2.309e-03 	
       330.016	  2.308e-03 	
       331.007	  2.309e-03 	
       332.000	  2.308e-03 	
       333.056	  2.308e-03 	
       334.016	  2.308e-03 	
       335.008	  2.308e-03 	
       336.000	  2.308e-03 	
       337.056	  2.306e-03 	
       338.016	  2.306e-03 	
       339.008	  2.305e-03 	
       340.000	  2.304e-03 	
       341.056	  2.304e-03 	
       342.016	  2.304e-03 	
       343.008	  2.302e-03 	
       344.000	  2.303e-03 	
       345.056	  2.304e-03 	
       346.016	  2.305e-03 	
       347.008	  2.306e-03 	
       348.000	  2.306e-03 	
       349.055	  2.307e-03 	
       350.016	  2.307e-03 	
       351.008	  2.307e-03 	
       352.000	  2.307e-03 	
       353.056	  2.309e-03 	
       354.016	  2.309e-03 	
       355.008	  2.310e-03 	
       356.000	  2.310e-03 	
       357.056	  2.310e-03 	
       358.080	  2.309e-03 	
       359.008	  2.309e-03 	
       360.000	  2.309e-03 	
       361.056	  2.309e-03 	
       362.079	  2.309e-03 	
       363.008	  2.309e-03 	
       364.000	  2.310e-03 	
       365.056	  2.310e-03 	
       366.080	  2.310e-03 	
       367.008	  2.311e-03 	
       368.000	  2.310e-03 	
       369.055	  2.310e-03 	
       370.048	  2.310e-03 	
       371.008	  2.311e-03 	
       372.000	  2.310e-03 	
       373.056	  2.310e-03 	
       374.048	  2.310e-03 	
       375.008	  2.310e-03 	
       376.000	  2.311e-03 	
       377.056	  2.311e-03 	
       378.048	  2.310e-03 	
       379.008	  2.311e-03 	
       380.063	  2.311e-03 	
       381.056	  2.311e-03 	
       382.047	  2.310e-03 	
       383.008	  2.311e-03 	
       384.000	  2.310e-03 	
       385.056	  2.309e-03 	
       386.047	  2.310e-03 	
       387.008	  2.309e-03 	
       388.000	  2.310e-03 	
       389.056	  2.310e-03 	
       390.048	  2.310e-03 	
       391.008	  2.310e-03 	
       392.000	  2.310e-03 	
       393.056	  2.310e-03 	
       394.048	  2.310e-03 	
       395.072	  2.310e-03 	
       396.000	  2.310e-03 	
       397.055	  2.311e-03 	
       398.048	  2.311e-03 	
       399.072	  2.311e-03 	
       400.000	  2.311e-03 	
       401.056	  2.311e-03 	
       402.048	  2.311e-03 	
       403.071	  2.311e-03 	
       404.000	  2.311e-03 	
       405.056	  2.311e-03 	
       406.048	  2.310e-03 	
       407.040	  2.309e-03 	
       408.000	  2.310e-03 	
       409.056	  2.309e-03 	
       410.048	  2.309e-03 	
       411.040	  2.309e-03 	
       412.000	  2.308e-03 	
       413.056	  2.309e-03 	
       414.048	  2.308e-03 	
       415.040	  2.308e-03 	
       416.000	  2.308e-03 	
       417.056	  2.309e-03 	
       418.048	  2.309e-03 	
       419.040	  2.309e-03 	
       420.064	  2.309e-03 	
       421.056	  2.308e-03 	
       422.047	  2.309e-03 	
       423.040	  2.309e-03 	
       424.000	  2.308e-03 	
       425.056	  2.309e-03 	
       426.048	  2.309e-03 	
       427.040	  2.310e-03 	
       428.000	  2.310e-03 	
       429.056	  2.310e-03 	
       430.048	  2.310e-03 	
       431.040	  2.311e-03 	
       432.000	  2.310e-03 	
       433.056	  2.311e-03 	
       434.048	  2.310e-03 	
       435.040	  2.310e-03 	
       436.064	  2.310e-03 	
       437.056	  2.310e-03 	
       438.048	  2.310e-03 	
       439.040	  2.311e-03 	
       440.064	  2.310e-03 	
       441.056	  2.309e-03 	
       442.047	  2.310e-03 	
       443.039	  2.310e-03 	
       444.064	  2.310e-03 	
       445.056	  2.310e-03 	
       446.048	  2.310e-03 	
       447.040	  2.310e-03 	
       448.032	  2.311e-03 	
       449.056	  2.310e-03 	
       450.048	  2.311e-03 	
       451.040	  2.310e-03 	
       452.032	  2.311e-03 	
       453.056	  2.311e-03 	
       454.048	  2.311e-03 	
       455.040	  2.312e-03 	
       456.031	  2.311e-03 	
       457.056	  2.311e-03 	
       458.048	  2.311e-03 	
       459.040	  2.312e-03 	
       460.032	  2.312e-03 	
       461.056	  2.311e-03 	
       462.048	  2.311e-03 	
       463.040	  2.311e-03 	
       464.032	  2.312e-03 	
       465.056	  2.311e-03 	
       466.048	  2.311e-03 	
       467.040	  2.310e-03 	
       468.032	  2.311e-03 	
       469.056	  2.311e-03 	
       470.048	  2.310e-03 	
       471.040	  2.311e-03 	
       472.032	  2.310e-03 	
       473.056	  2.311e-03 	
       474.048	  2.311e-03 	
       475.040	  2.312e-03 	
       476.032	  2.311e-03 	
       477.056	  2.311e-03 	
       478.048	  2.311e-03 	
       479.040	  2.311e-03 	
       480.032	  2.311e-03 	
       481.056	  2.310e-03 	
       482.048	  2.310e-03 	
       483.040	  2.311e-03 	
       484.032	  2.312e-03 	
       485.056	  2.311e-03 	
       486.048	  2.311e-03 	
       487.040	  2.311e-03 	
       488.032	  2.311e-03 	
       489.023	  2.312e-03 	
       490.048	  2.312e-03 	
       491.040	  2.312e-03 	
       492.032	  2.312e-03 	
       493.024	  2.310e-03 	
       494.047	  2.309e-03 	
       495.039	  2.308e-03 	
       496.032	  2.308e-03 	
       497.024	  2.307e-03 	
       498.048	  2.306e-03 	
       499.040	  2.306e-03 	
       500.032	  2.307e-03 	
       501.024	  2.308e-03 	
       502.048	  2.308e-03 	
       503.039	  2.306e-03 	
       504.031	  2.306e-03 	
       505.023	  2.306e-03 	
       506.048	  2.307e-03 	
       507.040	  2.307e-03 	
       508.032	  2.306e-03 	
       509.024	  2.306e-03 	
       510.047	  2.306e-03 	
       511.040	  2.307e-03 	
       512.032	  2.307e-03 	
       513.023	  2.307e-03 	
       514.047	  2.307e-03 	
       515.040	  2.308e-03 	
       516.032	  2.308e-03 	
       517.023	  2.309e-03 	
       518.048	  2.309e-03 	
       519.040	  2.310e-03 	
       520.032	  2.310e-03 	
       521.024	  2.310e-03 	
       522.048	  2.310e-03 	
       523.040	  2.310e-03 	
       524.032	  2.310e-03 	
       525.024	  2.310e-03 	
       526.048	  2.310e-03 	
       527.040	  2.310e-03 	
       528.032	  2.310e-03 	
       529.024	  2.310e-03 	
       530.016	  2.310e-03 	
       531.040	  2.310e-03 	
       532.032	  2.309e-03 	
       533.024	  2.310e-03 	
       534.016	  2.311e-03 	
       535.040	  2.311e-03 	
       536.032	  2.311e-03 	
       537.024	  2.311e-03 	
       538.016	  2.312e-03 	
       539.040	  2.311e-03 	
       540.031	  2.311e-03 	
       541.024	  2.312e-03 	
       542.016	  2.311e-03 	
       543.042	  2.311e-03 	
       544.032	  2.311e-03 	
       545.024	  2.311e-03 	
       546.016	  2.310e-03 	
       547.040	  2.310e-03 	
       548.032	  2.311e-03 	
       549.024	  2.310e-03 	
       550.016	  2.311e-03 	
       551.041	  2.311e-03 	
       552.032	  2.312e-03 	
       553.024	  2.311e-03 	
       554.015	  2.312e-03 	
       555.040	  2.312e-03 	
       556.031	  2.312e-03 	
       557.024	  2.312e-03 	
       558.016	  2.313e-03 	
       559.040	  2.313e-03 	
       560.032	  2.313e-03 	
       561.023	  2.313e-03 	
       562.016	  2.313e-03 	
       563.040	  2.313e-03 	
       564.031	  2.313e-03 	
       565.024	  2.313e-03 	
       566.016	  2.313e-03 	
       567.008	  2.312e-03 	
       568.032	  2.312e-03 	
       569.023	  2.312e-03 	
       570.016	  2.311e-03 	
       571.008	  2.313e-03 	
       572.032	  2.313e-03 	
       573.023	  2.312e-03 	
       574.016	  2.312e-03 	
       575.007	  2.312e-03 	
       576.032	  2.313e-03 	
       577.024	  2.313e-03 	
       578.016	  2.312e-03 	
       579.007	  2.312e-03 	
       580.032	  2.312e-03 	
       581.024	  2.313e-03 	
       582.016	  2.313e-03 	
       583.008	  2.313e-03 	
       584.032	  2.317e-03 	
       585.024	  2.318e-03 	
       586.016	  2.318e-03 	
       587.008	  2.318e-03 	
       588.032	  2.317e-03 	
       589.024	  2.318e-03 	
       590.016	  2.319e-03 	
       591.008	  2.319e-03 	
       592.032	  2.319e-03 	
       593.024	  2.319e-03 	
       594.016	  2.319e-03 	
       595.007	  2.318e-03 	
       596.032	  2.319e-03 	
       597.024	  2.318e-03 	
       598.016	  2.319e-03 	
       599.008	  2.319e-03 	
