;PC Software:StarLab Version 3.93 Build 2
! ******* Warning: Do not modify this file. Changes may prevent   ********
! ******* the StarLab Log reader from opening the file correctly. ********
;Logged:09/06/2026 at 12:04:19
;File Version:5
;Time Resolution:1 microseconds
;Log Settings:Stop after:period: 00:10:00
;Log Settings:Sample:of period: 00:00:01
;Graph Mode:Merge
;Graph Type:Line
;Notes:                                                            

;Channel A:Vega Thermopile 3A-P-V1 (s/n:619511)  VG2.54 (s/n:660405)

;Channel A:Details
;Name:3A-P-V1
;Graph Color:RGB(14,104,168)
;Units:W
;Settings:Measuring:Power
;Settings:Laser:>800
;Settings:Range:3.00mW

;Channel A:Statistics
;Min:1.253mW             
;Max:1.391mW             
;Average:1.313mW             
;Std.Dev.:24.75uW             
;Overrange:0                   
;--------------------


;First Pulse Arrived : 09/06/2026 at 12:04:19
  Timestamp   	  Channel A  	
         0.000	  1.283e-03 	
         1.024	  1.276e-03 	
         2.048	  1.258e-03 	
         3.040	  1.253e-03 	
         4.032	  1.259e-03 	
         5.025	  1.276e-03 	
         6.048	  1.289e-03 	
         7.040	  1.291e-03 	
         8.032	  1.291e-03 	
         9.024	  1.291e-03 	
        10.048	  1.292e-03 	
        11.040	  1.296e-03 	
        12.032	  1.299e-03 	
        13.024	  1.299e-03 	
        14.048	  1.301e-03 	
        15.040	  1.304e-03 	
        16.032	  1.302e-03 	
        17.024	  1.301e-03 	
        18.016	  1.301e-03 	
        19.040	  1.302e-03 	
        20.032	  1.302e-03 	
        21.024	  1.302e-03 	
        22.016	  1.303e-03 	
        23.040	  1.303e-03 	
        24.032	  1.301e-03 	
        25.024	  1.300e-03 	
        26.016	  1.298e-03 	
        27.040	  1.294e-03 	
        28.032	  1.291e-03 	
        29.024	  1.291e-03 	
        30.016	  1.290e-03 	
        31.040	  1.292e-03 	
        32.032	  1.295e-03 	
        33.024	  1.303e-03 	
        34.016	  1.313e-03 	
        35.040	  1.316e-03 	
        36.032	  1.306e-03 	
        37.024	  1.301e-03 	
        38.016	  1.309e-03 	
        39.040	  1.316e-03 	
        40.032	  1.318e-03 	
        41.024	  1.318e-03 	
        42.016	  1.319e-03 	
        43.040	  1.316e-03 	
        44.032	  1.309e-03 	
        45.024	  1.310e-03 	
        46.016	  1.314e-03 	
        47.040	  1.314e-03 	
        48.032	  1.315e-03 	
        49.024	  1.314e-03 	
        50.016	  1.313e-03 	
        51.040	  1.312e-03 	
        52.032	  1.313e-03 	
        53.024	  1.314e-03 	
        54.016	  1.310e-03 	
        55.040	  1.304e-03 	
        56.032	  1.303e-03 	
        57.024	  1.308e-03 	
        58.016	  1.313e-03 	
        59.008	  1.320e-03 	
        60.032	  1.319e-03 	
        61.024	  1.315e-03 	
        62.016	  1.312e-03 	
        63.008	  1.309e-03 	
        64.032	  1.312e-03 	
        65.024	  1.320e-03 	
        66.016	  1.324e-03 	
        67.008	  1.334e-03 	
        68.032	  1.358e-03 	
        69.025	  1.374e-03 	
        70.016	  1.380e-03 	
        71.008	  1.382e-03 	
        72.032	  1.384e-03 	
        73.024	  1.386e-03 	
        74.016	  1.387e-03 	
        75.008	  1.388e-03 	
        76.032	  1.390e-03 	
        77.024	  1.391e-03 	
        78.016	  1.384e-03 	
        79.007	  1.361e-03 	
        80.032	  1.352e-03 	
        81.024	  1.360e-03 	
        82.016	  1.364e-03 	
        83.008	  1.365e-03 	
        84.032	  1.363e-03 	
        85.024	  1.358e-03 	
        86.016	  1.369e-03 	
        87.008	  1.378e-03 	
        88.032	  1.379e-03 	
        89.024	  1.372e-03 	
        90.016	  1.359e-03 	
        91.008	  1.355e-03 	
        92.032	  1.357e-03 	
        93.024	  1.357e-03 	
        94.016	  1.352e-03 	
        95.008	  1.350e-03 	
        96.000	  1.350e-03 	
        97.024	  1.349e-03 	
        98.016	  1.346e-03 	
        99.008	  1.343e-03 	
       100.000	  1.341e-03 	
       101.024	  1.341e-03 	
       102.017	  1.341e-03 	
       103.008	  1.331e-03 	
       104.000	  1.321e-03 	
       105.024	  1.314e-03 	
       106.016	  1.306e-03 	
       107.008	  1.303e-03 	
       108.000	  1.301e-03 	
       109.025	  1.297e-03 	
       110.016	  1.293e-03 	
       111.008	  1.292e-03 	
       112.000	  1.290e-03 	
       113.024	  1.289e-03 	
       114.016	  1.289e-03 	
       115.008	  1.290e-03 	
       116.000	  1.296e-03 	
       117.024	  1.312e-03 	
       118.016	  1.322e-03 	
       119.007	  1.323e-03 	
       120.000	  1.321e-03 	
       121.024	  1.318e-03 	
       122.016	  1.317e-03 	
       123.008	  1.318e-03 	
       124.000	  1.318e-03 	
       125.024	  1.313e-03 	
       126.016	  1.314e-03 	
       127.008	  1.319e-03 	
       128.000	  1.322e-03 	
       129.024	  1.323e-03 	
       130.016	  1.323e-03 	
       131.008	  1.322e-03 	
       132.000	  1.320e-03 	
       133.024	  1.320e-03 	
       134.016	  1.320e-03 	
       135.008	  1.320e-03 	
       136.000	  1.321e-03 	
       137.024	  1.321e-03 	
       138.016	  1.320e-03 	
       139.008	  1.320e-03 	
       140.000	  1.318e-03 	
       141.088	  1.314e-03 	
       142.016	  1.313e-03 	
       143.008	  1.313e-03 	
       144.000	  1.316e-03 	
       145.088	  1.309e-03 	
       146.016	  1.301e-03 	
       147.008	  1.298e-03 	
       148.064	  1.301e-03 	
       149.088	  1.301e-03 	
       150.016	  1.300e-03 	
       151.008	  1.296e-03 	
       152.000	  1.297e-03 	
       153.056	  1.298e-03 	
       154.016	  1.298e-03 	
       155.008	  1.304e-03 	
       156.064	  1.316e-03 	
       157.056	  1.322e-03 	
       158.016	  1.324e-03 	
       159.008	  1.324e-03 	
       160.000	  1.324e-03 	
       161.056	  1.324e-03 	
       162.016	  1.323e-03 	
       163.008	  1.325e-03 	
       164.000	  1.324e-03 	
       165.055	  1.323e-03 	
       166.016	  1.323e-03 	
       167.007	  1.323e-03 	
       168.000	  1.322e-03 	
       169.056	  1.322e-03 	
       170.016	  1.324e-03 	
       171.008	  1.322e-03 	
       172.000	  1.322e-03 	
       173.056	  1.322e-03 	
       174.080	  1.322e-03 	
       175.008	  1.321e-03 	
       176.063	  1.319e-03 	
       177.056	  1.318e-03 	
       178.080	  1.318e-03 	
       179.008	  1.317e-03 	
       180.000	  1.317e-03 	
       181.056	  1.316e-03 	
       182.080	  1.317e-03 	
       183.008	  1.317e-03 	
       184.000	  1.317e-03 	
       185.056	  1.317e-03 	
       186.080	  1.318e-03 	
       187.007	  1.319e-03 	
       188.000	  1.313e-03 	
       189.056	  1.305e-03 	
       190.048	  1.307e-03 	
       191.007	  1.312e-03 	
       192.000	  1.318e-03 	
       193.056	  1.321e-03 	
       194.048	  1.323e-03 	
       195.008	  1.327e-03 	
       196.000	  1.329e-03 	
       197.056	  1.332e-03 	
       198.048	  1.335e-03 	
       199.007	  1.337e-03 	
       200.000	  1.339e-03 	
       201.056	  1.340e-03 	
       202.048	  1.337e-03 	
       203.008	  1.336e-03 	
       204.000	  1.337e-03 	
       205.056	  1.342e-03 	
       206.048	  1.344e-03 	
       207.008	  1.349e-03 	
       208.000	  1.360e-03 	
       209.055	  1.366e-03 	
       210.048	  1.366e-03 	
       211.007	  1.367e-03 	
       212.000	  1.365e-03 	
       213.056	  1.363e-03 	
       214.048	  1.367e-03 	
       215.072	  1.369e-03 	
       216.000	  1.369e-03 	
       217.056	  1.367e-03 	
       218.048	  1.365e-03 	
       219.072	  1.355e-03 	
       220.000	  1.347e-03 	
       221.056	  1.354e-03 	
       222.048	  1.358e-03 	
       223.072	  1.355e-03 	
       224.000	  1.348e-03 	
       225.056	  1.345e-03 	
       226.048	  1.345e-03 	
       227.072	  1.345e-03 	
       228.000	  1.344e-03 	
       229.056	  1.340e-03 	
       230.048	  1.336e-03 	
       231.040	  1.335e-03 	
       232.000	  1.333e-03 	
       233.055	  1.330e-03 	
       234.047	  1.329e-03 	
       235.040	  1.330e-03 	
       236.000	  1.330e-03 	
       237.056	  1.328e-03 	
       238.048	  1.328e-03 	
       239.040	  1.327e-03 	
       240.000	  1.324e-03 	
       241.056	  1.322e-03 	
       242.048	  1.319e-03 	
       243.040	  1.318e-03 	
       244.000	  1.317e-03 	
       245.056	  1.315e-03 	
       246.048	  1.309e-03 	
       247.040	  1.301e-03 	
       248.000	  1.297e-03 	
       249.056	  1.296e-03 	
       250.048	  1.300e-03 	
       251.040	  1.303e-03 	
       252.000	  1.301e-03 	
       253.056	  1.302e-03 	
       254.048	  1.306e-03 	
       255.040	  1.312e-03 	
       256.064	  1.314e-03 	
       257.056	  1.315e-03 	
       258.047	  1.315e-03 	
       259.039	  1.314e-03 	
       260.064	  1.313e-03 	
       261.056	  1.311e-03 	
       262.047	  1.310e-03 	
       263.040	  1.310e-03 	
       264.064	  1.310e-03 	
       265.056	  1.311e-03 	
       266.048	  1.306e-03 	
       267.040	  1.299e-03 	
       268.032	  1.293e-03 	
       269.056	  1.290e-03 	
       270.048	  1.289e-03 	
       271.040	  1.289e-03 	
       272.032	  1.289e-03 	
       273.056	  1.289e-03 	
       274.048	  1.290e-03 	
       275.040	  1.293e-03 	
       276.032	  1.293e-03 	
       277.056	  1.293e-03 	
       278.047	  1.292e-03 	
       279.040	  1.292e-03 	
       280.032	  1.290e-03 	
       281.056	  1.290e-03 	
       282.048	  1.297e-03 	
       283.040	  1.309e-03 	
       284.032	  1.314e-03 	
       285.056	  1.311e-03 	
       286.048	  1.304e-03 	
       287.040	  1.303e-03 	
       288.031	  1.305e-03 	
       289.056	  1.307e-03 	
       290.048	  1.307e-03 	
       291.040	  1.306e-03 	
       292.032	  1.307e-03 	
       293.055	  1.306e-03 	
       294.048	  1.306e-03 	
       295.040	  1.306e-03 	
       296.032	  1.306e-03 	
       297.055	  1.306e-03 	
       298.048	  1.305e-03 	
       299.040	  1.302e-03 	
       300.032	  1.299e-03 	
       301.056	  1.299e-03 	
       302.048	  1.304e-03 	
       303.040	  1.310e-03 	
       304.032	  1.310e-03 	
       305.056	  1.307e-03 	
       306.047	  1.306e-03 	
       307.040	  1.304e-03 	
       308.032	  1.305e-03 	
       309.024	  1.306e-03 	
       310.048	  1.306e-03 	
       311.040	  1.307e-03 	
       312.032	  1.307e-03 	
       313.024	  1.308e-03 	
       314.048	  1.307e-03 	
       315.040	  1.307e-03 	
       316.032	  1.307e-03 	
       317.024	  1.306e-03 	
       318.048	  1.306e-03 	
       319.039	  1.307e-03 	
       320.032	  1.307e-03 	
       321.024	  1.307e-03 	
       322.048	  1.307e-03 	
       323.040	  1.306e-03 	
       324.032	  1.305e-03 	
       325.024	  1.307e-03 	
       326.048	  1.306e-03 	
       327.040	  1.306e-03 	
       328.032	  1.306e-03 	
       329.024	  1.306e-03 	
       330.048	  1.307e-03 	
       331.040	  1.307e-03 	
       332.032	  1.308e-03 	
       333.024	  1.307e-03 	
       334.048	  1.308e-03 	
       335.040	  1.314e-03 	
       336.032	  1.323e-03 	
       337.023	  1.329e-03 	
       338.048	  1.332e-03 	
       339.040	  1.336e-03 	
       340.032	  1.338e-03 	
       341.024	  1.339e-03 	
       342.048	  1.343e-03 	
       343.040	  1.345e-03 	
       344.031	  1.343e-03 	
       345.023	  1.339e-03 	
       346.048	  1.339e-03 	
       347.040	  1.342e-03 	
       348.032	  1.342e-03 	
       349.023	  1.341e-03 	
       350.015	  1.342e-03 	
       351.040	  1.340e-03 	
       352.032	  1.342e-03 	
       353.024	  1.344e-03 	
       354.015	  1.345e-03 	
       355.040	  1.345e-03 	
       356.031	  1.344e-03 	
       357.024	  1.346e-03 	
       358.015	  1.347e-03 	
       359.039	  1.349e-03 	
       360.032	  1.350e-03 	
       361.024	  1.357e-03 	
       362.016	  1.364e-03 	
       363.039	  1.368e-03 	
       364.032	  1.367e-03 	
       365.024	  1.361e-03 	
       366.015	  1.355e-03 	
       367.040	  1.356e-03 	
       368.031	  1.360e-03 	
       369.024	  1.360e-03 	
       370.016	  1.359e-03 	
       371.040	  1.358e-03 	
       372.032	  1.355e-03 	
       373.024	  1.351e-03 	
       374.016	  1.348e-03 	
       375.040	  1.344e-03 	
       376.031	  1.339e-03 	
       377.024	  1.336e-03 	
       378.016	  1.335e-03 	
       379.040	  1.336e-03 	
       380.031	  1.341e-03 	
       381.024	  1.342e-03 	
       382.015	  1.341e-03 	
       383.039	  1.340e-03 	
       384.031	  1.337e-03 	
       385.024	  1.333e-03 	
       386.016	  1.326e-03 	
       387.008	  1.325e-03 	
       388.031	  1.323e-03 	
       389.024	  1.322e-03 	
       390.015	  1.319e-03 	
       391.008	  1.316e-03 	
       392.032	  1.312e-03 	
       393.024	  1.311e-03 	
       394.015	  1.310e-03 	
       395.008	  1.310e-03 	
       396.032	  1.308e-03 	
       397.024	  1.308e-03 	
       398.015	  1.306e-03 	
       399.008	  1.305e-03 	
       400.032	  1.299e-03 	
       401.024	  1.295e-03 	
       402.016	  1.291e-03 	
       403.008	  1.289e-03 	
       404.031	  1.289e-03 	
       405.024	  1.289e-03 	
       406.016	  1.289e-03 	
       407.008	  1.292e-03 	
       408.031	  1.293e-03 	
       409.023	  1.293e-03 	
       410.016	  1.292e-03 	
       411.008	  1.292e-03 	
       412.031	  1.296e-03 	
       413.023	  1.295e-03 	
       414.015	  1.295e-03 	
       415.008	  1.294e-03 	
       416.031	  1.294e-03 	
       417.024	  1.295e-03 	
       418.015	  1.296e-03 	
       419.007	  1.299e-03 	
       420.031	  1.300e-03 	
       421.023	  1.297e-03 	
       422.015	  1.295e-03 	
       423.008	  1.295e-03 	
       424.031	  1.294e-03 	
       425.024	  1.293e-03 	
       426.016	  1.291e-03 	
       427.007	  1.290e-03 	
       428.000	  1.288e-03 	
       429.023	  1.288e-03 	
       430.016	  1.288e-03 	
       431.008	  1.289e-03 	
       432.095	  1.291e-03 	
       433.023	  1.294e-03 	
       434.016	  1.294e-03 	
       435.008	  1.292e-03 	
       436.096	  1.292e-03 	
       437.024	  1.293e-03 	
       438.015	  1.292e-03 	
       439.008	  1.292e-03 	
       440.000	  1.292e-03 	
       441.024	  1.291e-03 	
       442.015	  1.292e-03 	
       443.008	  1.293e-03 	
       444.064	  1.297e-03 	
       445.024	  1.300e-03 	
       446.015	  1.298e-03 	
       447.008	  1.297e-03 	
       448.063	  1.295e-03 	
       449.024	  1.294e-03 	
       450.016	  1.294e-03 	
       451.008	  1.302e-03 	
       452.000	  1.310e-03 	
       453.023	  1.311e-03 	
       454.016	  1.307e-03 	
       455.008	  1.305e-03 	
       456.000	  1.304e-03 	
       457.024	  1.304e-03 	
       458.015	  1.304e-03 	
       459.008	  1.304e-03 	
       460.063	  1.305e-03 	
       461.024	  1.304e-03 	
       462.016	  1.307e-03 	
       463.007	  1.315e-03 	
       464.000	  1.324e-03 	
       465.024	  1.327e-03 	
       466.016	  1.319e-03 	
       467.008	  1.305e-03 	
       468.000	  1.297e-03 	
       469.088	  1.289e-03 	
       470.016	  1.277e-03 	
       471.007	  1.270e-03 	
       472.000	  1.271e-03 	
       473.088	  1.280e-03 	
       474.015	  1.287e-03 	
       475.008	  1.283e-03 	
       476.000	  1.275e-03 	
       477.087	  1.271e-03 	
       478.016	  1.271e-03 	
       479.008	  1.270e-03 	
       480.000	  1.269e-03 	
       481.056	  1.268e-03 	
       482.015	  1.267e-03 	
       483.008	  1.269e-03 	
       484.000	  1.275e-03 	
       485.055	  1.279e-03 	
       486.016	  1.279e-03 	
       487.008	  1.281e-03 	
       488.000	  1.282e-03 	
       489.056	  1.286e-03 	
       490.015	  1.285e-03 	
       491.007	  1.283e-03 	
       492.000	  1.284e-03 	
       493.056	  1.291e-03 	
       494.015	  1.295e-03 	
       495.008	  1.297e-03 	
       496.064	  1.300e-03 	
       497.056	  1.302e-03 	
       498.016	  1.305e-03 	
       499.008	  1.308e-03 	
       500.000	  1.314e-03 	
       501.056	  1.320e-03 	
       502.015	  1.323e-03 	
       503.008	  1.325e-03 	
       504.000	  1.328e-03 	
       505.056	  1.322e-03 	
       506.079	  1.307e-03 	
       507.007	  1.297e-03 	
       508.063	  1.296e-03 	
       509.056	  1.294e-03 	
       510.080	  1.297e-03 	
       511.008	  1.300e-03 	
       512.064	  1.300e-03 	
       513.055	  1.301e-03 	
       514.079	  1.302e-03 	
       515.007	  1.303e-03 	
       516.064	  1.305e-03 	
       517.056	  1.306e-03 	
       518.047	  1.307e-03 	
       519.008	  1.307e-03 	
       520.063	  1.308e-03 	
       521.056	  1.308e-03 	
       522.047	  1.309e-03 	
       523.008	  1.309e-03 	
       524.063	  1.309e-03 	
       525.056	  1.309e-03 	
       526.048	  1.309e-03 	
       527.008	  1.309e-03 	
       528.000	  1.309e-03 	
       529.056	  1.308e-03 	
       530.048	  1.307e-03 	
       531.007	  1.307e-03 	
       532.000	  1.306e-03 	
       533.056	  1.306e-03 	
       534.048	  1.305e-03 	
       535.008	  1.304e-03 	
       536.000	  1.303e-03 	
       537.056	  1.301e-03 	
       538.047	  1.300e-03 	
       539.008	  1.299e-03 	
       540.063	  1.298e-03 	
       541.056	  1.296e-03 	
       542.047	  1.295e-03 	
       543.008	  1.294e-03 	
       544.000	  1.293e-03 	
       545.056	  1.291e-03 	
       546.047	  1.289e-03 	
       547.071	  1.286e-03 	
       548.000	  1.285e-03 	
       549.056	  1.282e-03 	
       550.048	  1.279e-03 	
       551.072	  1.276e-03 	
       552.063	  1.274e-03 	
       553.056	  1.271e-03 	
       554.048	  1.269e-03 	
       555.072	  1.267e-03 	
       556.063	  1.263e-03 	
       557.056	  1.261e-03 	
       558.047	  1.260e-03 	
       559.040	  1.260e-03 	
       560.000	  1.260e-03 	
       561.055	  1.261e-03 	
       562.048	  1.263e-03 	
       563.040	  1.266e-03 	
       564.063	  1.270e-03 	
       565.056	  1.280e-03 	
       566.047	  1.290e-03 	
       567.040	  1.293e-03 	
       568.063	  1.286e-03 	
       569.056	  1.277e-03 	
       570.048	  1.277e-03 	
       571.040	  1.279e-03 	
       572.063	  1.286e-03 	
       573.056	  1.293e-03 	
       574.048	  1.303e-03 	
       575.039	  1.310e-03 	
       576.000	  1.313e-03 	
       577.056	  1.319e-03 	
       578.047	  1.320e-03 	
       579.039	  1.321e-03 	
       580.063	  1.322e-03 	
       581.056	  1.327e-03 	
       582.047	  1.329e-03 	
       583.040	  1.327e-03 	
       584.000	  1.323e-03 	
       585.055	  1.314e-03 	
       586.047	  1.308e-03 	
       587.040	  1.312e-03 	
       588.064	  1.316e-03 	
       589.056	  1.318e-03 	
       590.048	  1.319e-03 	
       591.039	  1.321e-03 	
       592.064	  1.326e-03 	
       593.055	  1.328e-03 	
       594.047	  1.327e-03 	
       595.040	  1.324e-03 	
       596.063	  1.325e-03 	
       597.056	  1.320e-03 	
       598.047	  1.302e-03 	
       599.039	  1.297e-03 	
