;PC Software:StarLab Version 3.93 Build 2
! ******* Warning: Do not modify this file. Changes may prevent   ********
! ******* the StarLab Log reader from opening the file correctly. ********
;Logged:09/06/2026 at 14:30:23
;File Version:5
;Time Resolution:1 microseconds
;Log Settings:Stop after:period: 00:10:00
;Log Settings:Sample:of period: 00:00:01
;Graph Mode:Merge
;Graph Type:Line
;Notes:                                                            

;Channel A:Vega Thermopile 3A-P-V1 (s/n:619511)  VG2.54 (s/n:660405)

;Channel A:Details
;Name:3A-P-V1
;Graph Color:RGB(14,104,168)
;Units:W
;Settings:Measuring:Power
;Settings:Laser:>800
;Settings:Range:3.00mW

;Channel A:Statistics
;Min:3.067mW             
;Max:3.164mW             
;Average:3.116mW             
;Std.Dev.:20.03uW             
;Overrange:0                   
;--------------------


;First Pulse Arrived : 09/06/2026 at 14:30:23
  Timestamp   	  Channel A  	
         0.000	  3.103e-03 	
         1.056	  3.095e-03 	
         2.016	  3.083e-03 	
         3.008	  3.082e-03 	
         4.000	  3.090e-03 	
         5.056	  3.098e-03 	
         6.016	  3.099e-03 	
         7.008	  3.105e-03 	
         8.000	  3.102e-03 	
         9.056	  3.098e-03 	
        10.016	  3.100e-03 	
        11.008	  3.102e-03 	
        12.000	  3.102e-03 	
        13.056	  3.099e-03 	
        14.016	  3.095e-03 	
        15.008	  3.090e-03 	
        16.000	  3.089e-03 	
        17.056	  3.089e-03 	
        18.016	  3.090e-03 	
        19.008	  3.092e-03 	
        20.000	  3.094e-03 	
        21.056	  3.091e-03 	
        22.016	  3.091e-03 	
        23.008	  3.091e-03 	
        24.000	  3.092e-03 	
        25.056	  3.093e-03 	
        26.080	  3.093e-03 	
        27.008	  3.093e-03 	
        28.000	  3.095e-03 	
        29.056	  3.097e-03 	
        30.080	  3.098e-03 	
        31.008	  3.100e-03 	
        32.000	  3.101e-03 	
        33.056	  3.102e-03 	
        34.080	  3.103e-03 	
        35.008	  3.105e-03 	
        36.000	  3.106e-03 	
        37.056	  3.108e-03 	
        38.080	  3.110e-03 	
        39.009	  3.111e-03 	
        40.000	  3.112e-03 	
        41.056	  3.114e-03 	
        42.048	  3.116e-03 	
        43.008	  3.116e-03 	
        44.000	  3.117e-03 	
        45.056	  3.119e-03 	
        46.049	  3.120e-03 	
        47.008	  3.122e-03 	
        48.000	  3.131e-03 	
        49.056	  3.135e-03 	
        50.049	  3.134e-03 	
        51.008	  3.129e-03 	
        52.000	  3.134e-03 	
        53.056	  3.138e-03 	
        54.048	  3.140e-03 	
        55.008	  3.141e-03 	
        56.000	  3.140e-03 	
        57.057	  3.137e-03 	
        58.048	  3.136e-03 	
        59.008	  3.134e-03 	
        60.000	  3.133e-03 	
        61.056	  3.131e-03 	
        62.048	  3.130e-03 	
        63.008	  3.128e-03 	
        64.000	  3.125e-03 	
        65.056	  3.123e-03 	
        66.048	  3.119e-03 	
        67.072	  3.114e-03 	
        68.000	  3.109e-03 	
        69.057	  3.106e-03 	
        70.049	  3.100e-03 	
        71.072	  3.096e-03 	
        72.001	  3.092e-03 	
        73.056	  3.091e-03 	
        74.048	  3.091e-03 	
        75.072	  3.092e-03 	
        76.000	  3.098e-03 	
        77.056	  3.099e-03 	
        78.048	  3.098e-03 	
        79.072	  3.101e-03 	
        80.000	  3.109e-03 	
        81.056	  3.107e-03 	
        82.048	  3.099e-03 	
        83.040	  3.098e-03 	
        84.000	  3.104e-03 	
        85.057	  3.108e-03 	
        86.048	  3.110e-03 	
        87.040	  3.107e-03 	
        88.000	  3.107e-03 	
        89.056	  3.109e-03 	
        90.048	  3.111e-03 	
        91.040	  3.113e-03 	
        92.000	  3.115e-03 	
        93.055	  3.118e-03 	
        94.048	  3.120e-03 	
        95.040	  3.127e-03 	
        96.000	  3.133e-03 	
        97.056	  3.137e-03 	
        98.048	  3.141e-03 	
        99.041	  3.146e-03 	
       100.000	  3.145e-03 	
       101.056	  3.144e-03 	
       102.048	  3.144e-03 	
       103.040	  3.144e-03 	
       104.000	  3.144e-03 	
       105.056	  3.142e-03 	
       106.048	  3.137e-03 	
       107.040	  3.135e-03 	
       108.064	  3.134e-03 	
       109.056	  3.134e-03 	
       110.048	  3.134e-03 	
       111.040	  3.133e-03 	
       112.064	  3.133e-03 	
       113.056	  3.131e-03 	
       114.048	  3.131e-03 	
       115.040	  3.136e-03 	
       116.064	  3.138e-03 	
       117.056	  3.138e-03 	
       118.048	  3.139e-03 	
       119.040	  3.137e-03 	
       120.032	  3.135e-03 	
       121.056	  3.131e-03 	
       122.047	  3.131e-03 	
       123.040	  3.132e-03 	
       124.032	  3.132e-03 	
       125.056	  3.130e-03 	
       126.048	  3.128e-03 	
       127.040	  3.125e-03 	
       128.032	  3.125e-03 	
       129.056	  3.122e-03 	
       130.048	  3.117e-03 	
       131.040	  3.110e-03 	
       132.032	  3.106e-03 	
       133.056	  3.103e-03 	
       134.048	  3.102e-03 	
       135.040	  3.102e-03 	
       136.032	  3.105e-03 	
       137.056	  3.110e-03 	
       138.047	  3.115e-03 	
       139.040	  3.119e-03 	
       140.032	  3.119e-03 	
       141.056	  3.117e-03 	
       142.047	  3.111e-03 	
       143.040	  3.107e-03 	
       144.032	  3.103e-03 	
       145.056	  3.097e-03 	
       146.047	  3.099e-03 	
       147.040	  3.107e-03 	
       148.032	  3.113e-03 	
       149.056	  3.113e-03 	
       150.048	  3.112e-03 	
       151.040	  3.111e-03 	
       152.032	  3.107e-03 	
       153.056	  3.103e-03 	
       154.048	  3.102e-03 	
       155.040	  3.098e-03 	
       156.032	  3.092e-03 	
       157.056	  3.094e-03 	
       158.048	  3.096e-03 	
       159.040	  3.094e-03 	
       160.032	  3.088e-03 	
       161.024	  3.084e-03 	
       162.048	  3.086e-03 	
       163.040	  3.092e-03 	
       164.032	  3.093e-03 	
       165.024	  3.092e-03 	
       166.048	  3.092e-03 	
       167.040	  3.091e-03 	
       168.032	  3.091e-03 	
       169.024	  3.093e-03 	
       170.048	  3.096e-03 	
       171.040	  3.097e-03 	
       172.032	  3.096e-03 	
       173.025	  3.097e-03 	
       174.048	  3.097e-03 	
       175.040	  3.097e-03 	
       176.032	  3.097e-03 	
       177.024	  3.097e-03 	
       178.048	  3.099e-03 	
       179.040	  3.100e-03 	
       180.031	  3.102e-03 	
       181.023	  3.102e-03 	
       182.048	  3.102e-03 	
       183.040	  3.102e-03 	
       184.032	  3.102e-03 	
       185.024	  3.103e-03 	
       186.048	  3.104e-03 	
       187.040	  3.105e-03 	
       188.032	  3.107e-03 	
       189.024	  3.107e-03 	
       190.048	  3.109e-03 	
       191.040	  3.113e-03 	
       192.032	  3.113e-03 	
       193.024	  3.114e-03 	
       194.048	  3.114e-03 	
       195.040	  3.115e-03 	
       196.032	  3.116e-03 	
       197.024	  3.116e-03 	
       198.048	  3.117e-03 	
       199.040	  3.117e-03 	
       200.032	  3.118e-03 	
       201.024	  3.119e-03 	
       202.016	  3.120e-03 	
       203.040	  3.121e-03 	
       204.032	  3.123e-03 	
       205.024	  3.123e-03 	
       206.016	  3.121e-03 	
       207.039	  3.119e-03 	
       208.032	  3.121e-03 	
       209.024	  3.127e-03 	
       210.016	  3.132e-03 	
       211.040	  3.133e-03 	
       212.032	  3.131e-03 	
       213.024	  3.127e-03 	
       214.016	  3.126e-03 	
       215.040	  3.127e-03 	
       216.032	  3.128e-03 	
       217.024	  3.134e-03 	
       218.016	  3.142e-03 	
       219.041	  3.144e-03 	
       220.032	  3.143e-03 	
       221.024	  3.144e-03 	
       222.016	  3.140e-03 	
       223.040	  3.133e-03 	
       224.032	  3.130e-03 	
       225.024	  3.129e-03 	
       226.016	  3.129e-03 	
       227.040	  3.129e-03 	
       228.032	  3.128e-03 	
       229.024	  3.129e-03 	
       230.016	  3.127e-03 	
       231.040	  3.127e-03 	
       232.032	  3.125e-03 	
       233.025	  3.129e-03 	
       234.016	  3.134e-03 	
       235.040	  3.134e-03 	
       236.032	  3.135e-03 	
       237.024	  3.137e-03 	
       238.016	  3.135e-03 	
       239.040	  3.133e-03 	
       240.032	  3.132e-03 	
       241.024	  3.130e-03 	
       242.016	  3.128e-03 	
       243.008	  3.125e-03 	
       244.032	  3.124e-03 	
       245.024	  3.122e-03 	
       246.016	  3.120e-03 	
       247.008	  3.119e-03 	
       248.032	  3.116e-03 	
       249.025	  3.112e-03 	
       250.016	  3.110e-03 	
       251.008	  3.110e-03 	
       252.032	  3.112e-03 	
       253.024	  3.114e-03 	
       254.016	  3.112e-03 	
       255.008	  3.111e-03 	
       256.032	  3.111e-03 	
       257.024	  3.106e-03 	
       258.016	  3.100e-03 	
       259.008	  3.095e-03 	
       260.032	  3.094e-03 	
       261.023	  3.093e-03 	
       262.016	  3.092e-03 	
       263.008	  3.093e-03 	
       264.032	  3.094e-03 	
       265.024	  3.095e-03 	
       266.016	  3.098e-03 	
       267.008	  3.097e-03 	
       268.032	  3.095e-03 	
       269.024	  3.101e-03 	
       270.015	  3.106e-03 	
       271.008	  3.107e-03 	
       272.031	  3.105e-03 	
       273.024	  3.105e-03 	
       274.016	  3.105e-03 	
       275.008	  3.106e-03 	
       276.032	  3.110e-03 	
       277.023	  3.113e-03 	
       278.016	  3.114e-03 	
       279.008	  3.115e-03 	
       280.000	  3.115e-03 	
       281.024	  3.116e-03 	
       282.016	  3.117e-03 	
       283.008	  3.118e-03 	
       284.000	  3.119e-03 	
       285.024	  3.122e-03 	
       286.016	  3.125e-03 	
       287.008	  3.127e-03 	
       288.000	  3.132e-03 	
       289.024	  3.134e-03 	
       290.016	  3.136e-03 	
       291.008	  3.137e-03 	
       292.000	  3.138e-03 	
       293.024	  3.135e-03 	
       294.016	  3.134e-03 	
       295.008	  3.133e-03 	
       296.000	  3.134e-03 	
       297.024	  3.134e-03 	
       298.016	  3.135e-03 	
       299.008	  3.136e-03 	
       300.000	  3.137e-03 	
       301.024	  3.138e-03 	
       302.016	  3.138e-03 	
       303.008	  3.139e-03 	
       304.000	  3.140e-03 	
       305.024	  3.140e-03 	
       306.016	  3.140e-03 	
       307.008	  3.141e-03 	
       308.000	  3.140e-03 	
       309.028	  3.141e-03 	
       310.016	  3.141e-03 	
       311.007	  3.138e-03 	
       312.064	  3.135e-03 	
       313.023	  3.136e-03 	
       314.016	  3.137e-03 	
       315.008	  3.139e-03 	
       316.000	  3.139e-03 	
       317.024	  3.140e-03 	
       318.016	  3.146e-03 	
       319.008	  3.149e-03 	
       320.000	  3.149e-03 	
       321.088	  3.152e-03 	
       322.016	  3.154e-03 	
       323.007	  3.150e-03 	
       324.000	  3.148e-03 	
       325.088	  3.147e-03 	
       326.016	  3.146e-03 	
       327.007	  3.147e-03 	
       328.000	  3.146e-03 	
       329.088	  3.148e-03 	
       330.016	  3.150e-03 	
       331.008	  3.149e-03 	
       332.000	  3.145e-03 	
       333.088	  3.136e-03 	
       334.016	  3.133e-03 	
       335.008	  3.134e-03 	
       336.000	  3.135e-03 	
       337.056	  3.135e-03 	
       338.016	  3.134e-03 	
       339.008	  3.132e-03 	
       340.000	  3.131e-03 	
       341.056	  3.129e-03 	
       342.016	  3.131e-03 	
       343.008	  3.130e-03 	
       344.000	  3.130e-03 	
       345.056	  3.132e-03 	
       346.016	  3.134e-03 	
       347.008	  3.132e-03 	
       348.000	  3.131e-03 	
       349.056	  3.124e-03 	
       350.016	  3.122e-03 	
       351.008	  3.123e-03 	
       352.000	  3.123e-03 	
       353.056	  3.123e-03 	
       354.016	  3.124e-03 	
       355.008	  3.123e-03 	
       356.000	  3.123e-03 	
       357.056	  3.125e-03 	
       358.016	  3.126e-03 	
       359.007	  3.126e-03 	
       360.000	  3.124e-03 	
       361.056	  3.123e-03 	
       362.080	  3.123e-03 	
       363.008	  3.120e-03 	
       364.000	  3.111e-03 	
       365.056	  3.100e-03 	
       366.080	  3.093e-03 	
       367.007	  3.087e-03 	
       368.000	  3.082e-03 	
       369.056	  3.080e-03 	
       370.079	  3.079e-03 	
       371.008	  3.079e-03 	
       372.000	  3.079e-03 	
       373.056	  3.077e-03 	
       374.048	  3.078e-03 	
       375.008	  3.077e-03 	
       376.063	  3.078e-03 	
       377.056	  3.079e-03 	
       378.048	  3.078e-03 	
       379.008	  3.078e-03 	
       380.000	  3.078e-03 	
       381.056	  3.079e-03 	
       382.048	  3.084e-03 	
       383.008	  3.090e-03 	
       384.000	  3.099e-03 	
       385.056	  3.106e-03 	
       386.048	  3.115e-03 	
       387.008	  3.124e-03 	
       388.000	  3.129e-03 	
       389.056	  3.135e-03 	
       390.047	  3.135e-03 	
       391.008	  3.129e-03 	
       392.000	  3.119e-03 	
       393.056	  3.113e-03 	
       394.048	  3.109e-03 	
       395.009	  3.109e-03 	
       396.064	  3.109e-03 	
       397.056	  3.106e-03 	
       398.048	  3.106e-03 	
       399.007	  3.109e-03 	
       400.064	  3.115e-03 	
       401.056	  3.118e-03 	
       402.048	  3.119e-03 	
       403.072	  3.118e-03 	
       404.000	  3.116e-03 	
       405.056	  3.115e-03 	
       406.048	  3.117e-03 	
       407.072	  3.113e-03 	
       408.000	  3.113e-03 	
       409.056	  3.116e-03 	
       410.048	  3.114e-03 	
       411.072	  3.110e-03 	
       412.000	  3.107e-03 	
       413.056	  3.107e-03 	
       414.048	  3.107e-03 	
       415.040	  3.096e-03 	
       416.064	  3.092e-03 	
       417.056	  3.092e-03 	
       418.047	  3.090e-03 	
       419.040	  3.094e-03 	
       420.000	  3.100e-03 	
       421.055	  3.100e-03 	
       422.048	  3.097e-03 	
       423.040	  3.093e-03 	
       424.000	  3.087e-03 	
       425.056	  3.079e-03 	
       426.048	  3.073e-03 	
       427.040	  3.070e-03 	
       428.064	  3.069e-03 	
       429.056	  3.067e-03 	
       430.048	  3.067e-03 	
       431.040	  3.068e-03 	
       432.000	  3.069e-03 	
       433.056	  3.069e-03 	
       434.048	  3.070e-03 	
       435.040	  3.072e-03 	
       436.000	  3.077e-03 	
       437.056	  3.086e-03 	
       438.048	  3.094e-03 	
       439.040	  3.099e-03 	
       440.000	  3.102e-03 	
       441.056	  3.101e-03 	
       442.047	  3.102e-03 	
       443.040	  3.107e-03 	
       444.064	  3.110e-03 	
       445.056	  3.111e-03 	
       446.048	  3.108e-03 	
       447.040	  3.108e-03 	
       448.064	  3.109e-03 	
       449.055	  3.109e-03 	
       450.048	  3.110e-03 	
       451.039	  3.108e-03 	
       452.064	  3.107e-03 	
       453.055	  3.107e-03 	
       454.048	  3.105e-03 	
       455.040	  3.099e-03 	
       456.032	  3.092e-03 	
       457.057	  3.087e-03 	
       458.047	  3.084e-03 	
       459.040	  3.084e-03 	
       460.032	  3.084e-03 	
       461.056	  3.084e-03 	
       462.048	  3.085e-03 	
       463.039	  3.087e-03 	
       464.031	  3.087e-03 	
       465.056	  3.088e-03 	
       466.048	  3.090e-03 	
       467.040	  3.091e-03 	
       468.031	  3.092e-03 	
       469.056	  3.092e-03 	
       470.048	  3.093e-03 	
       471.040	  3.094e-03 	
       472.032	  3.095e-03 	
       473.056	  3.096e-03 	
       474.048	  3.097e-03 	
       475.040	  3.098e-03 	
       476.031	  3.098e-03 	
       477.056	  3.099e-03 	
       478.048	  3.100e-03 	
       479.040	  3.100e-03 	
       480.032	  3.100e-03 	
       481.055	  3.103e-03 	
       482.048	  3.119e-03 	
       483.039	  3.137e-03 	
       484.032	  3.147e-03 	
       485.056	  3.159e-03 	
       486.048	  3.164e-03 	
       487.040	  3.163e-03 	
       488.032	  3.158e-03 	
       489.056	  3.158e-03 	
       490.048	  3.156e-03 	
       491.039	  3.152e-03 	
       492.032	  3.151e-03 	
       493.056	  3.150e-03 	
       494.047	  3.153e-03 	
       495.040	  3.154e-03 	
       496.032	  3.153e-03 	
       497.024	  3.151e-03 	
       498.048	  3.150e-03 	
       499.040	  3.149e-03 	
       500.032	  3.148e-03 	
       501.023	  3.147e-03 	
       502.048	  3.149e-03 	
       503.039	  3.153e-03 	
       504.032	  3.152e-03 	
       505.024	  3.150e-03 	
       506.048	  3.148e-03 	
       507.040	  3.148e-03 	
       508.032	  3.148e-03 	
       509.024	  3.138e-03 	
       510.048	  3.138e-03 	
       511.039	  3.140e-03 	
       512.031	  3.141e-03 	
       513.023	  3.143e-03 	
       514.048	  3.136e-03 	
       515.039	  3.130e-03 	
       516.032	  3.130e-03 	
       517.024	  3.129e-03 	
       518.048	  3.138e-03 	
       519.040	  3.140e-03 	
       520.032	  3.133e-03 	
       521.023	  3.131e-03 	
       522.048	  3.130e-03 	
       523.040	  3.128e-03 	
       524.032	  3.131e-03 	
       525.023	  3.129e-03 	
       526.048	  3.124e-03 	
       527.040	  3.111e-03 	
       528.032	  3.111e-03 	
       529.023	  3.119e-03 	
       530.048	  3.121e-03 	
       531.039	  3.120e-03 	
       532.032	  3.116e-03 	
       533.024	  3.115e-03 	
       534.048	  3.114e-03 	
       535.039	  3.114e-03 	
       536.032	  3.113e-03 	
       537.024	  3.109e-03 	
       538.016	  3.108e-03 	
       539.039	  3.105e-03 	
       540.031	  3.100e-03 	
       541.024	  3.097e-03 	
       542.015	  3.096e-03 	
       543.039	  3.096e-03 	
       544.031	  3.097e-03 	
       545.023	  3.098e-03 	
       546.015	  3.098e-03 	
       547.040	  3.106e-03 	
       548.032	  3.109e-03 	
       549.024	  3.111e-03 	
       550.016	  3.114e-03 	
       551.039	  3.118e-03 	
       552.032	  3.118e-03 	
       553.024	  3.115e-03 	
       554.016	  3.113e-03 	
       555.039	  3.109e-03 	
       556.032	  3.109e-03 	
       557.023	  3.112e-03 	
       558.016	  3.112e-03 	
       559.040	  3.112e-03 	
       560.031	  3.113e-03 	
       561.024	  3.114e-03 	
       562.015	  3.114e-03 	
       563.040	  3.115e-03 	
       564.031	  3.116e-03 	
       565.023	  3.117e-03 	
       566.015	  3.118e-03 	
       567.039	  3.119e-03 	
       568.032	  3.119e-03 	
       569.024	  3.120e-03 	
       570.015	  3.120e-03 	
       571.039	  3.121e-03 	
       572.031	  3.122e-03 	
       573.023	  3.122e-03 	
       574.016	  3.123e-03 	
       575.008	  3.126e-03 	
       576.032	  3.130e-03 	
       577.023	  3.133e-03 	
       578.016	  3.137e-03 	
       579.007	  3.142e-03 	
       580.031	  3.143e-03 	
       581.024	  3.143e-03 	
       582.016	  3.143e-03 	
       583.008	  3.145e-03 	
       584.032	  3.143e-03 	
       585.024	  3.146e-03 	
       586.016	  3.147e-03 	
       587.008	  3.147e-03 	
       588.031	  3.141e-03 	
       589.024	  3.138e-03 	
       590.015	  3.137e-03 	
       591.008	  3.137e-03 	
       592.032	  3.138e-03 	
       593.024	  3.140e-03 	
       594.016	  3.140e-03 	
       595.008	  3.136e-03 	
       596.032	  3.128e-03 	
       597.023	  3.126e-03 	
       598.016	  3.133e-03 	
       599.008	  3.136e-03 	
