z1_new_m	d1_new_long_m
1.000000e-02	1.888604e-04
1.001000e-02	1.886641e-04
1.002000e-02	1.884677e-04
1.003000e-02	1.882714e-04
1.004000e-02	1.880751e-04
1.005000e-02	1.878788e-04
1.006000e-02	1.876824e-04
1.007000e-02	1.874861e-04
1.008000e-02	1.872898e-04
1.009000e-02	1.870935e-04
1.010000e-02	1.868971e-04
1.011000e-02	1.867008e-04
1.012000e-02	1.865045e-04
1.013000e-02	1.863082e-04
1.014000e-02	1.861118e-04
1.015000e-02	1.859155e-04
1.016000e-02	1.857192e-04
1.017000e-02	1.855228e-04
1.018000e-02	1.853265e-04
1.019000e-02	1.851302e-04
1.020000e-02	1.849339e-04
1.021000e-02	1.847375e-04
1.022000e-02	1.845412e-04
1.023000e-02	1.843449e-04
1.024000e-02	1.841486e-04
1.025000e-02	1.839522e-04
1.026000e-02	1.837559e-04
1.027000e-02	1.835596e-04
1.028000e-02	1.833633e-04
1.029000e-02	1.831669e-04
1.030000e-02	1.829706e-04
1.031000e-02	1.827743e-04
1.032000e-02	1.825780e-04
1.033000e-02	1.823816e-04
1.034000e-02	1.821853e-04
1.035000e-02	1.819890e-04
1.036000e-02	1.817927e-04
1.037000e-02	1.815963e-04
1.038000e-02	1.814000e-04
1.039000e-02	1.812037e-04
1.040000e-02	1.810074e-04
1.041000e-02	1.808110e-04
1.042000e-02	1.806147e-04
1.043000e-02	1.804184e-04
1.044000e-02	1.802220e-04
1.045000e-02	1.800257e-04
1.046000e-02	1.798294e-04
1.047000e-02	1.796331e-04
1.048000e-02	1.794367e-04
1.049000e-02	1.792404e-04
1.050000e-02	1.790441e-04
1.051000e-02	1.788478e-04
1.052000e-02	1.786514e-04
1.053000e-02	1.784551e-04
1.054000e-02	1.782588e-04
1.055000e-02	1.780625e-04
1.056000e-02	1.778661e-04
1.057000e-02	1.776698e-04
1.058000e-02	1.774735e-04
1.059000e-02	1.772772e-04
1.060000e-02	1.770808e-04
1.061000e-02	1.768845e-04
1.062000e-02	1.766882e-04
1.063000e-02	1.764919e-04
1.064000e-02	1.762955e-04
1.065000e-02	1.760992e-04
1.066000e-02	1.759029e-04
1.067000e-02	1.757065e-04
1.068000e-02	1.755102e-04
1.069000e-02	1.753139e-04
1.070000e-02	1.751176e-04
1.071000e-02	1.749212e-04
1.072000e-02	1.747249e-04
1.073000e-02	1.745286e-04
1.074000e-02	1.743323e-04
1.075000e-02	1.741359e-04
1.076000e-02	1.739396e-04
1.077000e-02	1.737433e-04
1.078000e-02	1.735470e-04
1.079000e-02	1.733506e-04
1.080000e-02	1.731543e-04
1.081000e-02	1.729580e-04
1.082000e-02	1.727617e-04
1.083000e-02	1.725653e-04
1.084000e-02	1.723690e-04
1.085000e-02	1.721727e-04
1.086000e-02	1.719764e-04
1.087000e-02	1.717800e-04
1.088000e-02	1.715837e-04
1.089000e-02	1.713874e-04
1.090000e-02	1.711911e-04
1.091000e-02	1.709947e-04
1.092000e-02	1.707984e-04
1.093000e-02	1.706021e-04
1.094000e-02	1.704057e-04
1.095000e-02	1.702094e-04
1.096000e-02	1.700131e-04
1.097000e-02	1.698168e-04
1.098000e-02	1.696204e-04
1.099000e-02	1.694241e-04
1.100000e-02	1.692278e-04
1.101000e-02	1.690331e-04
1.102000e-02	1.688384e-04
1.103000e-02	1.686437e-04
1.104000e-02	1.684489e-04
1.105000e-02	1.682542e-04
1.106000e-02	1.680595e-04
1.107000e-02	1.678648e-04
1.108000e-02	1.676701e-04
1.109000e-02	1.674754e-04
1.110000e-02	1.672807e-04
1.111000e-02	1.670860e-04
1.112000e-02	1.668913e-04
1.113000e-02	1.666965e-04
1.114000e-02	1.665018e-04
1.115000e-02	1.663071e-04
1.116000e-02	1.661124e-04
1.117000e-02	1.659177e-04
1.118000e-02	1.657230e-04
1.119000e-02	1.655283e-04
1.120000e-02	1.653336e-04
1.121000e-02	1.651389e-04
1.122000e-02	1.649441e-04
1.123000e-02	1.647494e-04
1.124000e-02	1.645547e-04
1.125000e-02	1.643600e-04
1.126000e-02	1.641653e-04
1.127000e-02	1.639706e-04
1.128000e-02	1.637759e-04
1.129000e-02	1.635812e-04
1.130000e-02	1.633865e-04
1.131000e-02	1.631917e-04
1.132000e-02	1.629970e-04
1.133000e-02	1.628023e-04
1.134000e-02	1.626076e-04
1.135000e-02	1.624129e-04
1.136000e-02	1.622182e-04
1.137000e-02	1.620235e-04
1.138000e-02	1.618288e-04
1.139000e-02	1.616340e-04
1.140000e-02	1.614393e-04
1.141000e-02	1.612446e-04
1.142000e-02	1.610499e-04
1.143000e-02	1.608552e-04
1.144000e-02	1.606605e-04
1.145000e-02	1.604658e-04
1.146000e-02	1.602711e-04
1.147000e-02	1.600764e-04
1.148000e-02	1.598816e-04
1.149000e-02	1.596869e-04
1.150000e-02	1.594922e-04
1.151000e-02	1.592975e-04
1.152000e-02	1.591028e-04
1.153000e-02	1.589081e-04
1.154000e-02	1.587134e-04
1.155000e-02	1.585187e-04
1.156000e-02	1.583240e-04
1.157000e-02	1.581292e-04
1.158000e-02	1.579345e-04
1.159000e-02	1.577398e-04
1.160000e-02	1.575451e-04
1.161000e-02	1.573504e-04
1.162000e-02	1.571557e-04
1.163000e-02	1.569610e-04
1.164000e-02	1.567663e-04
1.165000e-02	1.565716e-04
1.166000e-02	1.563768e-04
1.167000e-02	1.561821e-04
1.168000e-02	1.559874e-04
1.169000e-02	1.557927e-04
1.170000e-02	1.555980e-04
1.171000e-02	1.554033e-04
1.172000e-02	1.552086e-04
1.173000e-02	1.550139e-04
1.174000e-02	1.548191e-04
1.175000e-02	1.546244e-04
1.176000e-02	1.544297e-04
1.177000e-02	1.542350e-04
1.178000e-02	1.540403e-04
1.179000e-02	1.538456e-04
1.180000e-02	1.536509e-04
1.181000e-02	1.534562e-04
1.182000e-02	1.532615e-04
1.183000e-02	1.530667e-04
1.184000e-02	1.528720e-04
1.185000e-02	1.526773e-04
1.186000e-02	1.524826e-04
1.187000e-02	1.522879e-04
1.188000e-02	1.520932e-04
1.189000e-02	1.518985e-04
1.190000e-02	1.517038e-04
1.191000e-02	1.515091e-04
1.192000e-02	1.513143e-04
1.193000e-02	1.511196e-04
1.194000e-02	1.509249e-04
1.195000e-02	1.507302e-04
1.196000e-02	1.505355e-04
1.197000e-02	1.503408e-04
1.198000e-02	1.501461e-04
1.199000e-02	1.499514e-04
1.200000e-02	1.497567e-04
1.201000e-02	1.495643e-04
1.202000e-02	1.493719e-04
1.203000e-02	1.491795e-04
1.204000e-02	1.489872e-04
1.205000e-02	1.487948e-04
1.206000e-02	1.486024e-04
1.207000e-02	1.484100e-04
1.208000e-02	1.482177e-04
1.209000e-02	1.480253e-04
1.210000e-02	1.478329e-04
1.211000e-02	1.476405e-04
1.212000e-02	1.474482e-04
1.213000e-02	1.472558e-04
1.214000e-02	1.470634e-04
1.215000e-02	1.468710e-04
1.216000e-02	1.466787e-04
1.217000e-02	1.464863e-04
1.218000e-02	1.462939e-04
1.219000e-02	1.461015e-04
1.220000e-02	1.459092e-04
1.221000e-02	1.457168e-04
1.222000e-02	1.455244e-04
1.223000e-02	1.453320e-04
1.224000e-02	1.451397e-04
1.225000e-02	1.449473e-04
1.226000e-02	1.447549e-04
1.227000e-02	1.445626e-04
1.228000e-02	1.443702e-04
1.229000e-02	1.441778e-04
1.230000e-02	1.439854e-04
1.231000e-02	1.437931e-04
1.232000e-02	1.436007e-04
1.233000e-02	1.434083e-04
1.234000e-02	1.432159e-04
1.235000e-02	1.430236e-04
1.236000e-02	1.428312e-04
1.237000e-02	1.426388e-04
1.238000e-02	1.424464e-04
1.239000e-02	1.422541e-04
1.240000e-02	1.420617e-04
1.241000e-02	1.418693e-04
1.242000e-02	1.416769e-04
1.243000e-02	1.414846e-04
1.244000e-02	1.412922e-04
1.245000e-02	1.410998e-04
1.246000e-02	1.409074e-04
1.247000e-02	1.407151e-04
1.248000e-02	1.405227e-04
1.249000e-02	1.403303e-04
1.250000e-02	1.401380e-04
1.251000e-02	1.399456e-04
1.252000e-02	1.397532e-04
1.253000e-02	1.395608e-04
1.254000e-02	1.393685e-04
1.255000e-02	1.391761e-04
1.256000e-02	1.389837e-04
1.257000e-02	1.387913e-04
1.258000e-02	1.385990e-04
1.259000e-02	1.384066e-04
1.260000e-02	1.382142e-04
1.261000e-02	1.380218e-04
1.262000e-02	1.378295e-04
1.263000e-02	1.376371e-04
1.264000e-02	1.374447e-04
1.265000e-02	1.372523e-04
1.266000e-02	1.370600e-04
1.267000e-02	1.368676e-04
1.268000e-02	1.366752e-04
1.269000e-02	1.364828e-04
1.270000e-02	1.362905e-04
1.271000e-02	1.360981e-04
1.272000e-02	1.359057e-04
1.273000e-02	1.357133e-04
1.274000e-02	1.355210e-04
1.275000e-02	1.353286e-04
1.276000e-02	1.351362e-04
1.277000e-02	1.349439e-04
1.278000e-02	1.347515e-04
1.279000e-02	1.345591e-04
1.280000e-02	1.343667e-04
1.281000e-02	1.341744e-04
1.282000e-02	1.339820e-04
1.283000e-02	1.337896e-04
1.284000e-02	1.335972e-04
1.285000e-02	1.334049e-04
1.286000e-02	1.332125e-04
1.287000e-02	1.330201e-04
1.288000e-02	1.328277e-04
1.289000e-02	1.326354e-04
1.290000e-02	1.324430e-04
1.291000e-02	1.322506e-04
1.292000e-02	1.320582e-04
1.293000e-02	1.318659e-04
1.294000e-02	1.316735e-04
1.295000e-02	1.314811e-04
1.296000e-02	1.312887e-04
1.297000e-02	1.310964e-04
1.298000e-02	1.309040e-04
1.299000e-02	1.307116e-04
1.300000e-02	1.305192e-04
1.301000e-02	1.303304e-04
1.302000e-02	1.301416e-04
1.303000e-02	1.299528e-04
1.304000e-02	1.297639e-04
1.305000e-02	1.295751e-04
1.306000e-02	1.293863e-04
1.307000e-02	1.291975e-04
1.308000e-02	1.290086e-04
1.309000e-02	1.288198e-04
1.310000e-02	1.286310e-04
1.311000e-02	1.284421e-04
1.312000e-02	1.282533e-04
1.313000e-02	1.280645e-04
1.314000e-02	1.278757e-04
1.315000e-02	1.276868e-04
1.316000e-02	1.274980e-04
1.317000e-02	1.273092e-04
1.318000e-02	1.271204e-04
1.319000e-02	1.269315e-04
1.320000e-02	1.267427e-04
1.321000e-02	1.265539e-04
1.322000e-02	1.263650e-04
1.323000e-02	1.261762e-04
1.324000e-02	1.259874e-04
1.325000e-02	1.257986e-04
1.326000e-02	1.256097e-04
1.327000e-02	1.254209e-04
1.328000e-02	1.252321e-04
1.329000e-02	1.250432e-04
1.330000e-02	1.248544e-04
1.331000e-02	1.246656e-04
1.332000e-02	1.244768e-04
1.333000e-02	1.242879e-04
1.334000e-02	1.240991e-04
1.335000e-02	1.239103e-04
1.336000e-02	1.237215e-04
1.337000e-02	1.235326e-04
1.338000e-02	1.233438e-04
1.339000e-02	1.231550e-04
1.340000e-02	1.229661e-04
1.341000e-02	1.227773e-04
1.342000e-02	1.225885e-04
1.343000e-02	1.223997e-04
1.344000e-02	1.222108e-04
1.345000e-02	1.220220e-04
1.346000e-02	1.218332e-04
1.347000e-02	1.216443e-04
1.348000e-02	1.214555e-04
1.349000e-02	1.212667e-04
1.350000e-02	1.210779e-04
1.351000e-02	1.208890e-04
1.352000e-02	1.207002e-04
1.353000e-02	1.205114e-04
1.354000e-02	1.203226e-04
1.355000e-02	1.201337e-04
1.356000e-02	1.199449e-04
1.357000e-02	1.197561e-04
1.358000e-02	1.195672e-04
1.359000e-02	1.193784e-04
1.360000e-02	1.191896e-04
1.361000e-02	1.190008e-04
1.362000e-02	1.188119e-04
1.363000e-02	1.186231e-04
1.364000e-02	1.184343e-04
1.365000e-02	1.182454e-04
1.366000e-02	1.180566e-04
1.367000e-02	1.178678e-04
1.368000e-02	1.176790e-04
1.369000e-02	1.174901e-04
1.370000e-02	1.173013e-04
1.371000e-02	1.171125e-04
1.372000e-02	1.169237e-04
1.373000e-02	1.167348e-04
1.374000e-02	1.165460e-04
1.375000e-02	1.163572e-04
1.376000e-02	1.161683e-04
1.377000e-02	1.159795e-04
1.378000e-02	1.157907e-04
1.379000e-02	1.156019e-04
1.380000e-02	1.154130e-04
1.381000e-02	1.152242e-04
1.382000e-02	1.150354e-04
1.383000e-02	1.148466e-04
1.384000e-02	1.146577e-04
1.385000e-02	1.144689e-04
1.386000e-02	1.142801e-04
1.387000e-02	1.140912e-04
1.388000e-02	1.139024e-04
1.389000e-02	1.137136e-04
1.390000e-02	1.135248e-04
1.391000e-02	1.133359e-04
1.392000e-02	1.131471e-04
1.393000e-02	1.129583e-04
1.394000e-02	1.127694e-04
1.395000e-02	1.125806e-04
1.396000e-02	1.123918e-04
1.397000e-02	1.122030e-04
1.398000e-02	1.120141e-04
1.399000e-02	1.118253e-04
1.400000e-02	1.116365e-04
1.401000e-02	1.114552e-04
1.402000e-02	1.112739e-04
1.403000e-02	1.110926e-04
1.404000e-02	1.109112e-04
1.405000e-02	1.107299e-04
1.406000e-02	1.105486e-04
1.407000e-02	1.103673e-04
1.408000e-02	1.101860e-04
1.409000e-02	1.100047e-04
1.410000e-02	1.098234e-04
1.411000e-02	1.096421e-04
1.412000e-02	1.094608e-04
1.413000e-02	1.092795e-04
1.414000e-02	1.090982e-04
1.415000e-02	1.089169e-04
1.416000e-02	1.087356e-04
1.417000e-02	1.085542e-04
1.418000e-02	1.083729e-04
1.419000e-02	1.081916e-04
1.420000e-02	1.080103e-04
1.421000e-02	1.078290e-04
1.422000e-02	1.076477e-04
1.423000e-02	1.074664e-04
1.424000e-02	1.072851e-04
1.425000e-02	1.071038e-04
1.426000e-02	1.069225e-04
1.427000e-02	1.067412e-04
1.428000e-02	1.065599e-04
1.429000e-02	1.063785e-04
1.430000e-02	1.061972e-04
1.431000e-02	1.060159e-04
1.432000e-02	1.058346e-04
1.433000e-02	1.056533e-04
1.434000e-02	1.054720e-04
1.435000e-02	1.052907e-04
1.436000e-02	1.051094e-04
1.437000e-02	1.049281e-04
1.438000e-02	1.047468e-04
1.439000e-02	1.045655e-04
1.440000e-02	1.043842e-04
1.441000e-02	1.042029e-04
1.442000e-02	1.040215e-04
1.443000e-02	1.038402e-04
1.444000e-02	1.036589e-04
1.445000e-02	1.034776e-04
1.446000e-02	1.032963e-04
1.447000e-02	1.031150e-04
1.448000e-02	1.029337e-04
1.449000e-02	1.027524e-04
1.450000e-02	1.025711e-04
1.451000e-02	1.023898e-04
1.452000e-02	1.022085e-04
1.453000e-02	1.020272e-04
1.454000e-02	1.018458e-04
1.455000e-02	1.016645e-04
1.456000e-02	1.014832e-04
1.457000e-02	1.013019e-04
1.458000e-02	1.011206e-04
1.459000e-02	1.009393e-04
1.460000e-02	1.007580e-04
1.461000e-02	1.005767e-04
1.462000e-02	1.003954e-04
1.463000e-02	1.002141e-04
1.464000e-02	1.000328e-04
1.465000e-02	9.985146e-05
1.466000e-02	9.967015e-05
1.467000e-02	9.948885e-05
1.468000e-02	9.930754e-05
1.469000e-02	9.912623e-05
1.470000e-02	9.894492e-05
1.471000e-02	9.876361e-05
1.472000e-02	9.858231e-05
1.473000e-02	9.840100e-05
1.474000e-02	9.821969e-05
1.475000e-02	9.803838e-05
1.476000e-02	9.785707e-05
1.477000e-02	9.767577e-05
1.478000e-02	9.749446e-05
1.479000e-02	9.731315e-05
1.480000e-02	9.713184e-05
1.481000e-02	9.695053e-05
1.482000e-02	9.676923e-05
1.483000e-02	9.658792e-05
1.484000e-02	9.640661e-05
1.485000e-02	9.622530e-05
1.486000e-02	9.604399e-05
1.487000e-02	9.586269e-05
1.488000e-02	9.568138e-05
1.489000e-02	9.550007e-05
1.490000e-02	9.531876e-05
1.491000e-02	9.513745e-05
1.492000e-02	9.495615e-05
1.493000e-02	9.477484e-05
1.494000e-02	9.459353e-05
1.495000e-02	9.441222e-05
1.496000e-02	9.423091e-05
1.497000e-02	9.404961e-05
1.498000e-02	9.386830e-05
1.499000e-02	9.368699e-05
1.500000e-02	9.350568e-05
1.501000e-02	9.332437e-05
1.502000e-02	9.314307e-05
1.503000e-02	9.296176e-05
1.504000e-02	9.278045e-05
1.505000e-02	9.259914e-05
1.506000e-02	9.241783e-05
1.507000e-02	9.223653e-05
1.508000e-02	9.205522e-05
1.509000e-02	9.187391e-05
1.510000e-02	9.169260e-05
1.511000e-02	9.151129e-05
1.512000e-02	9.132999e-05
1.513000e-02	9.114868e-05
1.514000e-02	9.096737e-05
1.515000e-02	9.078606e-05
1.516000e-02	9.060475e-05
1.517000e-02	9.042345e-05
1.518000e-02	9.024214e-05
1.519000e-02	9.006083e-05
1.520000e-02	8.987952e-05
1.521000e-02	8.969821e-05
1.522000e-02	8.951691e-05
1.523000e-02	8.933560e-05
1.524000e-02	8.915429e-05
1.525000e-02	8.897298e-05
1.526000e-02	8.879167e-05
1.527000e-02	8.861037e-05
1.528000e-02	8.842906e-05
1.529000e-02	8.824775e-05
1.530000e-02	8.806644e-05
1.531000e-02	8.788513e-05
1.532000e-02	8.770383e-05
1.533000e-02	8.752252e-05
1.534000e-02	8.734121e-05
1.535000e-02	8.715990e-05
1.536000e-02	8.697859e-05
1.537000e-02	8.679729e-05
1.538000e-02	8.661598e-05
1.539000e-02	8.643467e-05
1.540000e-02	8.625336e-05
1.541000e-02	8.607205e-05
1.542000e-02	8.589075e-05
1.543000e-02	8.572373e-05
1.544000e-02	8.555671e-05
1.545000e-02	8.538970e-05
1.546000e-02	8.522268e-05
1.547000e-02	8.505567e-05
1.548000e-02	8.488865e-05
1.549000e-02	8.472164e-05
1.550000e-02	8.455462e-05
1.551000e-02	8.438760e-05
1.552000e-02	8.422059e-05
1.553000e-02	8.405357e-05
1.554000e-02	8.388656e-05
1.555000e-02	8.371954e-05
1.556000e-02	8.355252e-05
1.557000e-02	8.338551e-05
1.558000e-02	8.321849e-05
1.559000e-02	8.305148e-05
1.560000e-02	8.288446e-05
1.561000e-02	8.271744e-05
1.562000e-02	8.255043e-05
1.563000e-02	8.238341e-05
1.564000e-02	8.221640e-05
1.565000e-02	8.204938e-05
1.566000e-02	8.188236e-05
1.567000e-02	8.171535e-05
1.568000e-02	8.154833e-05
1.569000e-02	8.138132e-05
1.570000e-02	8.121430e-05
1.571000e-02	8.104728e-05
1.572000e-02	8.088027e-05
1.573000e-02	8.071325e-05
1.574000e-02	8.054624e-05
1.575000e-02	8.037922e-05
1.576000e-02	8.021220e-05
1.577000e-02	8.004519e-05
1.578000e-02	7.987817e-05
1.579000e-02	7.971116e-05
1.580000e-02	7.954414e-05
1.581000e-02	7.937712e-05
1.582000e-02	7.921011e-05
1.583000e-02	7.904309e-05
1.584000e-02	7.887608e-05
1.585000e-02	7.870906e-05
1.586000e-02	7.854204e-05
1.587000e-02	7.837503e-05
1.588000e-02	7.820801e-05
1.589000e-02	7.804100e-05
1.590000e-02	7.787398e-05
1.591000e-02	7.770696e-05
1.592000e-02	7.753995e-05
1.593000e-02	7.737293e-05
1.594000e-02	7.720592e-05
1.595000e-02	7.703890e-05
1.596000e-02	7.687188e-05
1.597000e-02	7.670487e-05
1.598000e-02	7.653785e-05
1.599000e-02	7.637084e-05
1.600000e-02	7.620382e-05
1.601000e-02	7.603680e-05
1.602000e-02	7.586979e-05
1.603000e-02	7.570277e-05
1.604000e-02	7.553576e-05
1.605000e-02	7.536874e-05
1.606000e-02	7.520172e-05
1.607000e-02	7.503471e-05
1.608000e-02	7.486769e-05
1.609000e-02	7.470068e-05
1.610000e-02	7.453366e-05
1.611000e-02	7.436664e-05
1.612000e-02	7.419963e-05
1.613000e-02	7.403261e-05
1.614000e-02	7.386560e-05
1.615000e-02	7.369858e-05
1.616000e-02	7.353156e-05
1.617000e-02	7.336455e-05
1.618000e-02	7.319753e-05
1.619000e-02	7.303052e-05
1.620000e-02	7.286350e-05
1.621000e-02	7.269648e-05
1.622000e-02	7.252947e-05
1.623000e-02	7.236245e-05
1.624000e-02	7.219544e-05
1.625000e-02	7.202842e-05
1.626000e-02	7.186141e-05
1.627000e-02	7.169439e-05
1.628000e-02	7.152737e-05
1.629000e-02	7.136036e-05
1.630000e-02	7.119334e-05
1.631000e-02	7.102633e-05
1.632000e-02	7.085931e-05
1.633000e-02	7.069229e-05
1.634000e-02	7.052528e-05
1.635000e-02	7.035826e-05
1.636000e-02	7.019125e-05
1.637000e-02	7.002423e-05
1.638000e-02	6.985721e-05
1.639000e-02	6.969020e-05
1.640000e-02	6.952318e-05
1.641000e-02	6.935617e-05
1.642000e-02	6.918915e-05
1.643000e-02	6.904646e-05
1.644000e-02	6.890378e-05
1.645000e-02	6.876109e-05
1.646000e-02	6.861841e-05
1.647000e-02	6.847572e-05
1.648000e-02	6.833303e-05
1.649000e-02	6.819035e-05
1.650000e-02	6.804766e-05
1.651000e-02	6.790498e-05
1.652000e-02	6.776229e-05
1.653000e-02	6.761960e-05
1.654000e-02	6.747692e-05
1.655000e-02	6.733423e-05
1.656000e-02	6.719155e-05
1.657000e-02	6.704886e-05
1.658000e-02	6.690617e-05
1.659000e-02	6.676349e-05
1.660000e-02	6.662080e-05
1.661000e-02	6.647812e-05
1.662000e-02	6.633543e-05
1.663000e-02	6.619274e-05
1.664000e-02	6.605006e-05
1.665000e-02	6.590737e-05
1.666000e-02	6.576469e-05
1.667000e-02	6.562200e-05
1.668000e-02	6.547931e-05
1.669000e-02	6.533663e-05
1.670000e-02	6.519394e-05
1.671000e-02	6.505126e-05
1.672000e-02	6.490857e-05
1.673000e-02	6.476588e-05
1.674000e-02	6.462320e-05
1.675000e-02	6.448051e-05
1.676000e-02	6.433782e-05
1.677000e-02	6.419514e-05
1.678000e-02	6.405245e-05
1.679000e-02	6.390977e-05
1.680000e-02	6.376708e-05
1.681000e-02	6.362439e-05
1.682000e-02	6.348171e-05
1.683000e-02	6.333902e-05
1.684000e-02	6.319634e-05
1.685000e-02	6.305365e-05
1.686000e-02	6.291096e-05
1.687000e-02	6.276828e-05
1.688000e-02	6.262559e-05
1.689000e-02	6.248291e-05
1.690000e-02	6.234022e-05
1.691000e-02	6.219753e-05
1.692000e-02	6.205485e-05
1.693000e-02	6.191216e-05
1.694000e-02	6.176948e-05
1.695000e-02	6.162679e-05
1.696000e-02	6.148410e-05
1.697000e-02	6.134142e-05
1.698000e-02	6.119873e-05
1.699000e-02	6.105605e-05
1.700000e-02	6.091336e-05
1.701000e-02	6.077067e-05
1.702000e-02	6.062799e-05
1.703000e-02	6.048530e-05
1.704000e-02	6.034262e-05
1.705000e-02	6.019993e-05
1.706000e-02	6.005724e-05
1.707000e-02	5.991456e-05
1.708000e-02	5.977187e-05
1.709000e-02	5.962919e-05
1.710000e-02	5.948650e-05
1.711000e-02	5.934381e-05
1.712000e-02	5.920113e-05
1.713000e-02	5.905844e-05
1.714000e-02	5.891576e-05
1.715000e-02	5.877307e-05
1.716000e-02	5.863038e-05
1.717000e-02	5.848770e-05
1.718000e-02	5.834501e-05
1.719000e-02	5.820233e-05
1.720000e-02	5.805964e-05
1.721000e-02	5.791695e-05
1.722000e-02	5.777427e-05
1.723000e-02	5.763158e-05
1.724000e-02	5.748890e-05
1.725000e-02	5.734621e-05
1.726000e-02	5.720352e-05
1.727000e-02	5.706084e-05
1.728000e-02	5.691815e-05
1.729000e-02	5.677547e-05
1.730000e-02	5.663278e-05
1.731000e-02	5.649009e-05
1.732000e-02	5.634741e-05
1.733000e-02	5.620472e-05
1.734000e-02	5.606204e-05
1.735000e-02	5.591935e-05
1.736000e-02	5.577666e-05
1.737000e-02	5.563398e-05
1.738000e-02	5.549129e-05
1.739000e-02	5.534861e-05
1.740000e-02	5.520592e-05
1.741000e-02	5.506323e-05
1.742000e-02	5.492055e-05
1.743000e-02	5.482572e-05
1.744000e-02	5.473090e-05
1.745000e-02	5.463607e-05
1.746000e-02	5.454124e-05
1.747000e-02	5.444642e-05
1.748000e-02	5.435159e-05
1.749000e-02	5.425676e-05
1.750000e-02	5.416194e-05
1.751000e-02	5.406711e-05
1.752000e-02	5.397229e-05
1.753000e-02	5.387746e-05
1.754000e-02	5.378263e-05
1.755000e-02	5.368781e-05
1.756000e-02	5.359298e-05
1.757000e-02	5.349815e-05
1.758000e-02	5.340333e-05
1.759000e-02	5.330850e-05
1.760000e-02	5.321368e-05
1.761000e-02	5.311885e-05
1.762000e-02	5.302402e-05
1.763000e-02	5.292920e-05
1.764000e-02	5.283437e-05
1.765000e-02	5.273954e-05
1.766000e-02	5.264472e-05
1.767000e-02	5.254989e-05
1.768000e-02	5.245507e-05
1.769000e-02	5.236024e-05
1.770000e-02	5.226541e-05
1.771000e-02	5.217059e-05
1.772000e-02	5.207576e-05
1.773000e-02	5.198093e-05
1.774000e-02	5.188611e-05
1.775000e-02	5.179128e-05
1.776000e-02	5.169646e-05
1.777000e-02	5.160163e-05
1.778000e-02	5.150680e-05
1.779000e-02	5.141198e-05
1.780000e-02	5.131715e-05
1.781000e-02	5.122232e-05
1.782000e-02	5.112750e-05
1.783000e-02	5.103267e-05
1.784000e-02	5.093785e-05
1.785000e-02	5.084302e-05
1.786000e-02	5.074819e-05
1.787000e-02	5.065337e-05
1.788000e-02	5.055854e-05
1.789000e-02	5.046371e-05
1.790000e-02	5.036889e-05
1.791000e-02	5.027406e-05
1.792000e-02	5.017924e-05
1.793000e-02	5.008441e-05
1.794000e-02	4.998958e-05
1.795000e-02	4.989476e-05
1.796000e-02	4.979993e-05
1.797000e-02	4.970510e-05
1.798000e-02	4.961028e-05
1.799000e-02	4.951545e-05
1.800000e-02	4.942063e-05
1.801000e-02	4.932580e-05
1.802000e-02	4.923097e-05
1.803000e-02	4.913615e-05
1.804000e-02	4.904132e-05
1.805000e-02	4.894649e-05
1.806000e-02	4.885167e-05
1.807000e-02	4.875684e-05
1.808000e-02	4.866202e-05
1.809000e-02	4.856719e-05
1.810000e-02	4.847236e-05
1.811000e-02	4.837754e-05
1.812000e-02	4.828271e-05
1.813000e-02	4.818788e-05
1.814000e-02	4.809306e-05
1.815000e-02	4.799823e-05
1.816000e-02	4.790341e-05
1.817000e-02	4.780858e-05
1.818000e-02	4.771375e-05
1.819000e-02	4.761893e-05
1.820000e-02	4.752410e-05
1.821000e-02	4.742927e-05
1.822000e-02	4.733445e-05
1.823000e-02	4.723962e-05
1.824000e-02	4.714480e-05
1.825000e-02	4.704997e-05
1.826000e-02	4.695514e-05
1.827000e-02	4.686032e-05
1.828000e-02	4.676549e-05
1.829000e-02	4.667066e-05
1.830000e-02	4.657584e-05
1.831000e-02	4.648101e-05
1.832000e-02	4.638619e-05
1.833000e-02	4.629136e-05
1.834000e-02	4.619653e-05
1.835000e-02	4.610171e-05
1.836000e-02	4.600688e-05
1.837000e-02	4.591205e-05
1.838000e-02	4.581723e-05
1.839000e-02	4.572240e-05
1.840000e-02	4.562758e-05
1.841000e-02	4.553275e-05
1.842000e-02	4.543792e-05
1.843000e-02	4.542311e-05
1.844000e-02	4.540829e-05
1.845000e-02	4.539347e-05
1.846000e-02	4.537866e-05
1.847000e-02	4.536384e-05
1.848000e-02	4.534902e-05
1.849000e-02	4.533421e-05
1.850000e-02	4.531939e-05
1.851000e-02	4.530457e-05
1.852000e-02	4.528976e-05
1.853000e-02	4.527494e-05
1.854000e-02	4.526012e-05
1.855000e-02	4.524531e-05
1.856000e-02	4.523049e-05
1.857000e-02	4.521567e-05
1.858000e-02	4.520086e-05
1.859000e-02	4.518604e-05
1.860000e-02	4.517123e-05
1.861000e-02	4.515641e-05
1.862000e-02	4.514159e-05
1.863000e-02	4.512678e-05
1.864000e-02	4.511196e-05
1.865000e-02	4.509714e-05
1.866000e-02	4.508233e-05
1.867000e-02	4.506751e-05
1.868000e-02	4.505269e-05
1.869000e-02	4.503788e-05
1.870000e-02	4.502306e-05
1.871000e-02	4.500824e-05
1.872000e-02	4.499343e-05
1.873000e-02	4.497861e-05
1.874000e-02	4.496379e-05
1.875000e-02	4.494898e-05
1.876000e-02	4.493416e-05
1.877000e-02	4.491934e-05
1.878000e-02	4.490453e-05
1.879000e-02	4.488971e-05
1.880000e-02	4.487489e-05
1.881000e-02	4.486008e-05
1.882000e-02	4.484526e-05
1.883000e-02	4.483044e-05
1.884000e-02	4.481563e-05
1.885000e-02	4.480081e-05
1.886000e-02	4.478599e-05
1.887000e-02	4.477118e-05
1.888000e-02	4.475636e-05
1.889000e-02	4.474154e-05
1.890000e-02	4.472673e-05
1.891000e-02	4.471191e-05
1.892000e-02	4.469709e-05
1.893000e-02	4.468228e-05
1.894000e-02	4.466746e-05
1.895000e-02	4.465265e-05
1.896000e-02	4.463783e-05
1.897000e-02	4.462301e-05
1.898000e-02	4.460820e-05
1.899000e-02	4.459338e-05
1.900000e-02	4.457856e-05
1.901000e-02	4.456375e-05
1.902000e-02	4.454893e-05
1.903000e-02	4.453411e-05
1.904000e-02	4.451930e-05
1.905000e-02	4.450448e-05
1.906000e-02	4.448966e-05
1.907000e-02	4.447485e-05
1.908000e-02	4.446003e-05
1.909000e-02	4.444521e-05
1.910000e-02	4.443040e-05
1.911000e-02	4.441558e-05
1.912000e-02	4.440076e-05
1.913000e-02	4.438595e-05
1.914000e-02	4.437113e-05
1.915000e-02	4.435631e-05
1.916000e-02	4.434150e-05
1.917000e-02	4.432668e-05
1.918000e-02	4.431186e-05
1.919000e-02	4.429705e-05
1.920000e-02	4.428223e-05
1.921000e-02	4.426741e-05
1.922000e-02	4.425260e-05
1.923000e-02	4.423778e-05
1.924000e-02	4.422296e-05
1.925000e-02	4.420815e-05
1.926000e-02	4.419333e-05
1.927000e-02	4.417852e-05
1.928000e-02	4.416370e-05
1.929000e-02	4.414888e-05
1.930000e-02	4.413407e-05
1.931000e-02	4.411925e-05
1.932000e-02	4.410443e-05
1.933000e-02	4.408962e-05
1.934000e-02	4.407480e-05
1.935000e-02	4.405998e-05
1.936000e-02	4.404517e-05
1.937000e-02	4.403035e-05
1.938000e-02	4.401553e-05
1.939000e-02	4.400072e-05
1.940000e-02	4.398590e-05
1.941000e-02	4.397108e-05
1.942000e-02	4.395627e-05
1.943000e-02	4.401271e-05
1.944000e-02	4.406916e-05
1.945000e-02	4.412561e-05
1.946000e-02	4.418206e-05
1.947000e-02	4.423850e-05
1.948000e-02	4.429495e-05
1.949000e-02	4.435140e-05
1.950000e-02	4.440785e-05
1.951000e-02	4.446429e-05
1.952000e-02	4.452074e-05
1.953000e-02	4.457719e-05
1.954000e-02	4.463364e-05
1.955000e-02	4.469008e-05
1.956000e-02	4.474653e-05
1.957000e-02	4.480298e-05
1.958000e-02	4.485943e-05
1.959000e-02	4.491587e-05
1.960000e-02	4.497232e-05
1.961000e-02	4.502877e-05
1.962000e-02	4.508522e-05
1.963000e-02	4.514166e-05
1.964000e-02	4.519811e-05
1.965000e-02	4.525456e-05
1.966000e-02	4.531101e-05
1.967000e-02	4.536745e-05
1.968000e-02	4.542390e-05
1.969000e-02	4.548035e-05
1.970000e-02	4.553680e-05
1.971000e-02	4.559324e-05
1.972000e-02	4.564969e-05
1.973000e-02	4.570614e-05
1.974000e-02	4.576258e-05
1.975000e-02	4.581903e-05
1.976000e-02	4.587548e-05
1.977000e-02	4.593193e-05
1.978000e-02	4.598837e-05
1.979000e-02	4.604482e-05
1.980000e-02	4.610127e-05
1.981000e-02	4.615772e-05
1.982000e-02	4.621416e-05
1.983000e-02	4.627061e-05
1.984000e-02	4.632706e-05
1.985000e-02	4.638351e-05
1.986000e-02	4.643995e-05
1.987000e-02	4.649640e-05
1.988000e-02	4.655285e-05
1.989000e-02	4.660930e-05
1.990000e-02	4.666574e-05
1.991000e-02	4.672219e-05
1.992000e-02	4.677864e-05
1.993000e-02	4.683509e-05
1.994000e-02	4.689153e-05
1.995000e-02	4.694798e-05
1.996000e-02	4.700443e-05
1.997000e-02	4.706088e-05
1.998000e-02	4.711732e-05
1.999000e-02	4.717377e-05
2.000000e-02	4.723022e-05
2.001000e-02	4.734038e-05
2.002000e-02	4.745053e-05
2.003000e-02	4.756069e-05
2.004000e-02	4.767085e-05
2.005000e-02	4.778101e-05
2.006000e-02	4.789116e-05
2.007000e-02	4.800132e-05
2.008000e-02	4.811148e-05
2.009000e-02	4.822164e-05
2.010000e-02	4.833179e-05
2.011000e-02	4.844195e-05
2.012000e-02	4.855211e-05
2.013000e-02	4.866227e-05
2.014000e-02	4.877243e-05
2.015000e-02	4.888258e-05
2.016000e-02	4.899274e-05
2.017000e-02	4.910290e-05
2.018000e-02	4.921306e-05
2.019000e-02	4.932321e-05
2.020000e-02	4.943337e-05
2.021000e-02	4.954353e-05
2.022000e-02	4.965369e-05
2.023000e-02	4.976384e-05
2.024000e-02	4.987400e-05
2.025000e-02	4.998416e-05
2.026000e-02	5.009432e-05
2.027000e-02	5.020447e-05
2.028000e-02	5.031463e-05
2.029000e-02	5.042479e-05
2.030000e-02	5.053495e-05
2.031000e-02	5.064510e-05
2.032000e-02	5.075526e-05
2.033000e-02	5.086542e-05
2.034000e-02	5.097558e-05
2.035000e-02	5.108573e-05
2.036000e-02	5.119589e-05
2.037000e-02	5.130605e-05
2.038000e-02	5.141621e-05
2.039000e-02	5.152637e-05
2.040000e-02	5.163652e-05
2.041000e-02	5.174668e-05
2.042000e-02	5.185684e-05
2.043000e-02	5.196700e-05
2.044000e-02	5.207715e-05
2.045000e-02	5.218731e-05
2.046000e-02	5.229747e-05
2.047000e-02	5.240763e-05
2.048000e-02	5.251778e-05
2.049000e-02	5.262794e-05
2.050000e-02	5.273810e-05
2.051000e-02	5.284826e-05
2.052000e-02	5.295841e-05
2.053000e-02	5.306857e-05
2.054000e-02	5.317873e-05
2.055000e-02	5.328889e-05
2.056000e-02	5.339904e-05
2.057000e-02	5.350920e-05
2.058000e-02	5.361936e-05
2.059000e-02	5.372952e-05
2.060000e-02	5.383967e-05
2.061000e-02	5.394983e-05
2.062000e-02	5.405999e-05
2.063000e-02	5.417015e-05
2.064000e-02	5.428031e-05
2.065000e-02	5.439046e-05
2.066000e-02	5.450062e-05
2.067000e-02	5.461078e-05
2.068000e-02	5.472094e-05
2.069000e-02	5.483109e-05
2.070000e-02	5.494125e-05
2.071000e-02	5.505141e-05
2.072000e-02	5.516157e-05
2.073000e-02	5.527172e-05
2.074000e-02	5.538188e-05
2.075000e-02	5.549204e-05
2.076000e-02	5.560220e-05
2.077000e-02	5.571235e-05
2.078000e-02	5.582251e-05
2.079000e-02	5.593267e-05
2.080000e-02	5.604283e-05
2.081000e-02	5.615298e-05
2.082000e-02	5.626314e-05
2.083000e-02	5.637330e-05
2.084000e-02	5.648346e-05
2.085000e-02	5.659361e-05
2.086000e-02	5.670377e-05
2.087000e-02	5.681393e-05
2.088000e-02	5.692409e-05
2.089000e-02	5.703425e-05
2.090000e-02	5.714440e-05
2.091000e-02	5.725456e-05
2.092000e-02	5.736472e-05
2.093000e-02	5.747488e-05
2.094000e-02	5.758503e-05
2.095000e-02	5.769519e-05
2.096000e-02	5.780535e-05
2.097000e-02	5.791551e-05
2.098000e-02	5.802566e-05
2.099000e-02	5.813582e-05
2.100000e-02	5.824598e-05
2.101000e-02	5.839657e-05
2.102000e-02	5.854717e-05
2.103000e-02	5.869777e-05
2.104000e-02	5.884836e-05
2.105000e-02	5.899896e-05
2.106000e-02	5.914955e-05
2.107000e-02	5.930015e-05
2.108000e-02	5.945075e-05
2.109000e-02	5.960134e-05
2.110000e-02	5.975194e-05
2.111000e-02	5.990253e-05
2.112000e-02	6.005313e-05
2.113000e-02	6.020372e-05
2.114000e-02	6.035432e-05
2.115000e-02	6.050492e-05
2.116000e-02	6.065551e-05
2.117000e-02	6.080611e-05
2.118000e-02	6.095670e-05
2.119000e-02	6.110730e-05
2.120000e-02	6.125789e-05
2.121000e-02	6.140849e-05
2.122000e-02	6.155909e-05
2.123000e-02	6.170968e-05
2.124000e-02	6.186028e-05
2.125000e-02	6.201087e-05
2.126000e-02	6.216147e-05
2.127000e-02	6.231207e-05
2.128000e-02	6.246266e-05
2.129000e-02	6.261326e-05
2.130000e-02	6.276385e-05
2.131000e-02	6.291445e-05
2.132000e-02	6.306504e-05
2.133000e-02	6.321564e-05
2.134000e-02	6.336624e-05
2.135000e-02	6.351683e-05
2.136000e-02	6.366743e-05
2.137000e-02	6.381802e-05
2.138000e-02	6.396862e-05
2.139000e-02	6.411921e-05
2.140000e-02	6.426981e-05
2.141000e-02	6.442041e-05
2.142000e-02	6.457100e-05
2.143000e-02	6.472160e-05
2.144000e-02	6.487219e-05
2.145000e-02	6.502279e-05
2.146000e-02	6.517338e-05
2.147000e-02	6.532398e-05
2.148000e-02	6.547458e-05
2.149000e-02	6.562517e-05
2.150000e-02	6.577577e-05
2.151000e-02	6.592636e-05
2.152000e-02	6.607696e-05
2.153000e-02	6.622756e-05
2.154000e-02	6.637815e-05
2.155000e-02	6.652875e-05
2.156000e-02	6.667934e-05
2.157000e-02	6.682994e-05
2.158000e-02	6.698053e-05
2.159000e-02	6.713113e-05
2.160000e-02	6.728173e-05
2.161000e-02	6.743232e-05
2.162000e-02	6.758292e-05
2.163000e-02	6.773351e-05
2.164000e-02	6.788411e-05
2.165000e-02	6.803470e-05
2.166000e-02	6.818530e-05
2.167000e-02	6.833590e-05
2.168000e-02	6.848649e-05
2.169000e-02	6.863709e-05
2.170000e-02	6.878768e-05
2.171000e-02	6.893828e-05
2.172000e-02	6.908888e-05
2.173000e-02	6.923947e-05
2.174000e-02	6.939007e-05
2.175000e-02	6.954066e-05
2.176000e-02	6.969126e-05
2.177000e-02	6.984185e-05
2.178000e-02	6.999245e-05
2.179000e-02	7.014305e-05
2.180000e-02	7.029364e-05
2.181000e-02	7.044424e-05
2.182000e-02	7.059483e-05
2.183000e-02	7.074543e-05
2.184000e-02	7.089602e-05
2.185000e-02	7.104662e-05
2.186000e-02	7.119722e-05
2.187000e-02	7.134781e-05
2.188000e-02	7.149841e-05
2.189000e-02	7.164900e-05
2.190000e-02	7.179960e-05
2.191000e-02	7.195020e-05
2.192000e-02	7.210079e-05
2.193000e-02	7.225139e-05
2.194000e-02	7.240198e-05
2.195000e-02	7.255258e-05
2.196000e-02	7.270317e-05
2.197000e-02	7.285377e-05
2.198000e-02	7.300437e-05
2.199000e-02	7.315496e-05
2.200000e-02	7.330556e-05
2.201000e-02	7.347660e-05
2.202000e-02	7.364765e-05
2.203000e-02	7.381870e-05
2.204000e-02	7.398975e-05
2.205000e-02	7.416080e-05
2.206000e-02	7.433184e-05
2.207000e-02	7.450289e-05
2.208000e-02	7.467394e-05
2.209000e-02	7.484499e-05
2.210000e-02	7.501603e-05
2.211000e-02	7.518708e-05
2.212000e-02	7.535813e-05
2.213000e-02	7.552918e-05
2.214000e-02	7.570022e-05
2.215000e-02	7.587127e-05
2.216000e-02	7.604232e-05
2.217000e-02	7.621337e-05
2.218000e-02	7.638441e-05
2.219000e-02	7.655546e-05
2.220000e-02	7.672651e-05
2.221000e-02	7.689756e-05
2.222000e-02	7.706860e-05
2.223000e-02	7.723965e-05
2.224000e-02	7.741070e-05
2.225000e-02	7.758175e-05
2.226000e-02	7.775279e-05
2.227000e-02	7.792384e-05
2.228000e-02	7.809489e-05
2.229000e-02	7.826594e-05
2.230000e-02	7.843699e-05
2.231000e-02	7.860803e-05
2.232000e-02	7.877908e-05
2.233000e-02	7.895013e-05
2.234000e-02	7.912118e-05
2.235000e-02	7.929222e-05
2.236000e-02	7.946327e-05
2.237000e-02	7.963432e-05
2.238000e-02	7.980537e-05
2.239000e-02	7.997641e-05
2.240000e-02	8.014746e-05
2.241000e-02	8.031851e-05
2.242000e-02	8.048956e-05
2.243000e-02	8.066060e-05
2.244000e-02	8.083165e-05
2.245000e-02	8.100270e-05
2.246000e-02	8.117375e-05
2.247000e-02	8.134479e-05
2.248000e-02	8.151584e-05
2.249000e-02	8.168689e-05
2.250000e-02	8.185794e-05
2.251000e-02	8.202898e-05
2.252000e-02	8.220003e-05
2.253000e-02	8.237108e-05
2.254000e-02	8.254213e-05
2.255000e-02	8.271318e-05
2.256000e-02	8.288422e-05
2.257000e-02	8.305527e-05
2.258000e-02	8.322632e-05
2.259000e-02	8.339737e-05
2.260000e-02	8.356841e-05
2.261000e-02	8.373946e-05
2.262000e-02	8.391051e-05
2.263000e-02	8.408156e-05
2.264000e-02	8.425260e-05
2.265000e-02	8.442365e-05
2.266000e-02	8.459470e-05
2.267000e-02	8.476575e-05
2.268000e-02	8.493679e-05
2.269000e-02	8.510784e-05
2.270000e-02	8.527889e-05
2.271000e-02	8.544994e-05
2.272000e-02	8.562098e-05
2.273000e-02	8.579203e-05
2.274000e-02	8.596308e-05
2.275000e-02	8.613413e-05
2.276000e-02	8.630518e-05
2.277000e-02	8.647622e-05
2.278000e-02	8.664727e-05
2.279000e-02	8.681832e-05
2.280000e-02	8.698937e-05
2.281000e-02	8.716041e-05
2.282000e-02	8.733146e-05
2.283000e-02	8.750251e-05
2.284000e-02	8.767356e-05
2.285000e-02	8.784460e-05
2.286000e-02	8.801565e-05
2.287000e-02	8.818670e-05
2.288000e-02	8.835775e-05
2.289000e-02	8.852879e-05
2.290000e-02	8.869984e-05
2.291000e-02	8.887089e-05
2.292000e-02	8.904194e-05
2.293000e-02	8.921298e-05
2.294000e-02	8.938403e-05
2.295000e-02	8.955508e-05
2.296000e-02	8.972613e-05
2.297000e-02	8.989717e-05
2.298000e-02	9.006822e-05
2.299000e-02	9.023927e-05
2.300000e-02	9.041032e-05
2.301000e-02	9.059220e-05
2.302000e-02	9.077407e-05
2.303000e-02	9.095595e-05
2.304000e-02	9.113783e-05
2.305000e-02	9.131971e-05
2.306000e-02	9.150159e-05
2.307000e-02	9.168347e-05
2.308000e-02	9.186534e-05
2.309000e-02	9.204722e-05
2.310000e-02	9.222910e-05
2.311000e-02	9.241098e-05
2.312000e-02	9.259286e-05
2.313000e-02	9.277473e-05
2.314000e-02	9.295661e-05
2.315000e-02	9.313849e-05
2.316000e-02	9.332037e-05
2.317000e-02	9.350225e-05
2.318000e-02	9.368413e-05
2.319000e-02	9.386600e-05
2.320000e-02	9.404788e-05
2.321000e-02	9.422976e-05
2.322000e-02	9.441164e-05
2.323000e-02	9.459352e-05
2.324000e-02	9.477540e-05
2.325000e-02	9.495727e-05
2.326000e-02	9.513915e-05
2.327000e-02	9.532103e-05
2.328000e-02	9.550291e-05
2.329000e-02	9.568479e-05
2.330000e-02	9.586666e-05
2.331000e-02	9.604854e-05
2.332000e-02	9.623042e-05
2.333000e-02	9.641230e-05
2.334000e-02	9.659418e-05
2.335000e-02	9.677606e-05
2.336000e-02	9.695793e-05
2.337000e-02	9.713981e-05
2.338000e-02	9.732169e-05
2.339000e-02	9.750357e-05
2.340000e-02	9.768545e-05
2.341000e-02	9.786733e-05
2.342000e-02	9.804920e-05
2.343000e-02	9.823108e-05
2.344000e-02	9.841296e-05
2.345000e-02	9.859484e-05
2.346000e-02	9.877672e-05
2.347000e-02	9.895860e-05
2.348000e-02	9.914047e-05
2.349000e-02	9.932235e-05
2.350000e-02	9.950423e-05
2.351000e-02	9.968611e-05
2.352000e-02	9.986799e-05
2.353000e-02	1.000499e-04
2.354000e-02	1.002317e-04
2.355000e-02	1.004136e-04
2.356000e-02	1.005955e-04
2.357000e-02	1.007774e-04
2.358000e-02	1.009593e-04
2.359000e-02	1.011411e-04
2.360000e-02	1.013230e-04
2.361000e-02	1.015049e-04
2.362000e-02	1.016868e-04
2.363000e-02	1.018686e-04
2.364000e-02	1.020505e-04
2.365000e-02	1.022324e-04
2.366000e-02	1.024143e-04
2.367000e-02	1.025962e-04
2.368000e-02	1.027780e-04
2.369000e-02	1.029599e-04
2.370000e-02	1.031418e-04
2.371000e-02	1.033237e-04
2.372000e-02	1.035056e-04
2.373000e-02	1.036874e-04
2.374000e-02	1.038693e-04
2.375000e-02	1.040512e-04
2.376000e-02	1.042331e-04
2.377000e-02	1.044149e-04
2.378000e-02	1.045968e-04
2.379000e-02	1.047787e-04
2.380000e-02	1.049606e-04
2.381000e-02	1.051425e-04
2.382000e-02	1.053243e-04
2.383000e-02	1.055062e-04
2.384000e-02	1.056881e-04
2.385000e-02	1.058700e-04
2.386000e-02	1.060518e-04
2.387000e-02	1.062337e-04
2.388000e-02	1.064156e-04
2.389000e-02	1.065975e-04
2.390000e-02	1.067794e-04
2.391000e-02	1.069612e-04
2.392000e-02	1.071431e-04
2.393000e-02	1.073250e-04
2.394000e-02	1.075069e-04
2.395000e-02	1.076888e-04
2.396000e-02	1.078706e-04
2.397000e-02	1.080525e-04
2.398000e-02	1.082344e-04
2.399000e-02	1.084163e-04
2.400000e-02	1.085981e-04
