z1_new_m	d1_new_long_m
1.000000e-03	6.846686e-05
1.010000e-03	6.845028e-05
1.020000e-03	6.843370e-05
1.030000e-03	6.841712e-05
1.040000e-03	6.840054e-05
1.050000e-03	6.838396e-05
1.060000e-03	6.836738e-05
1.070000e-03	6.835080e-05
1.080000e-03	6.833422e-05
1.090000e-03	6.831764e-05
1.100000e-03	6.830106e-05
1.110000e-03	6.828448e-05
1.120000e-03	6.826790e-05
1.130000e-03	6.825131e-05
1.140000e-03	6.823473e-05
1.150000e-03	6.821815e-05
1.160000e-03	6.820157e-05
1.170000e-03	6.818499e-05
1.180000e-03	6.816841e-05
1.190000e-03	6.815183e-05
1.200000e-03	6.813525e-05
1.210000e-03	6.811867e-05
1.220000e-03	6.810209e-05
1.230000e-03	6.808551e-05
1.240000e-03	6.806893e-05
1.250000e-03	6.805235e-05
1.260000e-03	6.803577e-05
1.270000e-03	6.801919e-05
1.280000e-03	6.800261e-05
1.290000e-03	6.798603e-05
1.300000e-03	6.796945e-05
1.310000e-03	6.795287e-05
1.320000e-03	6.793629e-05
1.330000e-03	6.791971e-05
1.340000e-03	6.790313e-05
1.350000e-03	6.788655e-05
1.360000e-03	6.786997e-05
1.370000e-03	6.785339e-05
1.380000e-03	6.783681e-05
1.390000e-03	6.782023e-05
1.400000e-03	6.780364e-05
1.410000e-03	6.778706e-05
1.420000e-03	6.777048e-05
1.430000e-03	6.775390e-05
1.440000e-03	6.773732e-05
1.450000e-03	6.772074e-05
1.460000e-03	6.770416e-05
1.470000e-03	6.768758e-05
1.480000e-03	6.767100e-05
1.490000e-03	6.765442e-05
1.500000e-03	6.763784e-05
1.510000e-03	6.762126e-05
1.520000e-03	6.760468e-05
1.530000e-03	6.758810e-05
1.540000e-03	6.757152e-05
1.550000e-03	6.755494e-05
1.560000e-03	6.753836e-05
1.570000e-03	6.752178e-05
1.580000e-03	6.750520e-05
1.590000e-03	6.748862e-05
1.600000e-03	6.747204e-05
1.610000e-03	6.745546e-05
1.620000e-03	6.743888e-05
1.630000e-03	6.742230e-05
1.640000e-03	6.740572e-05
1.650000e-03	6.738914e-05
1.660000e-03	6.737256e-05
1.670000e-03	6.735597e-05
1.680000e-03	6.733939e-05
1.690000e-03	6.732281e-05
1.700000e-03	6.730623e-05
1.710000e-03	6.728965e-05
1.720000e-03	6.727307e-05
1.730000e-03	6.725649e-05
1.740000e-03	6.723991e-05
1.750000e-03	6.722333e-05
1.760000e-03	6.720675e-05
1.770000e-03	6.719017e-05
1.780000e-03	6.717359e-05
1.790000e-03	6.715701e-05
1.800000e-03	6.714043e-05
1.810000e-03	6.712385e-05
1.820000e-03	6.710727e-05
1.830000e-03	6.709069e-05
1.840000e-03	6.707411e-05
1.850000e-03	6.705753e-05
1.860000e-03	6.704095e-05
1.870000e-03	6.702437e-05
1.880000e-03	6.700779e-05
1.890000e-03	6.699121e-05
1.900000e-03	6.697463e-05
1.910000e-03	6.695805e-05
1.920000e-03	6.694147e-05
1.930000e-03	6.692489e-05
1.940000e-03	6.690830e-05
1.950000e-03	6.689172e-05
1.960000e-03	6.687514e-05
1.970000e-03	6.685856e-05
1.980000e-03	6.684198e-05
1.990000e-03	6.682540e-05
2.000000e-03	6.680882e-05
2.010000e-03	6.679362e-05
2.020000e-03	6.677843e-05
2.030000e-03	6.676323e-05
2.040000e-03	6.674803e-05
2.050000e-03	6.673283e-05
2.060000e-03	6.671763e-05
2.070000e-03	6.670243e-05
2.080000e-03	6.668723e-05
2.090000e-03	6.667204e-05
2.100000e-03	6.665684e-05
2.110000e-03	6.664164e-05
2.120000e-03	6.662644e-05
2.130000e-03	6.661124e-05
2.140000e-03	6.659604e-05
2.150000e-03	6.658085e-05
2.160000e-03	6.656565e-05
2.170000e-03	6.655045e-05
2.180000e-03	6.653525e-05
2.190000e-03	6.652005e-05
2.200000e-03	6.650485e-05
2.210000e-03	6.648966e-05
2.220000e-03	6.647446e-05
2.230000e-03	6.645926e-05
2.240000e-03	6.644406e-05
2.250000e-03	6.642886e-05
2.260000e-03	6.641366e-05
2.270000e-03	6.639846e-05
2.280000e-03	6.638327e-05
2.290000e-03	6.636807e-05
2.300000e-03	6.635287e-05
2.310000e-03	6.633767e-05
2.320000e-03	6.632247e-05
2.330000e-03	6.630727e-05
2.340000e-03	6.629208e-05
2.350000e-03	6.627688e-05
2.360000e-03	6.626168e-05
2.370000e-03	6.624648e-05
2.380000e-03	6.623128e-05
2.390000e-03	6.621608e-05
2.400000e-03	6.620088e-05
2.410000e-03	6.618569e-05
2.420000e-03	6.617049e-05
2.430000e-03	6.615529e-05
2.440000e-03	6.614009e-05
2.450000e-03	6.612489e-05
2.460000e-03	6.610969e-05
2.470000e-03	6.609450e-05
2.480000e-03	6.607930e-05
2.490000e-03	6.606410e-05
2.500000e-03	6.604890e-05
2.510000e-03	6.603370e-05
2.520000e-03	6.601850e-05
2.530000e-03	6.600331e-05
2.540000e-03	6.598811e-05
2.550000e-03	6.597291e-05
2.560000e-03	6.595771e-05
2.570000e-03	6.594251e-05
2.580000e-03	6.592731e-05
2.590000e-03	6.591211e-05
2.600000e-03	6.589692e-05
2.610000e-03	6.588172e-05
2.620000e-03	6.586652e-05
2.630000e-03	6.585132e-05
2.640000e-03	6.583612e-05
2.650000e-03	6.582092e-05
2.660000e-03	6.580573e-05
2.670000e-03	6.579053e-05
2.680000e-03	6.577533e-05
2.690000e-03	6.576013e-05
2.700000e-03	6.574493e-05
2.710000e-03	6.572973e-05
2.720000e-03	6.571453e-05
2.730000e-03	6.569934e-05
2.740000e-03	6.568414e-05
2.750000e-03	6.566894e-05
2.760000e-03	6.565374e-05
2.770000e-03	6.563854e-05
2.780000e-03	6.562334e-05
2.790000e-03	6.560815e-05
2.800000e-03	6.559295e-05
2.810000e-03	6.557775e-05
2.820000e-03	6.556255e-05
2.830000e-03	6.554735e-05
2.840000e-03	6.553215e-05
2.850000e-03	6.551695e-05
2.860000e-03	6.550176e-05
2.870000e-03	6.548656e-05
2.880000e-03	6.547136e-05
2.890000e-03	6.545616e-05
2.900000e-03	6.544096e-05
2.910000e-03	6.542576e-05
2.920000e-03	6.541057e-05
2.930000e-03	6.539537e-05
2.940000e-03	6.538017e-05
2.950000e-03	6.536497e-05
2.960000e-03	6.534977e-05
2.970000e-03	6.533457e-05
2.980000e-03	6.531938e-05
2.990000e-03	6.530418e-05
3.000000e-03	6.528898e-05
3.010000e-03	6.527526e-05
3.020000e-03	6.526154e-05
3.030000e-03	6.524782e-05
3.040000e-03	6.523411e-05
3.050000e-03	6.522039e-05
3.060000e-03	6.520667e-05
3.070000e-03	6.519295e-05
3.080000e-03	6.517923e-05
3.090000e-03	6.516552e-05
3.100000e-03	6.515180e-05
3.110000e-03	6.513808e-05
3.120000e-03	6.512436e-05
3.130000e-03	6.511065e-05
3.140000e-03	6.509693e-05
3.150000e-03	6.508321e-05
3.160000e-03	6.506949e-05
3.170000e-03	6.505577e-05
3.180000e-03	6.504206e-05
3.190000e-03	6.502834e-05
3.200000e-03	6.501462e-05
3.210000e-03	6.500090e-05
3.220000e-03	6.498718e-05
3.230000e-03	6.497347e-05
3.240000e-03	6.495975e-05
3.250000e-03	6.494603e-05
3.260000e-03	6.493231e-05
3.270000e-03	6.491859e-05
3.280000e-03	6.490488e-05
3.290000e-03	6.489116e-05
3.300000e-03	6.487744e-05
3.310000e-03	6.486372e-05
3.320000e-03	6.485000e-05
3.330000e-03	6.483629e-05
3.340000e-03	6.482257e-05
3.350000e-03	6.480885e-05
3.360000e-03	6.479513e-05
3.370000e-03	6.478142e-05
3.380000e-03	6.476770e-05
3.390000e-03	6.475398e-05
3.400000e-03	6.474026e-05
3.410000e-03	6.472654e-05
3.420000e-03	6.471283e-05
3.430000e-03	6.469911e-05
3.440000e-03	6.468539e-05
3.450000e-03	6.467167e-05
3.460000e-03	6.465795e-05
3.470000e-03	6.464424e-05
3.480000e-03	6.463052e-05
3.490000e-03	6.461680e-05
3.500000e-03	6.460308e-05
3.510000e-03	6.458936e-05
3.520000e-03	6.457565e-05
3.530000e-03	6.456193e-05
3.540000e-03	6.454821e-05
3.550000e-03	6.453449e-05
3.560000e-03	6.452077e-05
3.570000e-03	6.450706e-05
3.580000e-03	6.449334e-05
3.590000e-03	6.447962e-05
3.600000e-03	6.446590e-05
3.610000e-03	6.445218e-05
3.620000e-03	6.443847e-05
3.630000e-03	6.442475e-05
3.640000e-03	6.441103e-05
3.650000e-03	6.439731e-05
3.660000e-03	6.438360e-05
3.670000e-03	6.436988e-05
3.680000e-03	6.435616e-05
3.690000e-03	6.434244e-05
3.700000e-03	6.432872e-05
3.710000e-03	6.431501e-05
3.720000e-03	6.430129e-05
3.730000e-03	6.428757e-05
3.740000e-03	6.427385e-05
3.750000e-03	6.426013e-05
3.760000e-03	6.424642e-05
3.770000e-03	6.423270e-05
3.780000e-03	6.421898e-05
3.790000e-03	6.420526e-05
3.800000e-03	6.419154e-05
3.810000e-03	6.417783e-05
3.820000e-03	6.416411e-05
3.830000e-03	6.415039e-05
3.840000e-03	6.413667e-05
3.850000e-03	6.412295e-05
3.860000e-03	6.410924e-05
3.870000e-03	6.409552e-05
3.880000e-03	6.408180e-05
3.890000e-03	6.406808e-05
3.900000e-03	6.405437e-05
3.910000e-03	6.404065e-05
3.920000e-03	6.402693e-05
3.930000e-03	6.401321e-05
3.940000e-03	6.399949e-05
3.950000e-03	6.398578e-05
3.960000e-03	6.397206e-05
3.970000e-03	6.395834e-05
3.980000e-03	6.394462e-05
3.990000e-03	6.393090e-05
4.000000e-03	6.391719e-05
4.010000e-03	6.390505e-05
4.020000e-03	6.389291e-05
4.030000e-03	6.388077e-05
4.040000e-03	6.386862e-05
4.050000e-03	6.385648e-05
4.060000e-03	6.384434e-05
4.070000e-03	6.383220e-05
4.080000e-03	6.382006e-05
4.090000e-03	6.380792e-05
4.100000e-03	6.379578e-05
4.110000e-03	6.378364e-05
4.120000e-03	6.377150e-05
4.130000e-03	6.375936e-05
4.140000e-03	6.374722e-05
4.150000e-03	6.373508e-05
4.160000e-03	6.372294e-05
4.170000e-03	6.371080e-05
4.180000e-03	6.369866e-05
4.190000e-03	6.368652e-05
4.200000e-03	6.367438e-05
4.210000e-03	6.366224e-05
4.220000e-03	6.365010e-05
4.230000e-03	6.363796e-05
4.240000e-03	6.362582e-05
4.250000e-03	6.361368e-05
4.260000e-03	6.360154e-05
4.270000e-03	6.358940e-05
4.280000e-03	6.357726e-05
4.290000e-03	6.356512e-05
4.300000e-03	6.355298e-05
4.310000e-03	6.354084e-05
4.320000e-03	6.352870e-05
4.330000e-03	6.351656e-05
4.340000e-03	6.350442e-05
4.350000e-03	6.349228e-05
4.360000e-03	6.348014e-05
4.370000e-03	6.346800e-05
4.380000e-03	6.345586e-05
4.390000e-03	6.344372e-05
4.400000e-03	6.343158e-05
4.410000e-03	6.341944e-05
4.420000e-03	6.340730e-05
4.430000e-03	6.339516e-05
4.440000e-03	6.338302e-05
4.450000e-03	6.337088e-05
4.460000e-03	6.335874e-05
4.470000e-03	6.334660e-05
4.480000e-03	6.333445e-05
4.490000e-03	6.332231e-05
4.500000e-03	6.331017e-05
4.510000e-03	6.329803e-05
4.520000e-03	6.328589e-05
4.530000e-03	6.327375e-05
4.540000e-03	6.326161e-05
4.550000e-03	6.324947e-05
4.560000e-03	6.323733e-05
4.570000e-03	6.322519e-05
4.580000e-03	6.321305e-05
4.590000e-03	6.320091e-05
4.600000e-03	6.318877e-05
4.610000e-03	6.317663e-05
4.620000e-03	6.316449e-05
4.630000e-03	6.315235e-05
4.640000e-03	6.314021e-05
4.650000e-03	6.312807e-05
4.660000e-03	6.311593e-05
4.670000e-03	6.310379e-05
4.680000e-03	6.309165e-05
4.690000e-03	6.307951e-05
4.700000e-03	6.306737e-05
4.710000e-03	6.305523e-05
4.720000e-03	6.304309e-05
4.730000e-03	6.303095e-05
4.740000e-03	6.301881e-05
4.750000e-03	6.300667e-05
4.760000e-03	6.299453e-05
4.770000e-03	6.298239e-05
4.780000e-03	6.297025e-05
4.790000e-03	6.295811e-05
4.800000e-03	6.294597e-05
4.810000e-03	6.293383e-05
4.820000e-03	6.292169e-05
4.830000e-03	6.290955e-05
4.840000e-03	6.289741e-05
4.850000e-03	6.288527e-05
4.860000e-03	6.287313e-05
4.870000e-03	6.286099e-05
4.880000e-03	6.284885e-05
4.890000e-03	6.283671e-05
4.900000e-03	6.282457e-05
4.910000e-03	6.281243e-05
4.920000e-03	6.280028e-05
4.930000e-03	6.278814e-05
4.940000e-03	6.277600e-05
4.950000e-03	6.276386e-05
4.960000e-03	6.275172e-05
4.970000e-03	6.273958e-05
4.980000e-03	6.272744e-05
4.990000e-03	6.271530e-05
5.000000e-03	6.270316e-05
5.010000e-03	6.269540e-05
5.020000e-03	6.268764e-05
5.030000e-03	6.267988e-05
5.040000e-03	6.267212e-05
5.050000e-03	6.266436e-05
5.060000e-03	6.265660e-05
5.070000e-03	6.264884e-05
5.080000e-03	6.264108e-05
5.090000e-03	6.263332e-05
5.100000e-03	6.262556e-05
5.110000e-03	6.261780e-05
5.120000e-03	6.261004e-05
5.130000e-03	6.260228e-05
5.140000e-03	6.259452e-05
5.150000e-03	6.258676e-05
5.160000e-03	6.257900e-05
5.170000e-03	6.257124e-05
5.180000e-03	6.256348e-05
5.190000e-03	6.255572e-05
5.200000e-03	6.254796e-05
5.210000e-03	6.254020e-05
5.220000e-03	6.253244e-05
5.230000e-03	6.252468e-05
5.240000e-03	6.251692e-05
5.250000e-03	6.250916e-05
5.260000e-03	6.250140e-05
5.270000e-03	6.249364e-05
5.280000e-03	6.248588e-05
5.290000e-03	6.247812e-05
5.300000e-03	6.247035e-05
5.310000e-03	6.246259e-05
5.320000e-03	6.245483e-05
5.330000e-03	6.244707e-05
5.340000e-03	6.243931e-05
5.350000e-03	6.243155e-05
5.360000e-03	6.242379e-05
5.370000e-03	6.241603e-05
5.380000e-03	6.240827e-05
5.390000e-03	6.240051e-05
5.400000e-03	6.239275e-05
5.410000e-03	6.238499e-05
5.420000e-03	6.237723e-05
5.430000e-03	6.236947e-05
5.440000e-03	6.236171e-05
5.450000e-03	6.235395e-05
5.460000e-03	6.234619e-05
5.470000e-03	6.233843e-05
5.480000e-03	6.233067e-05
5.490000e-03	6.232291e-05
5.500000e-03	6.231515e-05
5.510000e-03	6.230739e-05
5.520000e-03	6.229963e-05
5.530000e-03	6.229187e-05
5.540000e-03	6.228411e-05
5.550000e-03	6.227635e-05
5.560000e-03	6.226859e-05
5.570000e-03	6.226083e-05
5.580000e-03	6.225307e-05
5.590000e-03	6.224531e-05
5.600000e-03	6.223755e-05
5.610000e-03	6.222979e-05
5.620000e-03	6.222203e-05
5.630000e-03	6.221427e-05
5.640000e-03	6.220651e-05
5.650000e-03	6.219875e-05
5.660000e-03	6.219099e-05
5.670000e-03	6.218322e-05
5.680000e-03	6.217546e-05
5.690000e-03	6.216770e-05
5.700000e-03	6.215994e-05
5.710000e-03	6.215218e-05
5.720000e-03	6.214442e-05
5.730000e-03	6.213666e-05
5.740000e-03	6.212890e-05
5.750000e-03	6.212114e-05
5.760000e-03	6.211338e-05
5.770000e-03	6.210562e-05
5.780000e-03	6.209786e-05
5.790000e-03	6.209010e-05
5.800000e-03	6.208234e-05
5.810000e-03	6.207458e-05
5.820000e-03	6.206682e-05
5.830000e-03	6.205906e-05
5.840000e-03	6.205130e-05
5.850000e-03	6.204354e-05
5.860000e-03	6.203578e-05
5.870000e-03	6.202802e-05
5.880000e-03	6.202026e-05
5.890000e-03	6.201250e-05
5.900000e-03	6.200474e-05
5.910000e-03	6.199698e-05
5.920000e-03	6.198922e-05
5.930000e-03	6.198146e-05
5.940000e-03	6.197370e-05
5.950000e-03	6.196594e-05
5.960000e-03	6.195818e-05
5.970000e-03	6.195042e-05
5.980000e-03	6.194266e-05
5.990000e-03	6.193490e-05
6.000000e-03	6.192714e-05
6.010000e-03	6.191938e-05
6.020000e-03	6.191162e-05
6.030000e-03	6.190385e-05
6.040000e-03	6.189609e-05
6.050000e-03	6.188833e-05
6.060000e-03	6.188057e-05
6.070000e-03	6.187281e-05
6.080000e-03	6.186505e-05
6.090000e-03	6.185729e-05
6.100000e-03	6.184953e-05
6.110000e-03	6.184177e-05
6.120000e-03	6.183401e-05
6.130000e-03	6.182625e-05
6.140000e-03	6.181849e-05
6.150000e-03	6.181073e-05
6.160000e-03	6.180297e-05
6.170000e-03	6.179521e-05
6.180000e-03	6.178745e-05
6.190000e-03	6.177969e-05
6.200000e-03	6.177193e-05
6.210000e-03	6.176417e-05
6.220000e-03	6.175641e-05
6.230000e-03	6.174865e-05
6.240000e-03	6.174089e-05
6.250000e-03	6.173313e-05
6.260000e-03	6.172537e-05
6.270000e-03	6.171761e-05
6.280000e-03	6.170985e-05
6.290000e-03	6.170209e-05
6.300000e-03	6.169433e-05
6.310000e-03	6.168657e-05
6.320000e-03	6.167881e-05
6.330000e-03	6.167105e-05
6.340000e-03	6.166329e-05
6.350000e-03	6.165553e-05
6.360000e-03	6.164777e-05
6.370000e-03	6.164001e-05
6.380000e-03	6.163225e-05
6.390000e-03	6.162449e-05
6.400000e-03	6.161672e-05
6.410000e-03	6.160896e-05
6.420000e-03	6.160120e-05
6.430000e-03	6.159344e-05
6.440000e-03	6.158568e-05
6.450000e-03	6.157792e-05
6.460000e-03	6.157016e-05
6.470000e-03	6.156240e-05
6.480000e-03	6.155464e-05
6.490000e-03	6.154688e-05
6.500000e-03	6.153912e-05
6.510000e-03	6.153136e-05
6.520000e-03	6.152360e-05
6.530000e-03	6.151584e-05
6.540000e-03	6.150808e-05
6.550000e-03	6.150032e-05
6.560000e-03	6.149256e-05
6.570000e-03	6.148480e-05
6.580000e-03	6.147704e-05
6.590000e-03	6.146928e-05
6.600000e-03	6.146152e-05
6.610000e-03	6.145376e-05
6.620000e-03	6.144600e-05
6.630000e-03	6.143824e-05
6.640000e-03	6.143048e-05
6.650000e-03	6.142272e-05
6.660000e-03	6.141496e-05
6.670000e-03	6.140720e-05
6.680000e-03	6.139944e-05
6.690000e-03	6.139168e-05
6.700000e-03	6.138392e-05
6.710000e-03	6.137616e-05
6.720000e-03	6.136840e-05
6.730000e-03	6.136064e-05
6.740000e-03	6.135288e-05
6.750000e-03	6.134512e-05
6.760000e-03	6.133735e-05
6.770000e-03	6.132959e-05
6.780000e-03	6.132183e-05
6.790000e-03	6.131407e-05
6.800000e-03	6.130631e-05
6.810000e-03	6.129855e-05
6.820000e-03	6.129079e-05
6.830000e-03	6.128303e-05
6.840000e-03	6.127527e-05
6.850000e-03	6.126751e-05
6.860000e-03	6.125975e-05
6.870000e-03	6.125199e-05
6.880000e-03	6.124423e-05
6.890000e-03	6.123647e-05
6.900000e-03	6.122871e-05
6.910000e-03	6.122095e-05
6.920000e-03	6.121319e-05
6.930000e-03	6.120543e-05
6.940000e-03	6.119767e-05
6.950000e-03	6.118991e-05
6.960000e-03	6.118215e-05
6.970000e-03	6.117439e-05
6.980000e-03	6.116663e-05
6.990000e-03	6.115887e-05
7.000000e-03	6.115111e-05
7.010000e-03	6.114335e-05
7.020000e-03	6.113559e-05
7.030000e-03	6.112783e-05
7.040000e-03	6.112007e-05
7.050000e-03	6.111231e-05
7.060000e-03	6.110455e-05
7.070000e-03	6.109679e-05
7.080000e-03	6.108903e-05
7.090000e-03	6.108127e-05
7.100000e-03	6.107351e-05
7.110000e-03	6.106575e-05
7.120000e-03	6.105799e-05
7.130000e-03	6.105022e-05
7.140000e-03	6.104246e-05
7.150000e-03	6.103470e-05
7.160000e-03	6.102694e-05
7.170000e-03	6.101918e-05
7.180000e-03	6.101142e-05
7.190000e-03	6.100366e-05
7.200000e-03	6.099590e-05
7.210000e-03	6.098814e-05
7.220000e-03	6.098038e-05
7.230000e-03	6.097262e-05
7.240000e-03	6.096486e-05
7.250000e-03	6.095710e-05
7.260000e-03	6.094934e-05
7.270000e-03	6.094158e-05
7.280000e-03	6.093382e-05
7.290000e-03	6.092606e-05
7.300000e-03	6.091830e-05
7.310000e-03	6.091054e-05
7.320000e-03	6.090278e-05
7.330000e-03	6.089502e-05
7.340000e-03	6.088726e-05
7.350000e-03	6.087950e-05
7.360000e-03	6.087174e-05
7.370000e-03	6.086398e-05
7.380000e-03	6.085622e-05
7.390000e-03	6.084846e-05
7.400000e-03	6.084070e-05
7.410000e-03	6.083294e-05
7.420000e-03	6.082518e-05
7.430000e-03	6.081742e-05
7.440000e-03	6.080966e-05
7.450000e-03	6.080190e-05
7.460000e-03	6.079414e-05
7.470000e-03	6.078638e-05
7.480000e-03	6.077862e-05
7.490000e-03	6.077085e-05
7.500000e-03	6.076309e-05
7.510000e-03	6.075533e-05
7.520000e-03	6.074757e-05
7.530000e-03	6.073981e-05
7.540000e-03	6.073205e-05
7.550000e-03	6.072429e-05
7.560000e-03	6.071653e-05
7.570000e-03	6.070877e-05
7.580000e-03	6.070101e-05
7.590000e-03	6.069325e-05
7.600000e-03	6.068549e-05
7.610000e-03	6.067773e-05
7.620000e-03	6.066997e-05
7.630000e-03	6.066221e-05
7.640000e-03	6.065445e-05
7.650000e-03	6.064669e-05
7.660000e-03	6.063893e-05
7.670000e-03	6.063117e-05
7.680000e-03	6.062341e-05
7.690000e-03	6.061565e-05
7.700000e-03	6.060789e-05
7.710000e-03	6.060013e-05
7.720000e-03	6.059237e-05
7.730000e-03	6.058461e-05
7.740000e-03	6.057685e-05
7.750000e-03	6.056909e-05
7.760000e-03	6.056133e-05
7.770000e-03	6.055357e-05
7.780000e-03	6.054581e-05
7.790000e-03	6.053805e-05
7.800000e-03	6.053029e-05
7.810000e-03	6.052253e-05
7.820000e-03	6.051477e-05
7.830000e-03	6.050701e-05
7.840000e-03	6.049925e-05
7.850000e-03	6.049149e-05
7.860000e-03	6.048372e-05
7.870000e-03	6.047596e-05
7.880000e-03	6.046820e-05
7.890000e-03	6.046044e-05
7.900000e-03	6.045268e-05
7.910000e-03	6.044492e-05
7.920000e-03	6.043716e-05
7.930000e-03	6.042940e-05
7.940000e-03	6.042164e-05
7.950000e-03	6.041388e-05
7.960000e-03	6.040612e-05
7.970000e-03	6.039836e-05
7.980000e-03	6.039060e-05
7.990000e-03	6.038284e-05
8.000000e-03	6.037508e-05
8.010000e-03	6.036732e-05
8.020000e-03	6.035956e-05
8.030000e-03	6.035180e-05
8.040000e-03	6.034404e-05
8.050000e-03	6.033628e-05
8.060000e-03	6.032852e-05
8.070000e-03	6.032076e-05
8.080000e-03	6.031300e-05
8.090000e-03	6.030524e-05
8.100000e-03	6.029748e-05
8.110000e-03	6.028972e-05
8.120000e-03	6.028196e-05
8.130000e-03	6.027420e-05
8.140000e-03	6.026644e-05
8.150000e-03	6.025868e-05
8.160000e-03	6.025092e-05
8.170000e-03	6.024316e-05
8.180000e-03	6.023540e-05
8.190000e-03	6.022764e-05
8.200000e-03	6.021988e-05
8.210000e-03	6.021212e-05
8.220000e-03	6.020435e-05
8.230000e-03	6.019659e-05
8.240000e-03	6.018883e-05
8.250000e-03	6.018107e-05
8.260000e-03	6.017331e-05
8.270000e-03	6.016555e-05
8.280000e-03	6.015779e-05
8.290000e-03	6.015003e-05
8.300000e-03	6.014227e-05
8.310000e-03	6.013451e-05
8.320000e-03	6.012675e-05
8.330000e-03	6.011899e-05
8.340000e-03	6.011123e-05
8.350000e-03	6.010347e-05
8.360000e-03	6.009571e-05
8.370000e-03	6.008795e-05
8.380000e-03	6.008019e-05
8.390000e-03	6.007243e-05
8.400000e-03	6.006467e-05
8.410000e-03	6.005691e-05
8.420000e-03	6.004915e-05
8.430000e-03	6.004139e-05
8.440000e-03	6.003363e-05
8.450000e-03	6.002587e-05
8.460000e-03	6.001811e-05
8.470000e-03	6.001035e-05
8.480000e-03	6.000259e-05
8.490000e-03	5.999483e-05
8.500000e-03	5.998707e-05
8.510000e-03	5.997931e-05
8.520000e-03	5.997155e-05
8.530000e-03	5.996379e-05
8.540000e-03	5.995603e-05
8.550000e-03	5.994827e-05
8.560000e-03	5.994051e-05
8.570000e-03	5.993275e-05
8.580000e-03	5.992499e-05
8.590000e-03	5.991722e-05
8.600000e-03	5.990946e-05
8.610000e-03	5.990170e-05
8.620000e-03	5.989394e-05
8.630000e-03	5.988618e-05
8.640000e-03	5.987842e-05
8.650000e-03	5.987066e-05
8.660000e-03	5.986290e-05
8.670000e-03	5.985514e-05
8.680000e-03	5.984738e-05
8.690000e-03	5.983962e-05
8.700000e-03	5.983186e-05
8.710000e-03	5.982410e-05
8.720000e-03	5.981634e-05
8.730000e-03	5.980858e-05
8.740000e-03	5.980082e-05
8.750000e-03	5.979306e-05
8.760000e-03	5.978530e-05
8.770000e-03	5.977754e-05
8.780000e-03	5.976978e-05
8.790000e-03	5.976202e-05
8.800000e-03	5.975426e-05
8.810000e-03	5.974650e-05
8.820000e-03	5.973874e-05
8.830000e-03	5.973098e-05
8.840000e-03	5.972322e-05
8.850000e-03	5.971546e-05
8.860000e-03	5.970770e-05
8.870000e-03	5.969994e-05
8.880000e-03	5.969218e-05
8.890000e-03	5.968442e-05
8.900000e-03	5.967666e-05
8.910000e-03	5.966890e-05
8.920000e-03	5.966114e-05
8.930000e-03	5.965338e-05
8.940000e-03	5.964562e-05
8.950000e-03	5.963785e-05
8.960000e-03	5.963009e-05
8.970000e-03	5.962233e-05
8.980000e-03	5.961457e-05
8.990000e-03	5.960681e-05
9.000000e-03	5.959905e-05
9.010000e-03	5.959602e-05
9.020000e-03	5.959298e-05
9.030000e-03	5.958994e-05
9.040000e-03	5.958691e-05
9.050000e-03	5.958387e-05
9.060000e-03	5.958084e-05
9.070000e-03	5.957780e-05
9.080000e-03	5.957476e-05
9.090000e-03	5.957173e-05
9.100000e-03	5.956869e-05
9.110000e-03	5.956565e-05
9.120000e-03	5.956262e-05
9.130000e-03	5.955958e-05
9.140000e-03	5.955655e-05
9.150000e-03	5.955351e-05
9.160000e-03	5.955047e-05
9.170000e-03	5.954744e-05
9.180000e-03	5.954440e-05
9.190000e-03	5.954136e-05
9.200000e-03	5.953833e-05
9.210000e-03	5.953529e-05
9.220000e-03	5.953226e-05
9.230000e-03	5.952922e-05
9.240000e-03	5.952618e-05
9.250000e-03	5.952315e-05
9.260000e-03	5.952011e-05
9.270000e-03	5.951707e-05
9.280000e-03	5.951404e-05
9.290000e-03	5.951100e-05
9.300000e-03	5.950797e-05
9.310000e-03	5.950493e-05
9.320000e-03	5.950189e-05
9.330000e-03	5.949886e-05
9.340000e-03	5.949582e-05
9.350000e-03	5.949278e-05
9.360000e-03	5.948975e-05
9.370000e-03	5.948671e-05
9.380000e-03	5.948367e-05
9.390000e-03	5.948064e-05
9.400000e-03	5.947760e-05
9.410000e-03	5.947457e-05
9.420000e-03	5.947153e-05
9.430000e-03	5.946849e-05
9.440000e-03	5.946546e-05
9.450000e-03	5.946242e-05
9.460000e-03	5.945938e-05
9.470000e-03	5.945635e-05
9.480000e-03	5.945331e-05
9.490000e-03	5.945028e-05
9.500000e-03	5.944724e-05
9.510000e-03	5.944420e-05
9.520000e-03	5.944117e-05
9.530000e-03	5.943813e-05
9.540000e-03	5.943509e-05
9.550000e-03	5.943206e-05
9.560000e-03	5.942902e-05
9.570000e-03	5.942599e-05
9.580000e-03	5.942295e-05
9.590000e-03	5.941991e-05
9.600000e-03	5.941688e-05
9.610000e-03	5.941384e-05
9.620000e-03	5.941080e-05
9.630000e-03	5.940777e-05
9.640000e-03	5.940473e-05
9.650000e-03	5.940170e-05
9.660000e-03	5.939866e-05
9.670000e-03	5.939562e-05
9.680000e-03	5.939259e-05
9.690000e-03	5.938955e-05
9.700000e-03	5.938651e-05
9.710000e-03	5.938348e-05
9.720000e-03	5.938044e-05
9.730000e-03	5.937740e-05
9.740000e-03	5.937437e-05
9.750000e-03	5.937133e-05
9.760000e-03	5.936830e-05
9.770000e-03	5.936526e-05
9.780000e-03	5.936222e-05
9.790000e-03	5.935919e-05
9.800000e-03	5.935615e-05
9.810000e-03	5.935311e-05
9.820000e-03	5.935008e-05
9.830000e-03	5.934704e-05
9.840000e-03	5.934401e-05
9.850000e-03	5.934097e-05
9.860000e-03	5.933793e-05
9.870000e-03	5.933490e-05
9.880000e-03	5.933186e-05
9.890000e-03	5.932882e-05
9.900000e-03	5.932579e-05
9.910000e-03	5.932275e-05
9.920000e-03	5.931972e-05
9.930000e-03	5.931668e-05
9.940000e-03	5.931364e-05
9.950000e-03	5.931061e-05
9.960000e-03	5.930757e-05
9.970000e-03	5.930453e-05
9.980000e-03	5.930150e-05
9.990000e-03	5.929846e-05
1.000000e-02	5.929543e-05
1.001000e-02	5.929436e-05
1.002000e-02	5.929330e-05
1.003000e-02	5.929224e-05
1.004000e-02	5.929118e-05
1.005000e-02	5.929012e-05
1.006000e-02	5.928906e-05
1.007000e-02	5.928800e-05
1.008000e-02	5.928693e-05
1.009000e-02	5.928587e-05
1.010000e-02	5.928481e-05
1.011000e-02	5.928375e-05
1.012000e-02	5.928269e-05
1.013000e-02	5.928163e-05
1.014000e-02	5.928057e-05
1.015000e-02	5.927950e-05
1.016000e-02	5.927844e-05
1.017000e-02	5.927738e-05
1.018000e-02	5.927632e-05
1.019000e-02	5.927526e-05
1.020000e-02	5.927420e-05
1.021000e-02	5.927314e-05
1.022000e-02	5.927207e-05
1.023000e-02	5.927101e-05
1.024000e-02	5.926995e-05
1.025000e-02	5.926889e-05
1.026000e-02	5.926783e-05
1.027000e-02	5.926677e-05
1.028000e-02	5.926571e-05
1.029000e-02	5.926465e-05
1.030000e-02	5.926358e-05
1.031000e-02	5.926252e-05
1.032000e-02	5.926146e-05
1.033000e-02	5.926040e-05
1.034000e-02	5.925934e-05
1.035000e-02	5.925828e-05
1.036000e-02	5.925722e-05
1.037000e-02	5.925615e-05
1.038000e-02	5.925509e-05
1.039000e-02	5.925403e-05
1.040000e-02	5.925297e-05
1.041000e-02	5.925191e-05
1.042000e-02	5.925085e-05
1.043000e-02	5.924979e-05
1.044000e-02	5.924872e-05
1.045000e-02	5.924766e-05
1.046000e-02	5.924660e-05
1.047000e-02	5.924554e-05
1.048000e-02	5.924448e-05
1.049000e-02	5.924342e-05
1.050000e-02	5.924236e-05
1.051000e-02	5.924129e-05
1.052000e-02	5.924023e-05
1.053000e-02	5.923917e-05
1.054000e-02	5.923811e-05
1.055000e-02	5.923705e-05
1.056000e-02	5.923599e-05
1.057000e-02	5.923493e-05
1.058000e-02	5.923387e-05
1.059000e-02	5.923280e-05
1.060000e-02	5.923174e-05
1.061000e-02	5.923068e-05
1.062000e-02	5.922962e-05
1.063000e-02	5.922856e-05
1.064000e-02	5.922750e-05
1.065000e-02	5.922644e-05
1.066000e-02	5.922537e-05
1.067000e-02	5.922431e-05
1.068000e-02	5.922325e-05
1.069000e-02	5.922219e-05
1.070000e-02	5.922113e-05
1.071000e-02	5.922007e-05
1.072000e-02	5.921901e-05
1.073000e-02	5.921794e-05
1.074000e-02	5.921688e-05
1.075000e-02	5.921582e-05
1.076000e-02	5.921476e-05
1.077000e-02	5.921370e-05
1.078000e-02	5.921264e-05
1.079000e-02	5.921158e-05
1.080000e-02	5.921051e-05
1.081000e-02	5.920945e-05
1.082000e-02	5.920839e-05
1.083000e-02	5.920733e-05
1.084000e-02	5.920627e-05
1.085000e-02	5.920521e-05
1.086000e-02	5.920415e-05
1.087000e-02	5.920309e-05
1.088000e-02	5.920202e-05
1.089000e-02	5.920096e-05
1.090000e-02	5.919990e-05
1.091000e-02	5.919884e-05
1.092000e-02	5.919778e-05
1.093000e-02	5.919672e-05
1.094000e-02	5.919566e-05
1.095000e-02	5.919459e-05
1.096000e-02	5.919353e-05
1.097000e-02	5.919247e-05
1.098000e-02	5.919141e-05
1.099000e-02	5.919035e-05
1.100000e-02	5.918929e-05
1.101000e-02	5.919021e-05
1.102000e-02	5.919114e-05
1.103000e-02	5.919206e-05
1.104000e-02	5.919298e-05
1.105000e-02	5.919391e-05
1.106000e-02	5.919483e-05
1.107000e-02	5.919576e-05
1.108000e-02	5.919668e-05
1.109000e-02	5.919760e-05
1.110000e-02	5.919853e-05
1.111000e-02	5.919945e-05
1.112000e-02	5.920038e-05
1.113000e-02	5.920130e-05
1.114000e-02	5.920223e-05
1.115000e-02	5.920315e-05
1.116000e-02	5.920407e-05
1.117000e-02	5.920500e-05
1.118000e-02	5.920592e-05
1.119000e-02	5.920685e-05
1.120000e-02	5.920777e-05
1.121000e-02	5.920869e-05
1.122000e-02	5.920962e-05
1.123000e-02	5.921054e-05
1.124000e-02	5.921147e-05
1.125000e-02	5.921239e-05
1.126000e-02	5.921331e-05
1.127000e-02	5.921424e-05
1.128000e-02	5.921516e-05
1.129000e-02	5.921609e-05
1.130000e-02	5.921701e-05
1.131000e-02	5.921794e-05
1.132000e-02	5.921886e-05
1.133000e-02	5.921978e-05
1.134000e-02	5.922071e-05
1.135000e-02	5.922163e-05
1.136000e-02	5.922256e-05
1.137000e-02	5.922348e-05
1.138000e-02	5.922440e-05
1.139000e-02	5.922533e-05
1.140000e-02	5.922625e-05
1.141000e-02	5.922718e-05
1.142000e-02	5.922810e-05
1.143000e-02	5.922903e-05
1.144000e-02	5.922995e-05
1.145000e-02	5.923087e-05
1.146000e-02	5.923180e-05
1.147000e-02	5.923272e-05
1.148000e-02	5.923365e-05
1.149000e-02	5.923457e-05
1.150000e-02	5.923549e-05
1.151000e-02	5.923642e-05
1.152000e-02	5.923734e-05
1.153000e-02	5.923827e-05
1.154000e-02	5.923919e-05
1.155000e-02	5.924011e-05
1.156000e-02	5.924104e-05
1.157000e-02	5.924196e-05
1.158000e-02	5.924289e-05
1.159000e-02	5.924381e-05
1.160000e-02	5.924474e-05
1.161000e-02	5.924566e-05
1.162000e-02	5.924658e-05
1.163000e-02	5.924751e-05
1.164000e-02	5.924843e-05
1.165000e-02	5.924936e-05
1.166000e-02	5.925028e-05
1.167000e-02	5.925120e-05
1.168000e-02	5.925213e-05
1.169000e-02	5.925305e-05
1.170000e-02	5.925398e-05
1.171000e-02	5.925490e-05
1.172000e-02	5.925583e-05
1.173000e-02	5.925675e-05
1.174000e-02	5.925767e-05
1.175000e-02	5.925860e-05
1.176000e-02	5.925952e-05
1.177000e-02	5.926045e-05
1.178000e-02	5.926137e-05
1.179000e-02	5.926229e-05
1.180000e-02	5.926322e-05
1.181000e-02	5.926414e-05
1.182000e-02	5.926507e-05
1.183000e-02	5.926599e-05
1.184000e-02	5.926691e-05
1.185000e-02	5.926784e-05
1.186000e-02	5.926876e-05
1.187000e-02	5.926969e-05
1.188000e-02	5.927061e-05
1.189000e-02	5.927154e-05
1.190000e-02	5.927246e-05
1.191000e-02	5.927338e-05
1.192000e-02	5.927431e-05
1.193000e-02	5.927523e-05
1.194000e-02	5.927616e-05
1.195000e-02	5.927708e-05
1.196000e-02	5.927800e-05
1.197000e-02	5.927893e-05
1.198000e-02	5.927985e-05
1.199000e-02	5.928078e-05
1.200000e-02	5.928170e-05
1.201000e-02	5.928460e-05
1.202000e-02	5.928750e-05
1.203000e-02	5.929040e-05
1.204000e-02	5.929330e-05
1.205000e-02	5.929620e-05
1.206000e-02	5.929910e-05
1.207000e-02	5.930200e-05
1.208000e-02	5.930490e-05
1.209000e-02	5.930780e-05
1.210000e-02	5.931071e-05
1.211000e-02	5.931361e-05
1.212000e-02	5.931651e-05
1.213000e-02	5.931941e-05
1.214000e-02	5.932231e-05
1.215000e-02	5.932521e-05
1.216000e-02	5.932811e-05
1.217000e-02	5.933101e-05
1.218000e-02	5.933391e-05
1.219000e-02	5.933681e-05
1.220000e-02	5.933971e-05
1.221000e-02	5.934261e-05
1.222000e-02	5.934551e-05
1.223000e-02	5.934841e-05
1.224000e-02	5.935131e-05
1.225000e-02	5.935421e-05
1.226000e-02	5.935711e-05
1.227000e-02	5.936001e-05
1.228000e-02	5.936291e-05
1.229000e-02	5.936581e-05
1.230000e-02	5.936871e-05
1.231000e-02	5.937161e-05
1.232000e-02	5.937451e-05
1.233000e-02	5.937741e-05
1.234000e-02	5.938031e-05
1.235000e-02	5.938322e-05
1.236000e-02	5.938612e-05
1.237000e-02	5.938902e-05
1.238000e-02	5.939192e-05
1.239000e-02	5.939482e-05
1.240000e-02	5.939772e-05
1.241000e-02	5.940062e-05
1.242000e-02	5.940352e-05
1.243000e-02	5.940642e-05
1.244000e-02	5.940932e-05
1.245000e-02	5.941222e-05
1.246000e-02	5.941512e-05
1.247000e-02	5.941802e-05
1.248000e-02	5.942092e-05
1.249000e-02	5.942382e-05
1.250000e-02	5.942672e-05
1.251000e-02	5.942962e-05
1.252000e-02	5.943252e-05
1.253000e-02	5.943542e-05
1.254000e-02	5.943832e-05
1.255000e-02	5.944122e-05
1.256000e-02	5.944412e-05
1.257000e-02	5.944702e-05
1.258000e-02	5.944992e-05
1.259000e-02	5.945283e-05
1.260000e-02	5.945573e-05
1.261000e-02	5.945863e-05
1.262000e-02	5.946153e-05
1.263000e-02	5.946443e-05
1.264000e-02	5.946733e-05
1.265000e-02	5.947023e-05
1.266000e-02	5.947313e-05
1.267000e-02	5.947603e-05
1.268000e-02	5.947893e-05
1.269000e-02	5.948183e-05
1.270000e-02	5.948473e-05
1.271000e-02	5.948763e-05
1.272000e-02	5.949053e-05
1.273000e-02	5.949343e-05
1.274000e-02	5.949633e-05
1.275000e-02	5.949923e-05
1.276000e-02	5.950213e-05
1.277000e-02	5.950503e-05
1.278000e-02	5.950793e-05
1.279000e-02	5.951083e-05
1.280000e-02	5.951373e-05
1.281000e-02	5.951663e-05
1.282000e-02	5.951953e-05
1.283000e-02	5.952244e-05
1.284000e-02	5.952534e-05
1.285000e-02	5.952824e-05
1.286000e-02	5.953114e-05
1.287000e-02	5.953404e-05
1.288000e-02	5.953694e-05
1.289000e-02	5.953984e-05
1.290000e-02	5.954274e-05
1.291000e-02	5.954564e-05
1.292000e-02	5.954854e-05
1.293000e-02	5.955144e-05
1.294000e-02	5.955434e-05
1.295000e-02	5.955724e-05
1.296000e-02	5.956014e-05
1.297000e-02	5.956304e-05
1.298000e-02	5.956594e-05
1.299000e-02	5.956884e-05
1.300000e-02	5.957174e-05
1.301000e-02	5.957951e-05
1.302000e-02	5.958728e-05
1.303000e-02	5.959504e-05
1.304000e-02	5.960281e-05
1.305000e-02	5.961058e-05
1.306000e-02	5.961835e-05
1.307000e-02	5.962611e-05
1.308000e-02	5.963388e-05
1.309000e-02	5.964165e-05
1.310000e-02	5.964942e-05
1.311000e-02	5.965718e-05
1.312000e-02	5.966495e-05
1.313000e-02	5.967272e-05
1.314000e-02	5.968049e-05
1.315000e-02	5.968825e-05
1.316000e-02	5.969602e-05
1.317000e-02	5.970379e-05
1.318000e-02	5.971155e-05
1.319000e-02	5.971932e-05
1.320000e-02	5.972709e-05
1.321000e-02	5.973486e-05
1.322000e-02	5.974262e-05
1.323000e-02	5.975039e-05
1.324000e-02	5.975816e-05
1.325000e-02	5.976593e-05
1.326000e-02	5.977369e-05
1.327000e-02	5.978146e-05
1.328000e-02	5.978923e-05
1.329000e-02	5.979700e-05
1.330000e-02	5.980476e-05
1.331000e-02	5.981253e-05
1.332000e-02	5.982030e-05
1.333000e-02	5.982806e-05
1.334000e-02	5.983583e-05
1.335000e-02	5.984360e-05
1.336000e-02	5.985137e-05
1.337000e-02	5.985913e-05
1.338000e-02	5.986690e-05
1.339000e-02	5.987467e-05
1.340000e-02	5.988244e-05
1.341000e-02	5.989020e-05
1.342000e-02	5.989797e-05
1.343000e-02	5.990574e-05
1.344000e-02	5.991351e-05
1.345000e-02	5.992127e-05
1.346000e-02	5.992904e-05
1.347000e-02	5.993681e-05
1.348000e-02	5.994458e-05
1.349000e-02	5.995234e-05
1.350000e-02	5.996011e-05
1.351000e-02	5.996788e-05
1.352000e-02	5.997564e-05
1.353000e-02	5.998341e-05
1.354000e-02	5.999118e-05
1.355000e-02	5.999895e-05
1.356000e-02	6.000671e-05
1.357000e-02	6.001448e-05
1.358000e-02	6.002225e-05
1.359000e-02	6.003002e-05
1.360000e-02	6.003778e-05
1.361000e-02	6.004555e-05
1.362000e-02	6.005332e-05
1.363000e-02	6.006109e-05
1.364000e-02	6.006885e-05
1.365000e-02	6.007662e-05
1.366000e-02	6.008439e-05
1.367000e-02	6.009216e-05
1.368000e-02	6.009992e-05
1.369000e-02	6.010769e-05
1.370000e-02	6.011546e-05
1.371000e-02	6.012322e-05
1.372000e-02	6.013099e-05
1.373000e-02	6.013876e-05
1.374000e-02	6.014653e-05
1.375000e-02	6.015429e-05
1.376000e-02	6.016206e-05
1.377000e-02	6.016983e-05
1.378000e-02	6.017760e-05
1.379000e-02	6.018536e-05
1.380000e-02	6.019313e-05
1.381000e-02	6.020090e-05
1.382000e-02	6.020867e-05
1.383000e-02	6.021643e-05
1.384000e-02	6.022420e-05
1.385000e-02	6.023197e-05
1.386000e-02	6.023974e-05
1.387000e-02	6.024750e-05
1.388000e-02	6.025527e-05
1.389000e-02	6.026304e-05
1.390000e-02	6.027080e-05
1.391000e-02	6.027857e-05
1.392000e-02	6.028634e-05
1.393000e-02	6.029411e-05
1.394000e-02	6.030187e-05
1.395000e-02	6.030964e-05
1.396000e-02	6.031741e-05
1.397000e-02	6.032518e-05
1.398000e-02	6.033294e-05
1.399000e-02	6.034071e-05
1.400000e-02	6.034848e-05
1.401000e-02	6.035625e-05
1.402000e-02	6.036401e-05
1.403000e-02	6.037178e-05
1.404000e-02	6.037955e-05
1.405000e-02	6.038731e-05
1.406000e-02	6.039508e-05
1.407000e-02	6.040285e-05
1.408000e-02	6.041062e-05
1.409000e-02	6.041838e-05
1.410000e-02	6.042615e-05
1.411000e-02	6.043392e-05
1.412000e-02	6.044169e-05
1.413000e-02	6.044945e-05
1.414000e-02	6.045722e-05
1.415000e-02	6.046499e-05
1.416000e-02	6.047276e-05
1.417000e-02	6.048052e-05
1.418000e-02	6.048829e-05
1.419000e-02	6.049606e-05
1.420000e-02	6.050383e-05
1.421000e-02	6.051159e-05
1.422000e-02	6.051936e-05
1.423000e-02	6.052713e-05
1.424000e-02	6.053489e-05
1.425000e-02	6.054266e-05
1.426000e-02	6.055043e-05
1.427000e-02	6.055820e-05
1.428000e-02	6.056596e-05
1.429000e-02	6.057373e-05
1.430000e-02	6.058150e-05
1.431000e-02	6.058927e-05
1.432000e-02	6.059703e-05
1.433000e-02	6.060480e-05
1.434000e-02	6.061257e-05
1.435000e-02	6.062034e-05
1.436000e-02	6.062810e-05
1.437000e-02	6.063587e-05
1.438000e-02	6.064364e-05
1.439000e-02	6.065141e-05
1.440000e-02	6.065917e-05
1.441000e-02	6.066694e-05
1.442000e-02	6.067471e-05
1.443000e-02	6.068247e-05
1.444000e-02	6.069024e-05
1.445000e-02	6.069801e-05
1.446000e-02	6.070578e-05
1.447000e-02	6.071354e-05
1.448000e-02	6.072131e-05
1.449000e-02	6.072908e-05
1.450000e-02	6.073685e-05
1.451000e-02	6.074461e-05
1.452000e-02	6.075238e-05
1.453000e-02	6.076015e-05
1.454000e-02	6.076792e-05
1.455000e-02	6.077568e-05
1.456000e-02	6.078345e-05
1.457000e-02	6.079122e-05
1.458000e-02	6.079898e-05
1.459000e-02	6.080675e-05
1.460000e-02	6.081452e-05
1.461000e-02	6.082229e-05
1.462000e-02	6.083005e-05
1.463000e-02	6.083782e-05
1.464000e-02	6.084559e-05
1.465000e-02	6.085336e-05
1.466000e-02	6.086112e-05
1.467000e-02	6.086889e-05
1.468000e-02	6.087666e-05
1.469000e-02	6.088443e-05
1.470000e-02	6.089219e-05
1.471000e-02	6.089996e-05
1.472000e-02	6.090773e-05
1.473000e-02	6.091550e-05
1.474000e-02	6.092326e-05
1.475000e-02	6.093103e-05
1.476000e-02	6.093880e-05
1.477000e-02	6.094656e-05
1.478000e-02	6.095433e-05
1.479000e-02	6.096210e-05
1.480000e-02	6.096987e-05
1.481000e-02	6.097763e-05
1.482000e-02	6.098540e-05
1.483000e-02	6.099317e-05
1.484000e-02	6.100094e-05
1.485000e-02	6.100870e-05
1.486000e-02	6.101647e-05
1.487000e-02	6.102424e-05
1.488000e-02	6.103201e-05
1.489000e-02	6.103977e-05
1.490000e-02	6.104754e-05
1.491000e-02	6.105531e-05
1.492000e-02	6.106308e-05
1.493000e-02	6.107084e-05
1.494000e-02	6.107861e-05
1.495000e-02	6.108638e-05
1.496000e-02	6.109414e-05
1.497000e-02	6.110191e-05
1.498000e-02	6.110968e-05
1.499000e-02	6.111745e-05
1.500000e-02	6.112521e-05
1.501000e-02	6.113298e-05
1.502000e-02	6.114075e-05
1.503000e-02	6.114852e-05
1.504000e-02	6.115628e-05
1.505000e-02	6.116405e-05
1.506000e-02	6.117182e-05
1.507000e-02	6.117959e-05
1.508000e-02	6.118735e-05
1.509000e-02	6.119512e-05
1.510000e-02	6.120289e-05
1.511000e-02	6.121065e-05
1.512000e-02	6.121842e-05
1.513000e-02	6.122619e-05
1.514000e-02	6.123396e-05
1.515000e-02	6.124172e-05
1.516000e-02	6.124949e-05
1.517000e-02	6.125726e-05
1.518000e-02	6.126503e-05
1.519000e-02	6.127279e-05
1.520000e-02	6.128056e-05
1.521000e-02	6.128833e-05
1.522000e-02	6.129610e-05
1.523000e-02	6.130386e-05
1.524000e-02	6.131163e-05
1.525000e-02	6.131940e-05
1.526000e-02	6.132717e-05
1.527000e-02	6.133493e-05
1.528000e-02	6.134270e-05
1.529000e-02	6.135047e-05
1.530000e-02	6.135823e-05
1.531000e-02	6.136600e-05
1.532000e-02	6.137377e-05
1.533000e-02	6.138154e-05
1.534000e-02	6.138930e-05
1.535000e-02	6.139707e-05
1.536000e-02	6.140484e-05
1.537000e-02	6.141261e-05
1.538000e-02	6.142037e-05
1.539000e-02	6.142814e-05
1.540000e-02	6.143591e-05
1.541000e-02	6.144368e-05
1.542000e-02	6.145144e-05
1.543000e-02	6.145921e-05
1.544000e-02	6.146698e-05
1.545000e-02	6.147475e-05
1.546000e-02	6.148251e-05
1.547000e-02	6.149028e-05
1.548000e-02	6.149805e-05
1.549000e-02	6.150581e-05
1.550000e-02	6.151358e-05
1.551000e-02	6.152135e-05
1.552000e-02	6.152912e-05
1.553000e-02	6.153688e-05
1.554000e-02	6.154465e-05
1.555000e-02	6.155242e-05
1.556000e-02	6.156019e-05
1.557000e-02	6.156795e-05
1.558000e-02	6.157572e-05
1.559000e-02	6.158349e-05
1.560000e-02	6.159126e-05
1.561000e-02	6.159902e-05
1.562000e-02	6.160679e-05
1.563000e-02	6.161456e-05
1.564000e-02	6.162233e-05
1.565000e-02	6.163009e-05
1.566000e-02	6.163786e-05
1.567000e-02	6.164563e-05
1.568000e-02	6.165339e-05
1.569000e-02	6.166116e-05
1.570000e-02	6.166893e-05
1.571000e-02	6.167670e-05
1.572000e-02	6.168446e-05
1.573000e-02	6.169223e-05
1.574000e-02	6.170000e-05
1.575000e-02	6.170777e-05
1.576000e-02	6.171553e-05
1.577000e-02	6.172330e-05
1.578000e-02	6.173107e-05
1.579000e-02	6.173884e-05
1.580000e-02	6.174660e-05
1.581000e-02	6.175437e-05
1.582000e-02	6.176214e-05
1.583000e-02	6.176990e-05
1.584000e-02	6.177767e-05
1.585000e-02	6.178544e-05
1.586000e-02	6.179321e-05
1.587000e-02	6.180097e-05
1.588000e-02	6.180874e-05
1.589000e-02	6.181651e-05
1.590000e-02	6.182428e-05
1.591000e-02	6.183204e-05
1.592000e-02	6.183981e-05
1.593000e-02	6.184758e-05
1.594000e-02	6.185535e-05
1.595000e-02	6.186311e-05
1.596000e-02	6.187088e-05
1.597000e-02	6.187865e-05
1.598000e-02	6.188642e-05
1.599000e-02	6.189418e-05
1.600000e-02	6.190195e-05
1.601000e-02	6.190972e-05
1.602000e-02	6.191748e-05
1.603000e-02	6.192525e-05
1.604000e-02	6.193302e-05
1.605000e-02	6.194079e-05
1.606000e-02	6.194855e-05
1.607000e-02	6.195632e-05
1.608000e-02	6.196409e-05
1.609000e-02	6.197186e-05
1.610000e-02	6.197962e-05
1.611000e-02	6.198739e-05
1.612000e-02	6.199516e-05
1.613000e-02	6.200293e-05
1.614000e-02	6.201069e-05
1.615000e-02	6.201846e-05
1.616000e-02	6.202623e-05
1.617000e-02	6.203400e-05
1.618000e-02	6.204176e-05
1.619000e-02	6.204953e-05
1.620000e-02	6.205730e-05
1.621000e-02	6.206506e-05
1.622000e-02	6.207283e-05
1.623000e-02	6.208060e-05
1.624000e-02	6.208837e-05
1.625000e-02	6.209613e-05
1.626000e-02	6.210390e-05
1.627000e-02	6.211167e-05
1.628000e-02	6.211944e-05
1.629000e-02	6.212720e-05
1.630000e-02	6.213497e-05
1.631000e-02	6.214274e-05
1.632000e-02	6.215051e-05
1.633000e-02	6.215827e-05
1.634000e-02	6.216604e-05
1.635000e-02	6.217381e-05
1.636000e-02	6.218157e-05
1.637000e-02	6.218934e-05
1.638000e-02	6.219711e-05
1.639000e-02	6.220488e-05
1.640000e-02	6.221264e-05
1.641000e-02	6.222041e-05
1.642000e-02	6.222818e-05
1.643000e-02	6.223595e-05
1.644000e-02	6.224371e-05
1.645000e-02	6.225148e-05
1.646000e-02	6.225925e-05
1.647000e-02	6.226702e-05
1.648000e-02	6.227478e-05
1.649000e-02	6.228255e-05
1.650000e-02	6.229032e-05
1.651000e-02	6.229809e-05
1.652000e-02	6.230585e-05
1.653000e-02	6.231362e-05
1.654000e-02	6.232139e-05
1.655000e-02	6.232915e-05
1.656000e-02	6.233692e-05
1.657000e-02	6.234469e-05
1.658000e-02	6.235246e-05
1.659000e-02	6.236022e-05
1.660000e-02	6.236799e-05
1.661000e-02	6.237576e-05
1.662000e-02	6.238353e-05
1.663000e-02	6.239129e-05
1.664000e-02	6.239906e-05
1.665000e-02	6.240683e-05
1.666000e-02	6.241460e-05
1.667000e-02	6.242236e-05
1.668000e-02	6.243013e-05
1.669000e-02	6.243790e-05
1.670000e-02	6.244567e-05
1.671000e-02	6.245343e-05
1.672000e-02	6.246120e-05
1.673000e-02	6.246897e-05
1.674000e-02	6.247673e-05
1.675000e-02	6.248450e-05
1.676000e-02	6.249227e-05
1.677000e-02	6.250004e-05
1.678000e-02	6.250780e-05
1.679000e-02	6.251557e-05
1.680000e-02	6.252334e-05
1.681000e-02	6.253111e-05
1.682000e-02	6.253887e-05
1.683000e-02	6.254664e-05
1.684000e-02	6.255441e-05
1.685000e-02	6.256218e-05
1.686000e-02	6.256994e-05
1.687000e-02	6.257771e-05
1.688000e-02	6.258548e-05
1.689000e-02	6.259325e-05
1.690000e-02	6.260101e-05
1.691000e-02	6.260878e-05
1.692000e-02	6.261655e-05
1.693000e-02	6.262431e-05
1.694000e-02	6.263208e-05
1.695000e-02	6.263985e-05
1.696000e-02	6.264762e-05
1.697000e-02	6.265538e-05
1.698000e-02	6.266315e-05
1.699000e-02	6.267092e-05
1.700000e-02	6.267869e-05
1.701000e-02	6.268645e-05
1.702000e-02	6.269422e-05
1.703000e-02	6.270199e-05
1.704000e-02	6.270976e-05
1.705000e-02	6.271752e-05
1.706000e-02	6.272529e-05
1.707000e-02	6.273306e-05
1.708000e-02	6.274082e-05
1.709000e-02	6.274859e-05
1.710000e-02	6.275636e-05
1.711000e-02	6.276413e-05
1.712000e-02	6.277189e-05
1.713000e-02	6.277966e-05
1.714000e-02	6.278743e-05
1.715000e-02	6.279520e-05
1.716000e-02	6.280747e-05
1.717000e-02	6.281974e-05
1.718000e-02	6.283201e-05
1.719000e-02	6.284428e-05
1.720000e-02	6.285655e-05
1.721000e-02	6.286882e-05
1.722000e-02	6.288110e-05
1.723000e-02	6.289337e-05
1.724000e-02	6.290564e-05
1.725000e-02	6.291791e-05
1.726000e-02	6.293018e-05
1.727000e-02	6.294245e-05
1.728000e-02	6.295472e-05
1.729000e-02	6.296699e-05
1.730000e-02	6.297927e-05
1.731000e-02	6.299154e-05
1.732000e-02	6.300381e-05
1.733000e-02	6.301608e-05
1.734000e-02	6.302835e-05
1.735000e-02	6.304062e-05
1.736000e-02	6.305289e-05
1.737000e-02	6.306516e-05
1.738000e-02	6.307744e-05
1.739000e-02	6.308971e-05
1.740000e-02	6.310198e-05
1.741000e-02	6.311425e-05
1.742000e-02	6.312652e-05
1.743000e-02	6.313879e-05
1.744000e-02	6.315106e-05
1.745000e-02	6.316333e-05
1.746000e-02	6.317561e-05
1.747000e-02	6.318788e-05
1.748000e-02	6.320015e-05
1.749000e-02	6.321242e-05
1.750000e-02	6.322469e-05
1.751000e-02	6.323696e-05
1.752000e-02	6.324923e-05
1.753000e-02	6.326150e-05
1.754000e-02	6.327378e-05
1.755000e-02	6.328605e-05
1.756000e-02	6.329832e-05
1.757000e-02	6.331059e-05
1.758000e-02	6.332286e-05
1.759000e-02	6.333513e-05
1.760000e-02	6.334740e-05
1.761000e-02	6.335967e-05
1.762000e-02	6.337195e-05
1.763000e-02	6.338422e-05
1.764000e-02	6.339649e-05
1.765000e-02	6.340876e-05
1.766000e-02	6.342103e-05
1.767000e-02	6.343330e-05
1.768000e-02	6.344557e-05
1.769000e-02	6.345785e-05
1.770000e-02	6.347012e-05
1.771000e-02	6.348239e-05
1.772000e-02	6.349466e-05
1.773000e-02	6.350693e-05
1.774000e-02	6.351920e-05
1.775000e-02	6.353147e-05
1.776000e-02	6.354374e-05
1.777000e-02	6.355602e-05
1.778000e-02	6.356829e-05
1.779000e-02	6.358056e-05
1.780000e-02	6.359283e-05
1.781000e-02	6.360510e-05
1.782000e-02	6.361737e-05
1.783000e-02	6.362964e-05
1.784000e-02	6.364191e-05
1.785000e-02	6.365419e-05
1.786000e-02	6.366646e-05
1.787000e-02	6.367873e-05
1.788000e-02	6.369100e-05
1.789000e-02	6.370327e-05
1.790000e-02	6.371554e-05
1.791000e-02	6.372781e-05
1.792000e-02	6.374008e-05
1.793000e-02	6.375236e-05
1.794000e-02	6.376463e-05
1.795000e-02	6.377690e-05
1.796000e-02	6.378917e-05
1.797000e-02	6.380144e-05
1.798000e-02	6.381371e-05
1.799000e-02	6.382598e-05
1.800000e-02	6.383825e-05
1.801000e-02	6.385053e-05
1.802000e-02	6.386280e-05
1.803000e-02	6.387507e-05
1.804000e-02	6.388734e-05
1.805000e-02	6.389961e-05
1.806000e-02	6.391188e-05
1.807000e-02	6.392415e-05
1.808000e-02	6.393642e-05
1.809000e-02	6.394870e-05
1.810000e-02	6.396097e-05
1.811000e-02	6.397324e-05
1.812000e-02	6.398551e-05
1.813000e-02	6.399778e-05
1.814000e-02	6.401005e-05
1.815000e-02	6.402232e-05
1.816000e-02	6.403616e-05
1.817000e-02	6.405001e-05
1.818000e-02	6.406385e-05
1.819000e-02	6.407769e-05
1.820000e-02	6.409153e-05
1.821000e-02	6.410537e-05
1.822000e-02	6.411921e-05
1.823000e-02	6.413305e-05
1.824000e-02	6.414689e-05
1.825000e-02	6.416074e-05
1.826000e-02	6.417458e-05
1.827000e-02	6.418842e-05
1.828000e-02	6.420226e-05
1.829000e-02	6.421610e-05
1.830000e-02	6.422994e-05
1.831000e-02	6.424378e-05
1.832000e-02	6.425762e-05
1.833000e-02	6.427147e-05
1.834000e-02	6.428531e-05
1.835000e-02	6.429915e-05
1.836000e-02	6.431299e-05
1.837000e-02	6.432683e-05
1.838000e-02	6.434067e-05
1.839000e-02	6.435451e-05
1.840000e-02	6.436835e-05
1.841000e-02	6.438220e-05
1.842000e-02	6.439604e-05
1.843000e-02	6.440988e-05
1.844000e-02	6.442372e-05
1.845000e-02	6.443756e-05
1.846000e-02	6.445140e-05
1.847000e-02	6.446524e-05
1.848000e-02	6.447908e-05
1.849000e-02	6.449293e-05
1.850000e-02	6.450677e-05
1.851000e-02	6.452061e-05
1.852000e-02	6.453445e-05
1.853000e-02	6.454829e-05
1.854000e-02	6.456213e-05
1.855000e-02	6.457597e-05
1.856000e-02	6.458981e-05
1.857000e-02	6.460365e-05
1.858000e-02	6.461750e-05
1.859000e-02	6.463134e-05
1.860000e-02	6.464518e-05
1.861000e-02	6.465902e-05
1.862000e-02	6.467286e-05
1.863000e-02	6.468670e-05
1.864000e-02	6.470054e-05
1.865000e-02	6.471438e-05
1.866000e-02	6.472823e-05
1.867000e-02	6.474207e-05
1.868000e-02	6.475591e-05
1.869000e-02	6.476975e-05
1.870000e-02	6.478359e-05
1.871000e-02	6.479743e-05
1.872000e-02	6.481127e-05
1.873000e-02	6.482511e-05
1.874000e-02	6.483896e-05
1.875000e-02	6.485280e-05
1.876000e-02	6.486664e-05
1.877000e-02	6.488048e-05
1.878000e-02	6.489432e-05
1.879000e-02	6.490816e-05
1.880000e-02	6.492200e-05
1.881000e-02	6.493584e-05
1.882000e-02	6.494969e-05
1.883000e-02	6.496353e-05
1.884000e-02	6.497737e-05
1.885000e-02	6.499121e-05
1.886000e-02	6.500505e-05
1.887000e-02	6.501889e-05
1.888000e-02	6.503273e-05
1.889000e-02	6.504657e-05
1.890000e-02	6.506042e-05
1.891000e-02	6.507426e-05
1.892000e-02	6.508810e-05
1.893000e-02	6.510194e-05
1.894000e-02	6.511578e-05
1.895000e-02	6.512962e-05
1.896000e-02	6.514346e-05
1.897000e-02	6.515730e-05
1.898000e-02	6.517115e-05
1.899000e-02	6.518499e-05
1.900000e-02	6.519883e-05
1.901000e-02	6.521267e-05
1.902000e-02	6.522651e-05
1.903000e-02	6.524035e-05
1.904000e-02	6.525419e-05
1.905000e-02	6.526803e-05
1.906000e-02	6.528187e-05
1.907000e-02	6.529572e-05
1.908000e-02	6.530956e-05
1.909000e-02	6.532340e-05
1.910000e-02	6.533724e-05
1.911000e-02	6.535108e-05
1.912000e-02	6.536492e-05
1.913000e-02	6.537876e-05
1.914000e-02	6.539260e-05
1.915000e-02	6.540645e-05
1.916000e-02	6.542235e-05
1.917000e-02	6.543825e-05
1.918000e-02	6.545415e-05
1.919000e-02	6.547005e-05
1.920000e-02	6.548595e-05
1.921000e-02	6.550184e-05
1.922000e-02	6.551774e-05
1.923000e-02	6.553364e-05
1.924000e-02	6.554954e-05
1.925000e-02	6.556544e-05
1.926000e-02	6.558134e-05
1.927000e-02	6.559724e-05
1.928000e-02	6.561314e-05
1.929000e-02	6.562904e-05
1.930000e-02	6.564494e-05
1.931000e-02	6.566084e-05
1.932000e-02	6.567674e-05
1.933000e-02	6.569264e-05
1.934000e-02	6.570854e-05
1.935000e-02	6.572444e-05
1.936000e-02	6.574034e-05
1.937000e-02	6.575624e-05
1.938000e-02	6.577214e-05
1.939000e-02	6.578804e-05
1.940000e-02	6.580394e-05
1.941000e-02	6.581984e-05
1.942000e-02	6.583574e-05
1.943000e-02	6.585164e-05
1.944000e-02	6.586754e-05
1.945000e-02	6.588344e-05
1.946000e-02	6.589934e-05
1.947000e-02	6.591524e-05
1.948000e-02	6.593114e-05
1.949000e-02	6.594704e-05
1.950000e-02	6.596294e-05
1.951000e-02	6.597884e-05
1.952000e-02	6.599474e-05
1.953000e-02	6.601064e-05
1.954000e-02	6.602654e-05
1.955000e-02	6.604244e-05
1.956000e-02	6.605834e-05
1.957000e-02	6.607424e-05
1.958000e-02	6.609014e-05
1.959000e-02	6.610604e-05
1.960000e-02	6.612194e-05
1.961000e-02	6.613784e-05
1.962000e-02	6.615374e-05
1.963000e-02	6.616964e-05
1.964000e-02	6.618554e-05
1.965000e-02	6.620144e-05
1.966000e-02	6.621734e-05
1.967000e-02	6.623324e-05
1.968000e-02	6.624914e-05
1.969000e-02	6.626504e-05
1.970000e-02	6.628094e-05
1.971000e-02	6.629684e-05
1.972000e-02	6.631274e-05
1.973000e-02	6.632864e-05
1.974000e-02	6.634454e-05
1.975000e-02	6.636044e-05
1.976000e-02	6.637634e-05
1.977000e-02	6.639223e-05
1.978000e-02	6.640813e-05
1.979000e-02	6.642403e-05
1.980000e-02	6.643993e-05
1.981000e-02	6.645583e-05
1.982000e-02	6.647173e-05
1.983000e-02	6.648763e-05
1.984000e-02	6.650353e-05
1.985000e-02	6.651943e-05
1.986000e-02	6.653533e-05
1.987000e-02	6.655123e-05
1.988000e-02	6.656713e-05
1.989000e-02	6.658303e-05
1.990000e-02	6.659893e-05
1.991000e-02	6.661483e-05
1.992000e-02	6.663073e-05
1.993000e-02	6.664663e-05
1.994000e-02	6.666253e-05
1.995000e-02	6.667843e-05
1.996000e-02	6.669433e-05
1.997000e-02	6.671023e-05
1.998000e-02	6.672613e-05
1.999000e-02	6.674203e-05
2.000000e-02	6.675793e-05
2.001000e-02	6.677383e-05
2.002000e-02	6.678973e-05
2.003000e-02	6.680563e-05
2.004000e-02	6.682153e-05
2.005000e-02	6.683743e-05
2.006000e-02	6.685333e-05
2.007000e-02	6.686923e-05
2.008000e-02	6.688513e-05
2.009000e-02	6.690103e-05
2.010000e-02	6.691693e-05
2.011000e-02	6.693283e-05
2.012000e-02	6.694873e-05
2.013000e-02	6.696463e-05
2.014000e-02	6.698053e-05
2.015000e-02	6.699643e-05
2.016000e-02	6.701233e-05
2.017000e-02	6.702823e-05
2.018000e-02	6.704413e-05
2.019000e-02	6.706003e-05
2.020000e-02	6.707593e-05
2.021000e-02	6.709183e-05
2.022000e-02	6.710773e-05
2.023000e-02	6.712363e-05
2.024000e-02	6.713953e-05
2.025000e-02	6.715543e-05
2.026000e-02	6.717133e-05
2.027000e-02	6.718723e-05
2.028000e-02	6.720313e-05
2.029000e-02	6.721903e-05
2.030000e-02	6.723493e-05
2.031000e-02	6.725083e-05
2.032000e-02	6.726673e-05
2.033000e-02	6.728262e-05
2.034000e-02	6.729852e-05
2.035000e-02	6.731442e-05
2.036000e-02	6.733032e-05
2.037000e-02	6.734622e-05
2.038000e-02	6.736212e-05
2.039000e-02	6.737802e-05
2.040000e-02	6.739392e-05
2.041000e-02	6.740982e-05
2.042000e-02	6.742572e-05
2.043000e-02	6.744162e-05
2.044000e-02	6.745752e-05
2.045000e-02	6.747342e-05
2.046000e-02	6.748932e-05
2.047000e-02	6.750522e-05
2.048000e-02	6.752112e-05
2.049000e-02	6.753702e-05
2.050000e-02	6.755292e-05
2.051000e-02	6.756882e-05
2.052000e-02	6.758472e-05
2.053000e-02	6.760062e-05
2.054000e-02	6.761652e-05
2.055000e-02	6.763242e-05
2.056000e-02	6.764832e-05
2.057000e-02	6.766422e-05
2.058000e-02	6.768012e-05
2.059000e-02	6.769602e-05
2.060000e-02	6.771192e-05
2.061000e-02	6.772782e-05
2.062000e-02	6.774372e-05
2.063000e-02	6.775962e-05
2.064000e-02	6.777552e-05
2.065000e-02	6.779142e-05
2.066000e-02	6.780732e-05
2.067000e-02	6.782322e-05
2.068000e-02	6.783912e-05
2.069000e-02	6.785502e-05
2.070000e-02	6.787092e-05
2.071000e-02	6.788682e-05
2.072000e-02	6.790272e-05
2.073000e-02	6.791862e-05
2.074000e-02	6.793452e-05
2.075000e-02	6.795042e-05
2.076000e-02	6.796632e-05
2.077000e-02	6.798222e-05
2.078000e-02	6.799812e-05
2.079000e-02	6.801402e-05
2.080000e-02	6.802992e-05
2.081000e-02	6.804582e-05
2.082000e-02	6.806172e-05
2.083000e-02	6.807762e-05
2.084000e-02	6.809352e-05
2.085000e-02	6.810942e-05
2.086000e-02	6.812532e-05
2.087000e-02	6.814122e-05
2.088000e-02	6.815712e-05
2.089000e-02	6.817301e-05
2.090000e-02	6.818891e-05
2.091000e-02	6.820481e-05
2.092000e-02	6.822071e-05
2.093000e-02	6.823661e-05
2.094000e-02	6.825251e-05
2.095000e-02	6.826841e-05
2.096000e-02	6.828431e-05
2.097000e-02	6.830021e-05
2.098000e-02	6.831611e-05
2.099000e-02	6.833201e-05
2.100000e-02	6.834791e-05
2.101000e-02	6.836569e-05
2.102000e-02	6.838347e-05
2.103000e-02	6.840125e-05
2.104000e-02	6.841903e-05
2.105000e-02	6.843681e-05
2.106000e-02	6.845459e-05
2.107000e-02	6.847236e-05
2.108000e-02	6.849014e-05
2.109000e-02	6.850792e-05
2.110000e-02	6.852570e-05
2.111000e-02	6.854348e-05
2.112000e-02	6.856126e-05
2.113000e-02	6.857904e-05
2.114000e-02	6.859682e-05
2.115000e-02	6.861459e-05
2.116000e-02	6.863237e-05
2.117000e-02	6.865015e-05
2.118000e-02	6.866793e-05
2.119000e-02	6.868571e-05
2.120000e-02	6.870349e-05
2.121000e-02	6.872127e-05
2.122000e-02	6.873905e-05
2.123000e-02	6.875682e-05
2.124000e-02	6.877460e-05
2.125000e-02	6.879238e-05
2.126000e-02	6.881016e-05
2.127000e-02	6.882794e-05
2.128000e-02	6.884572e-05
2.129000e-02	6.886350e-05
2.130000e-02	6.888128e-05
2.131000e-02	6.889905e-05
2.132000e-02	6.891683e-05
2.133000e-02	6.893461e-05
2.134000e-02	6.895239e-05
2.135000e-02	6.897017e-05
2.136000e-02	6.898795e-05
2.137000e-02	6.900573e-05
2.138000e-02	6.902351e-05
2.139000e-02	6.904128e-05
2.140000e-02	6.905906e-05
2.141000e-02	6.907684e-05
2.142000e-02	6.909462e-05
2.143000e-02	6.911240e-05
2.144000e-02	6.913018e-05
2.145000e-02	6.914796e-05
2.146000e-02	6.916573e-05
2.147000e-02	6.918351e-05
2.148000e-02	6.920129e-05
2.149000e-02	6.921907e-05
2.150000e-02	6.923685e-05
2.151000e-02	6.925463e-05
2.152000e-02	6.927241e-05
2.153000e-02	6.929019e-05
2.154000e-02	6.930796e-05
2.155000e-02	6.932574e-05
2.156000e-02	6.934352e-05
2.157000e-02	6.936130e-05
2.158000e-02	6.937908e-05
2.159000e-02	6.939686e-05
2.160000e-02	6.941464e-05
2.161000e-02	6.943242e-05
2.162000e-02	6.945019e-05
2.163000e-02	6.946797e-05
2.164000e-02	6.948575e-05
2.165000e-02	6.950353e-05
2.166000e-02	6.952131e-05
2.167000e-02	6.953909e-05
2.168000e-02	6.955687e-05
2.169000e-02	6.957465e-05
2.170000e-02	6.959242e-05
2.171000e-02	6.961020e-05
2.172000e-02	6.962798e-05
2.173000e-02	6.964576e-05
2.174000e-02	6.966354e-05
2.175000e-02	6.968132e-05
2.176000e-02	6.969910e-05
2.177000e-02	6.971688e-05
2.178000e-02	6.973465e-05
2.179000e-02	6.975243e-05
2.180000e-02	6.977021e-05
2.181000e-02	6.978799e-05
2.182000e-02	6.980577e-05
2.183000e-02	6.982355e-05
2.184000e-02	6.984133e-05
2.185000e-02	6.985911e-05
2.186000e-02	6.987688e-05
2.187000e-02	6.989466e-05
2.188000e-02	6.991244e-05
2.189000e-02	6.993022e-05
2.190000e-02	6.994800e-05
2.191000e-02	6.996578e-05
2.192000e-02	6.998356e-05
2.193000e-02	7.000134e-05
2.194000e-02	7.001911e-05
2.195000e-02	7.003689e-05
2.196000e-02	7.005467e-05
2.197000e-02	7.007245e-05
2.198000e-02	7.009023e-05
2.199000e-02	7.010801e-05
2.200000e-02	7.012579e-05
2.201000e-02	7.014476e-05
2.202000e-02	7.016373e-05
2.203000e-02	7.018271e-05
2.204000e-02	7.020168e-05
2.205000e-02	7.022066e-05
2.206000e-02	7.023963e-05
2.207000e-02	7.025860e-05
2.208000e-02	7.027758e-05
2.209000e-02	7.029655e-05
2.210000e-02	7.031553e-05
2.211000e-02	7.033450e-05
2.212000e-02	7.035347e-05
2.213000e-02	7.037245e-05
2.214000e-02	7.039142e-05
2.215000e-02	7.041040e-05
2.216000e-02	7.042937e-05
2.217000e-02	7.044834e-05
2.218000e-02	7.046732e-05
2.219000e-02	7.048629e-05
2.220000e-02	7.050527e-05
2.221000e-02	7.052424e-05
2.222000e-02	7.054321e-05
2.223000e-02	7.056219e-05
2.224000e-02	7.058116e-05
2.225000e-02	7.060014e-05
2.226000e-02	7.061911e-05
2.227000e-02	7.063808e-05
2.228000e-02	7.065706e-05
2.229000e-02	7.067603e-05
2.230000e-02	7.069501e-05
2.231000e-02	7.071398e-05
2.232000e-02	7.073295e-05
2.233000e-02	7.075193e-05
2.234000e-02	7.077090e-05
2.235000e-02	7.078988e-05
2.236000e-02	7.080885e-05
2.237000e-02	7.082782e-05
2.238000e-02	7.084680e-05
2.239000e-02	7.086577e-05
2.240000e-02	7.088475e-05
2.241000e-02	7.090372e-05
2.242000e-02	7.092269e-05
2.243000e-02	7.094167e-05
2.244000e-02	7.096064e-05
2.245000e-02	7.097962e-05
2.246000e-02	7.099859e-05
2.247000e-02	7.101756e-05
2.248000e-02	7.103654e-05
2.249000e-02	7.105551e-05
2.250000e-02	7.107448e-05
2.251000e-02	7.109346e-05
2.252000e-02	7.111243e-05
2.253000e-02	7.113141e-05
2.254000e-02	7.115038e-05
2.255000e-02	7.116935e-05
2.256000e-02	7.118833e-05
2.257000e-02	7.120730e-05
2.258000e-02	7.122628e-05
2.259000e-02	7.124525e-05
2.260000e-02	7.126422e-05
2.261000e-02	7.128320e-05
2.262000e-02	7.130217e-05
2.263000e-02	7.132115e-05
2.264000e-02	7.134012e-05
2.265000e-02	7.135909e-05
2.266000e-02	7.137807e-05
2.267000e-02	7.139704e-05
2.268000e-02	7.141602e-05
2.269000e-02	7.143499e-05
2.270000e-02	7.145396e-05
2.271000e-02	7.147294e-05
2.272000e-02	7.149191e-05
2.273000e-02	7.151089e-05
2.274000e-02	7.152986e-05
2.275000e-02	7.154883e-05
2.276000e-02	7.156781e-05
2.277000e-02	7.158678e-05
2.278000e-02	7.160576e-05
2.279000e-02	7.162473e-05
2.280000e-02	7.164370e-05
2.281000e-02	7.166268e-05
2.282000e-02	7.168165e-05
2.283000e-02	7.170063e-05
2.284000e-02	7.171960e-05
2.285000e-02	7.173857e-05
2.286000e-02	7.175755e-05
2.287000e-02	7.177652e-05
2.288000e-02	7.179550e-05
2.289000e-02	7.181447e-05
2.290000e-02	7.183344e-05
2.291000e-02	7.185242e-05
2.292000e-02	7.187139e-05
2.293000e-02	7.189036e-05
2.294000e-02	7.190934e-05
2.295000e-02	7.192831e-05
2.296000e-02	7.194729e-05
2.297000e-02	7.196626e-05
2.298000e-02	7.198523e-05
2.299000e-02	7.200421e-05
2.300000e-02	7.202318e-05
2.301000e-02	7.204326e-05
2.302000e-02	7.206334e-05
2.303000e-02	7.208341e-05
2.304000e-02	7.210349e-05
2.305000e-02	7.212357e-05
2.306000e-02	7.214365e-05
2.307000e-02	7.216372e-05
2.308000e-02	7.218380e-05
2.309000e-02	7.220388e-05
2.310000e-02	7.222396e-05
2.311000e-02	7.224403e-05
2.312000e-02	7.226411e-05
2.313000e-02	7.228419e-05
2.314000e-02	7.230426e-05
2.315000e-02	7.232434e-05
2.316000e-02	7.234442e-05
2.317000e-02	7.236450e-05
2.318000e-02	7.238457e-05
2.319000e-02	7.240465e-05
2.320000e-02	7.242473e-05
2.321000e-02	7.244481e-05
2.322000e-02	7.246488e-05
2.323000e-02	7.248496e-05
2.324000e-02	7.250504e-05
2.325000e-02	7.252511e-05
2.326000e-02	7.254519e-05
2.327000e-02	7.256527e-05
2.328000e-02	7.258535e-05
2.329000e-02	7.260542e-05
2.330000e-02	7.262550e-05
2.331000e-02	7.264558e-05
2.332000e-02	7.266566e-05
2.333000e-02	7.268573e-05
2.334000e-02	7.270581e-05
2.335000e-02	7.272589e-05
2.336000e-02	7.274596e-05
2.337000e-02	7.276604e-05
2.338000e-02	7.278612e-05
2.339000e-02	7.280620e-05
2.340000e-02	7.282627e-05
2.341000e-02	7.284635e-05
2.342000e-02	7.286643e-05
2.343000e-02	7.288651e-05
2.344000e-02	7.290658e-05
2.345000e-02	7.292666e-05
2.346000e-02	7.294674e-05
2.347000e-02	7.296681e-05
2.348000e-02	7.298689e-05
2.349000e-02	7.300697e-05
2.350000e-02	7.302705e-05
2.351000e-02	7.304712e-05
2.352000e-02	7.306720e-05
2.353000e-02	7.308728e-05
2.354000e-02	7.310736e-05
2.355000e-02	7.312743e-05
2.356000e-02	7.314751e-05
2.357000e-02	7.316759e-05
2.358000e-02	7.318766e-05
2.359000e-02	7.320774e-05
2.360000e-02	7.322782e-05
2.361000e-02	7.324790e-05
2.362000e-02	7.326797e-05
2.363000e-02	7.328805e-05
2.364000e-02	7.330813e-05
2.365000e-02	7.332821e-05
2.366000e-02	7.334828e-05
2.367000e-02	7.336836e-05
2.368000e-02	7.338844e-05
2.369000e-02	7.340851e-05
2.370000e-02	7.342859e-05
2.371000e-02	7.344867e-05
2.372000e-02	7.346875e-05
2.373000e-02	7.348882e-05
2.374000e-02	7.350890e-05
2.375000e-02	7.352898e-05
2.376000e-02	7.354906e-05
2.377000e-02	7.356913e-05
2.378000e-02	7.358921e-05
2.379000e-02	7.360929e-05
2.380000e-02	7.362937e-05
2.381000e-02	7.364944e-05
2.382000e-02	7.366952e-05
2.383000e-02	7.368960e-05
2.384000e-02	7.370967e-05
2.385000e-02	7.372975e-05
2.386000e-02	7.374983e-05
2.387000e-02	7.376991e-05
2.388000e-02	7.378998e-05
2.389000e-02	7.381006e-05
2.390000e-02	7.383014e-05
2.391000e-02	7.385022e-05
2.392000e-02	7.387029e-05
2.393000e-02	7.389037e-05
2.394000e-02	7.391045e-05
2.395000e-02	7.393052e-05
2.396000e-02	7.395060e-05
2.397000e-02	7.397068e-05
2.398000e-02	7.399076e-05
2.399000e-02	7.401083e-05
2.400000e-02	7.403091e-05
2.401000e-02	7.405200e-05
2.402000e-02	7.407310e-05
2.403000e-02	7.409419e-05
2.404000e-02	7.411528e-05
2.405000e-02	7.413638e-05
2.406000e-02	7.415747e-05
2.407000e-02	7.417856e-05
2.408000e-02	7.419966e-05
2.409000e-02	7.422075e-05
2.410000e-02	7.424184e-05
2.411000e-02	7.426294e-05
2.412000e-02	7.428403e-05
2.413000e-02	7.430512e-05
2.414000e-02	7.432622e-05
2.415000e-02	7.434731e-05
2.416000e-02	7.436840e-05
2.417000e-02	7.438950e-05
2.418000e-02	7.441059e-05
2.419000e-02	7.443168e-05
2.420000e-02	7.445278e-05
2.421000e-02	7.447387e-05
2.422000e-02	7.449496e-05
2.423000e-02	7.451606e-05
2.424000e-02	7.453715e-05
2.425000e-02	7.455824e-05
2.426000e-02	7.457934e-05
2.427000e-02	7.460043e-05
2.428000e-02	7.462152e-05
2.429000e-02	7.464262e-05
2.430000e-02	7.466371e-05
2.431000e-02	7.468480e-05
2.432000e-02	7.470590e-05
2.433000e-02	7.472699e-05
2.434000e-02	7.474808e-05
2.435000e-02	7.476918e-05
2.436000e-02	7.479027e-05
2.437000e-02	7.481136e-05
2.438000e-02	7.483246e-05
2.439000e-02	7.485355e-05
2.440000e-02	7.487464e-05
2.441000e-02	7.489574e-05
2.442000e-02	7.491683e-05
2.443000e-02	7.493792e-05
2.444000e-02	7.495902e-05
2.445000e-02	7.498011e-05
2.446000e-02	7.500120e-05
2.447000e-02	7.502230e-05
2.448000e-02	7.504339e-05
2.449000e-02	7.506448e-05
2.450000e-02	7.508558e-05
2.451000e-02	7.510667e-05
2.452000e-02	7.512776e-05
2.453000e-02	7.514886e-05
2.454000e-02	7.516995e-05
2.455000e-02	7.519104e-05
2.456000e-02	7.521214e-05
2.457000e-02	7.523323e-05
2.458000e-02	7.525432e-05
2.459000e-02	7.527542e-05
2.460000e-02	7.529651e-05
2.461000e-02	7.531760e-05
2.462000e-02	7.533870e-05
2.463000e-02	7.535979e-05
2.464000e-02	7.538088e-05
2.465000e-02	7.540198e-05
2.466000e-02	7.542307e-05
2.467000e-02	7.544416e-05
2.468000e-02	7.546526e-05
2.469000e-02	7.548635e-05
2.470000e-02	7.550744e-05
2.471000e-02	7.552854e-05
2.472000e-02	7.554963e-05
2.473000e-02	7.557072e-05
2.474000e-02	7.559182e-05
2.475000e-02	7.561291e-05
2.476000e-02	7.563400e-05
2.477000e-02	7.565510e-05
2.478000e-02	7.567619e-05
2.479000e-02	7.569728e-05
2.480000e-02	7.571838e-05
2.481000e-02	7.573947e-05
2.482000e-02	7.576056e-05
2.483000e-02	7.578166e-05
2.484000e-02	7.580275e-05
2.485000e-02	7.582384e-05
2.486000e-02	7.584494e-05
2.487000e-02	7.586603e-05
2.488000e-02	7.588712e-05
2.489000e-02	7.590822e-05
2.490000e-02	7.592931e-05
2.491000e-02	7.595040e-05
2.492000e-02	7.597150e-05
2.493000e-02	7.599259e-05
2.494000e-02	7.601368e-05
2.495000e-02	7.603478e-05
2.496000e-02	7.605587e-05
2.497000e-02	7.607696e-05
2.498000e-02	7.609806e-05
2.499000e-02	7.611915e-05
