z1_new_m	d2_new_long_m
1.000000e-03	8.631061e-05
1.010000e-03	8.627327e-05
1.020000e-03	8.623593e-05
1.030000e-03	8.619859e-05
1.040000e-03	8.616126e-05
1.050000e-03	8.612392e-05
1.060000e-03	8.608658e-05
1.070000e-03	8.604924e-05
1.080000e-03	8.601190e-05
1.090000e-03	8.597457e-05
1.100000e-03	8.593723e-05
1.110000e-03	8.589989e-05
1.120000e-03	8.586255e-05
1.130000e-03	8.582522e-05
1.140000e-03	8.578788e-05
1.150000e-03	8.575054e-05
1.160000e-03	8.571320e-05
1.170000e-03	8.567587e-05
1.180000e-03	8.563853e-05
1.190000e-03	8.560119e-05
1.200000e-03	8.556385e-05
1.210000e-03	8.552652e-05
1.220000e-03	8.548918e-05
1.230000e-03	8.545184e-05
1.240000e-03	8.541450e-05
1.250000e-03	8.537717e-05
1.260000e-03	8.533983e-05
1.270000e-03	8.530249e-05
1.280000e-03	8.526515e-05
1.290000e-03	8.522782e-05
1.300000e-03	8.519048e-05
1.310000e-03	8.515314e-05
1.320000e-03	8.511580e-05
1.330000e-03	8.507846e-05
1.340000e-03	8.504113e-05
1.350000e-03	8.500379e-05
1.360000e-03	8.496645e-05
1.370000e-03	8.492911e-05
1.380000e-03	8.489178e-05
1.390000e-03	8.485444e-05
1.400000e-03	8.481710e-05
1.410000e-03	8.477976e-05
1.420000e-03	8.474243e-05
1.430000e-03	8.470509e-05
1.440000e-03	8.466775e-05
1.450000e-03	8.463041e-05
1.460000e-03	8.459308e-05
1.470000e-03	8.455574e-05
1.480000e-03	8.451840e-05
1.490000e-03	8.448106e-05
1.500000e-03	8.444373e-05
1.510000e-03	8.440639e-05
1.520000e-03	8.436905e-05
1.530000e-03	8.433171e-05
1.540000e-03	8.429438e-05
1.550000e-03	8.425704e-05
1.560000e-03	8.421970e-05
1.570000e-03	8.418236e-05
1.580000e-03	8.414503e-05
1.590000e-03	8.410769e-05
1.600000e-03	8.407035e-05
1.610000e-03	8.403301e-05
1.620000e-03	8.399567e-05
1.630000e-03	8.395834e-05
1.640000e-03	8.392100e-05
1.650000e-03	8.388366e-05
1.660000e-03	8.384632e-05
1.670000e-03	8.380899e-05
1.680000e-03	8.377165e-05
1.690000e-03	8.373431e-05
1.700000e-03	8.369697e-05
1.710000e-03	8.365964e-05
1.720000e-03	8.362230e-05
1.730000e-03	8.358496e-05
1.740000e-03	8.354762e-05
1.750000e-03	8.351029e-05
1.760000e-03	8.347295e-05
1.770000e-03	8.343561e-05
1.780000e-03	8.339827e-05
1.790000e-03	8.336094e-05
1.800000e-03	8.332360e-05
1.810000e-03	8.328626e-05
1.820000e-03	8.324892e-05
1.830000e-03	8.321159e-05
1.840000e-03	8.317425e-05
1.850000e-03	8.313691e-05
1.860000e-03	8.309957e-05
1.870000e-03	8.306223e-05
1.880000e-03	8.302490e-05
1.890000e-03	8.298756e-05
1.900000e-03	8.295022e-05
1.910000e-03	8.291288e-05
1.920000e-03	8.287555e-05
1.930000e-03	8.283821e-05
1.940000e-03	8.280087e-05
1.950000e-03	8.276353e-05
1.960000e-03	8.272620e-05
1.970000e-03	8.268886e-05
1.980000e-03	8.265152e-05
1.990000e-03	8.261418e-05
2.000000e-03	8.257685e-05
2.010000e-03	8.254033e-05
2.020000e-03	8.250382e-05
2.030000e-03	8.246731e-05
2.040000e-03	8.243080e-05
2.050000e-03	8.239429e-05
2.060000e-03	8.235778e-05
2.070000e-03	8.232127e-05
2.080000e-03	8.228476e-05
2.090000e-03	8.224824e-05
2.100000e-03	8.221173e-05
2.110000e-03	8.217522e-05
2.120000e-03	8.213871e-05
2.130000e-03	8.210220e-05
2.140000e-03	8.206569e-05
2.150000e-03	8.202918e-05
2.160000e-03	8.199267e-05
2.170000e-03	8.195615e-05
2.180000e-03	8.191964e-05
2.190000e-03	8.188313e-05
2.200000e-03	8.184662e-05
2.210000e-03	8.181011e-05
2.220000e-03	8.177360e-05
2.230000e-03	8.173709e-05
2.240000e-03	8.170058e-05
2.250000e-03	8.166406e-05
2.260000e-03	8.162755e-05
2.270000e-03	8.159104e-05
2.280000e-03	8.155453e-05
2.290000e-03	8.151802e-05
2.300000e-03	8.148151e-05
2.310000e-03	8.144500e-05
2.320000e-03	8.140849e-05
2.330000e-03	8.137197e-05
2.340000e-03	8.133546e-05
2.350000e-03	8.129895e-05
2.360000e-03	8.126244e-05
2.370000e-03	8.122593e-05
2.380000e-03	8.118942e-05
2.390000e-03	8.115291e-05
2.400000e-03	8.111640e-05
2.410000e-03	8.107988e-05
2.420000e-03	8.104337e-05
2.430000e-03	8.100686e-05
2.440000e-03	8.097035e-05
2.450000e-03	8.093384e-05
2.460000e-03	8.089733e-05
2.470000e-03	8.086082e-05
2.480000e-03	8.082431e-05
2.490000e-03	8.078779e-05
2.500000e-03	8.075128e-05
2.510000e-03	8.071477e-05
2.520000e-03	8.067826e-05
2.530000e-03	8.064175e-05
2.540000e-03	8.060524e-05
2.550000e-03	8.056873e-05
2.560000e-03	8.053222e-05
2.570000e-03	8.049570e-05
2.580000e-03	8.045919e-05
2.590000e-03	8.042268e-05
2.600000e-03	8.038617e-05
2.610000e-03	8.034966e-05
2.620000e-03	8.031315e-05
2.630000e-03	8.027664e-05
2.640000e-03	8.024013e-05
2.650000e-03	8.020361e-05
2.660000e-03	8.016710e-05
2.670000e-03	8.013059e-05
2.680000e-03	8.009408e-05
2.690000e-03	8.005757e-05
2.700000e-03	8.002106e-05
2.710000e-03	7.998455e-05
2.720000e-03	7.994804e-05
2.730000e-03	7.991152e-05
2.740000e-03	7.987501e-05
2.750000e-03	7.983850e-05
2.760000e-03	7.980199e-05
2.770000e-03	7.976548e-05
2.780000e-03	7.972897e-05
2.790000e-03	7.969246e-05
2.800000e-03	7.965595e-05
2.810000e-03	7.961943e-05
2.820000e-03	7.958292e-05
2.830000e-03	7.954641e-05
2.840000e-03	7.950990e-05
2.850000e-03	7.947339e-05
2.860000e-03	7.943688e-05
2.870000e-03	7.940037e-05
2.880000e-03	7.936386e-05
2.890000e-03	7.932734e-05
2.900000e-03	7.929083e-05
2.910000e-03	7.925432e-05
2.920000e-03	7.921781e-05
2.930000e-03	7.918130e-05
2.940000e-03	7.914479e-05
2.950000e-03	7.910828e-05
2.960000e-03	7.907177e-05
2.970000e-03	7.903525e-05
2.980000e-03	7.899874e-05
2.990000e-03	7.896223e-05
3.000000e-03	7.892572e-05
3.010000e-03	7.889016e-05
3.020000e-03	7.885459e-05
3.030000e-03	7.881903e-05
3.040000e-03	7.878346e-05
3.050000e-03	7.874790e-05
3.060000e-03	7.871233e-05
3.070000e-03	7.867677e-05
3.080000e-03	7.864120e-05
3.090000e-03	7.860564e-05
3.100000e-03	7.857007e-05
3.110000e-03	7.853451e-05
3.120000e-03	7.849894e-05
3.130000e-03	7.846338e-05
3.140000e-03	7.842781e-05
3.150000e-03	7.839225e-05
3.160000e-03	7.835668e-05
3.170000e-03	7.832112e-05
3.180000e-03	7.828555e-05
3.190000e-03	7.824999e-05
3.200000e-03	7.821442e-05
3.210000e-03	7.817886e-05
3.220000e-03	7.814329e-05
3.230000e-03	7.810773e-05
3.240000e-03	7.807216e-05
3.250000e-03	7.803660e-05
3.260000e-03	7.800104e-05
3.270000e-03	7.796547e-05
3.280000e-03	7.792991e-05
3.290000e-03	7.789434e-05
3.300000e-03	7.785878e-05
3.310000e-03	7.782321e-05
3.320000e-03	7.778765e-05
3.330000e-03	7.775208e-05
3.340000e-03	7.771652e-05
3.350000e-03	7.768095e-05
3.360000e-03	7.764539e-05
3.370000e-03	7.760982e-05
3.380000e-03	7.757426e-05
3.390000e-03	7.753869e-05
3.400000e-03	7.750313e-05
3.410000e-03	7.746756e-05
3.420000e-03	7.743200e-05
3.430000e-03	7.739643e-05
3.440000e-03	7.736087e-05
3.450000e-03	7.732530e-05
3.460000e-03	7.728974e-05
3.470000e-03	7.725417e-05
3.480000e-03	7.721861e-05
3.490000e-03	7.718304e-05
3.500000e-03	7.714748e-05
3.510000e-03	7.711191e-05
3.520000e-03	7.707635e-05
3.530000e-03	7.704078e-05
3.540000e-03	7.700522e-05
3.550000e-03	7.696966e-05
3.560000e-03	7.693409e-05
3.570000e-03	7.689853e-05
3.580000e-03	7.686296e-05
3.590000e-03	7.682740e-05
3.600000e-03	7.679183e-05
3.610000e-03	7.675627e-05
3.620000e-03	7.672070e-05
3.630000e-03	7.668514e-05
3.640000e-03	7.664957e-05
3.650000e-03	7.661401e-05
3.660000e-03	7.657844e-05
3.670000e-03	7.654288e-05
3.680000e-03	7.650731e-05
3.690000e-03	7.647175e-05
3.700000e-03	7.643618e-05
3.710000e-03	7.640062e-05
3.720000e-03	7.636505e-05
3.730000e-03	7.632949e-05
3.740000e-03	7.629392e-05
3.750000e-03	7.625836e-05
3.760000e-03	7.622279e-05
3.770000e-03	7.618723e-05
3.780000e-03	7.615166e-05
3.790000e-03	7.611610e-05
3.800000e-03	7.608053e-05
3.810000e-03	7.604497e-05
3.820000e-03	7.600941e-05
3.830000e-03	7.597384e-05
3.840000e-03	7.593828e-05
3.850000e-03	7.590271e-05
3.860000e-03	7.586715e-05
3.870000e-03	7.583158e-05
3.880000e-03	7.579602e-05
3.890000e-03	7.576045e-05
3.900000e-03	7.572489e-05
3.910000e-03	7.568932e-05
3.920000e-03	7.565376e-05
3.930000e-03	7.561819e-05
3.940000e-03	7.558263e-05
3.950000e-03	7.554706e-05
3.960000e-03	7.551150e-05
3.970000e-03	7.547593e-05
3.980000e-03	7.544037e-05
3.990000e-03	7.540480e-05
4.000000e-03	7.536924e-05
4.010000e-03	7.533476e-05
4.020000e-03	7.530028e-05
4.030000e-03	7.526580e-05
4.040000e-03	7.523133e-05
4.050000e-03	7.519685e-05
4.060000e-03	7.516237e-05
4.070000e-03	7.512789e-05
4.080000e-03	7.509341e-05
4.090000e-03	7.505894e-05
4.100000e-03	7.502446e-05
4.110000e-03	7.498998e-05
4.120000e-03	7.495550e-05
4.130000e-03	7.492102e-05
4.140000e-03	7.488655e-05
4.150000e-03	7.485207e-05
4.160000e-03	7.481759e-05
4.170000e-03	7.478311e-05
4.180000e-03	7.474864e-05
4.190000e-03	7.471416e-05
4.200000e-03	7.467968e-05
4.210000e-03	7.464520e-05
4.220000e-03	7.461072e-05
4.230000e-03	7.457625e-05
4.240000e-03	7.454177e-05
4.250000e-03	7.450729e-05
4.260000e-03	7.447281e-05
4.270000e-03	7.443833e-05
4.280000e-03	7.440386e-05
4.290000e-03	7.436938e-05
4.300000e-03	7.433490e-05
4.310000e-03	7.430042e-05
4.320000e-03	7.426594e-05
4.330000e-03	7.423147e-05
4.340000e-03	7.419699e-05
4.350000e-03	7.416251e-05
4.360000e-03	7.412803e-05
4.370000e-03	7.409355e-05
4.380000e-03	7.405908e-05
4.390000e-03	7.402460e-05
4.400000e-03	7.399012e-05
4.410000e-03	7.395564e-05
4.420000e-03	7.392116e-05
4.430000e-03	7.388669e-05
4.440000e-03	7.385221e-05
4.450000e-03	7.381773e-05
4.460000e-03	7.378325e-05
4.470000e-03	7.374877e-05
4.480000e-03	7.371430e-05
4.490000e-03	7.367982e-05
4.500000e-03	7.364534e-05
4.510000e-03	7.361086e-05
4.520000e-03	7.357638e-05
4.530000e-03	7.354191e-05
4.540000e-03	7.350743e-05
4.550000e-03	7.347295e-05
4.560000e-03	7.343847e-05
4.570000e-03	7.340399e-05
4.580000e-03	7.336952e-05
4.590000e-03	7.333504e-05
4.600000e-03	7.330056e-05
4.610000e-03	7.326608e-05
4.620000e-03	7.323160e-05
4.630000e-03	7.319713e-05
4.640000e-03	7.316265e-05
4.650000e-03	7.312817e-05
4.660000e-03	7.309369e-05
4.670000e-03	7.305921e-05
4.680000e-03	7.302474e-05
4.690000e-03	7.299026e-05
4.700000e-03	7.295578e-05
4.710000e-03	7.292130e-05
4.720000e-03	7.288682e-05
4.730000e-03	7.285235e-05
4.740000e-03	7.281787e-05
4.750000e-03	7.278339e-05
4.760000e-03	7.274891e-05
4.770000e-03	7.271444e-05
4.780000e-03	7.267996e-05
4.790000e-03	7.264548e-05
4.800000e-03	7.261100e-05
4.810000e-03	7.257652e-05
4.820000e-03	7.254205e-05
4.830000e-03	7.250757e-05
4.840000e-03	7.247309e-05
4.850000e-03	7.243861e-05
4.860000e-03	7.240413e-05
4.870000e-03	7.236966e-05
4.880000e-03	7.233518e-05
4.890000e-03	7.230070e-05
4.900000e-03	7.226622e-05
4.910000e-03	7.223174e-05
4.920000e-03	7.219727e-05
4.930000e-03	7.216279e-05
4.940000e-03	7.212831e-05
4.950000e-03	7.209383e-05
4.960000e-03	7.205935e-05
4.970000e-03	7.202488e-05
4.980000e-03	7.199040e-05
4.990000e-03	7.195592e-05
5.000000e-03	7.192144e-05
5.010000e-03	7.189500e-05
5.020000e-03	7.186857e-05
5.030000e-03	7.184213e-05
5.040000e-03	7.181569e-05
5.050000e-03	7.178926e-05
5.060000e-03	7.176282e-05
5.070000e-03	7.173638e-05
5.080000e-03	7.170994e-05
5.090000e-03	7.168351e-05
5.100000e-03	7.165707e-05
5.110000e-03	7.163063e-05
5.120000e-03	7.160420e-05
5.130000e-03	7.157776e-05
5.140000e-03	7.155132e-05
5.150000e-03	7.152488e-05
5.160000e-03	7.149845e-05
5.170000e-03	7.147201e-05
5.180000e-03	7.144557e-05
5.190000e-03	7.141913e-05
5.200000e-03	7.139270e-05
5.210000e-03	7.136626e-05
5.220000e-03	7.133982e-05
5.230000e-03	7.131339e-05
5.240000e-03	7.128695e-05
5.250000e-03	7.126051e-05
5.260000e-03	7.123407e-05
5.270000e-03	7.120764e-05
5.280000e-03	7.118120e-05
5.290000e-03	7.115476e-05
5.300000e-03	7.112833e-05
5.310000e-03	7.110189e-05
5.320000e-03	7.107545e-05
5.330000e-03	7.104901e-05
5.340000e-03	7.102258e-05
5.350000e-03	7.099614e-05
5.360000e-03	7.096970e-05
5.370000e-03	7.094326e-05
5.380000e-03	7.091683e-05
5.390000e-03	7.089039e-05
5.400000e-03	7.086395e-05
5.410000e-03	7.083752e-05
5.420000e-03	7.081108e-05
5.430000e-03	7.078464e-05
5.440000e-03	7.075820e-05
5.450000e-03	7.073177e-05
5.460000e-03	7.070533e-05
5.470000e-03	7.067889e-05
5.480000e-03	7.065245e-05
5.490000e-03	7.062602e-05
5.500000e-03	7.059958e-05
5.510000e-03	7.057314e-05
5.520000e-03	7.054671e-05
5.530000e-03	7.052027e-05
5.540000e-03	7.049383e-05
5.550000e-03	7.046739e-05
5.560000e-03	7.044096e-05
5.570000e-03	7.041452e-05
5.580000e-03	7.038808e-05
5.590000e-03	7.036165e-05
5.600000e-03	7.033521e-05
5.610000e-03	7.030877e-05
5.620000e-03	7.028233e-05
5.630000e-03	7.025590e-05
5.640000e-03	7.022946e-05
5.650000e-03	7.020302e-05
5.660000e-03	7.017658e-05
5.670000e-03	7.015015e-05
5.680000e-03	7.012371e-05
5.690000e-03	7.009727e-05
5.700000e-03	7.007084e-05
5.710000e-03	7.004440e-05
5.720000e-03	7.001796e-05
5.730000e-03	6.999152e-05
5.740000e-03	6.996509e-05
5.750000e-03	6.993865e-05
5.760000e-03	6.991221e-05
5.770000e-03	6.988578e-05
5.780000e-03	6.985934e-05
5.790000e-03	6.983290e-05
5.800000e-03	6.980646e-05
5.810000e-03	6.978003e-05
5.820000e-03	6.975359e-05
5.830000e-03	6.972715e-05
5.840000e-03	6.970071e-05
5.850000e-03	6.967428e-05
5.860000e-03	6.964784e-05
5.870000e-03	6.962140e-05
5.880000e-03	6.959497e-05
5.890000e-03	6.956853e-05
5.900000e-03	6.954209e-05
5.910000e-03	6.951565e-05
5.920000e-03	6.948922e-05
5.930000e-03	6.946278e-05
5.940000e-03	6.943634e-05
5.950000e-03	6.940991e-05
5.960000e-03	6.938347e-05
5.970000e-03	6.935703e-05
5.980000e-03	6.933059e-05
5.990000e-03	6.930416e-05
6.000000e-03	6.927772e-05
6.010000e-03	6.925128e-05
6.020000e-03	6.922484e-05
6.030000e-03	6.919841e-05
6.040000e-03	6.917197e-05
6.050000e-03	6.914553e-05
6.060000e-03	6.911910e-05
6.070000e-03	6.909266e-05
6.080000e-03	6.906622e-05
6.090000e-03	6.903978e-05
6.100000e-03	6.901335e-05
6.110000e-03	6.898691e-05
6.120000e-03	6.896047e-05
6.130000e-03	6.893404e-05
6.140000e-03	6.890760e-05
6.150000e-03	6.888116e-05
6.160000e-03	6.885472e-05
6.170000e-03	6.882829e-05
6.180000e-03	6.880185e-05
6.190000e-03	6.877541e-05
6.200000e-03	6.874897e-05
6.210000e-03	6.872254e-05
6.220000e-03	6.869610e-05
6.230000e-03	6.866966e-05
6.240000e-03	6.864323e-05
6.250000e-03	6.861679e-05
6.260000e-03	6.859035e-05
6.270000e-03	6.856391e-05
6.280000e-03	6.853748e-05
6.290000e-03	6.851104e-05
6.300000e-03	6.848460e-05
6.310000e-03	6.845817e-05
6.320000e-03	6.843173e-05
6.330000e-03	6.840529e-05
6.340000e-03	6.837885e-05
6.350000e-03	6.835242e-05
6.360000e-03	6.832598e-05
6.370000e-03	6.829954e-05
6.380000e-03	6.827310e-05
6.390000e-03	6.824667e-05
6.400000e-03	6.822023e-05
6.410000e-03	6.819379e-05
6.420000e-03	6.816736e-05
6.430000e-03	6.814092e-05
6.440000e-03	6.811448e-05
6.450000e-03	6.808804e-05
6.460000e-03	6.806161e-05
6.470000e-03	6.803517e-05
6.480000e-03	6.800873e-05
6.490000e-03	6.798229e-05
6.500000e-03	6.795586e-05
6.510000e-03	6.792942e-05
6.520000e-03	6.790298e-05
6.530000e-03	6.787655e-05
6.540000e-03	6.785011e-05
6.550000e-03	6.782367e-05
6.560000e-03	6.779723e-05
6.570000e-03	6.777080e-05
6.580000e-03	6.774436e-05
6.590000e-03	6.771792e-05
6.600000e-03	6.769149e-05
6.610000e-03	6.766505e-05
6.620000e-03	6.763861e-05
6.630000e-03	6.761217e-05
6.640000e-03	6.758574e-05
6.650000e-03	6.755930e-05
6.660000e-03	6.753286e-05
6.670000e-03	6.750642e-05
6.680000e-03	6.747999e-05
6.690000e-03	6.745355e-05
6.700000e-03	6.742711e-05
6.710000e-03	6.740068e-05
6.720000e-03	6.737424e-05
6.730000e-03	6.734780e-05
6.740000e-03	6.732136e-05
6.750000e-03	6.729493e-05
6.760000e-03	6.726849e-05
6.770000e-03	6.724205e-05
6.780000e-03	6.721562e-05
6.790000e-03	6.718918e-05
6.800000e-03	6.716274e-05
6.810000e-03	6.713630e-05
6.820000e-03	6.710987e-05
6.830000e-03	6.708343e-05
6.840000e-03	6.705699e-05
6.850000e-03	6.703055e-05
6.860000e-03	6.700412e-05
6.870000e-03	6.697768e-05
6.880000e-03	6.695124e-05
6.890000e-03	6.692481e-05
6.900000e-03	6.689837e-05
6.910000e-03	6.687193e-05
6.920000e-03	6.684549e-05
6.930000e-03	6.681906e-05
6.940000e-03	6.679262e-05
6.950000e-03	6.676618e-05
6.960000e-03	6.673975e-05
6.970000e-03	6.671331e-05
6.980000e-03	6.668687e-05
6.990000e-03	6.666043e-05
7.000000e-03	6.663400e-05
7.010000e-03	6.660756e-05
7.020000e-03	6.658112e-05
7.030000e-03	6.655468e-05
7.040000e-03	6.652825e-05
7.050000e-03	6.650181e-05
7.060000e-03	6.647537e-05
7.070000e-03	6.644894e-05
7.080000e-03	6.642250e-05
7.090000e-03	6.639606e-05
7.100000e-03	6.636962e-05
7.110000e-03	6.634319e-05
7.120000e-03	6.631675e-05
7.130000e-03	6.629031e-05
7.140000e-03	6.626388e-05
7.150000e-03	6.623744e-05
7.160000e-03	6.621100e-05
7.170000e-03	6.618456e-05
7.180000e-03	6.615813e-05
7.190000e-03	6.613169e-05
7.200000e-03	6.610525e-05
7.210000e-03	6.607881e-05
7.220000e-03	6.605238e-05
7.230000e-03	6.602594e-05
7.240000e-03	6.599950e-05
7.250000e-03	6.597307e-05
7.260000e-03	6.594663e-05
7.270000e-03	6.592019e-05
7.280000e-03	6.589375e-05
7.290000e-03	6.586732e-05
7.300000e-03	6.584088e-05
7.310000e-03	6.581444e-05
7.320000e-03	6.578801e-05
7.330000e-03	6.576157e-05
7.340000e-03	6.573513e-05
7.350000e-03	6.570869e-05
7.360000e-03	6.568226e-05
7.370000e-03	6.565582e-05
7.380000e-03	6.562938e-05
7.390000e-03	6.560294e-05
7.400000e-03	6.557651e-05
7.410000e-03	6.555007e-05
7.420000e-03	6.552363e-05
7.430000e-03	6.549720e-05
7.440000e-03	6.547076e-05
7.450000e-03	6.544432e-05
7.460000e-03	6.541788e-05
7.470000e-03	6.539145e-05
7.480000e-03	6.536501e-05
7.490000e-03	6.533857e-05
7.500000e-03	6.531213e-05
7.510000e-03	6.528570e-05
7.520000e-03	6.525926e-05
7.530000e-03	6.523282e-05
7.540000e-03	6.520639e-05
7.550000e-03	6.517995e-05
7.560000e-03	6.515351e-05
7.570000e-03	6.512707e-05
7.580000e-03	6.510064e-05
7.590000e-03	6.507420e-05
7.600000e-03	6.504776e-05
7.610000e-03	6.502133e-05
7.620000e-03	6.499489e-05
7.630000e-03	6.496845e-05
7.640000e-03	6.494201e-05
7.650000e-03	6.491558e-05
7.660000e-03	6.488914e-05
7.670000e-03	6.486270e-05
7.680000e-03	6.483626e-05
7.690000e-03	6.480983e-05
7.700000e-03	6.478339e-05
7.710000e-03	6.475695e-05
7.720000e-03	6.473052e-05
7.730000e-03	6.470408e-05
7.740000e-03	6.467764e-05
7.750000e-03	6.465120e-05
7.760000e-03	6.462477e-05
7.770000e-03	6.459833e-05
7.780000e-03	6.457189e-05
7.790000e-03	6.454546e-05
7.800000e-03	6.451902e-05
7.810000e-03	6.449258e-05
7.820000e-03	6.446614e-05
7.830000e-03	6.443971e-05
7.840000e-03	6.441327e-05
7.850000e-03	6.438683e-05
7.860000e-03	6.436039e-05
7.870000e-03	6.433396e-05
7.880000e-03	6.430752e-05
7.890000e-03	6.428108e-05
7.900000e-03	6.425465e-05
7.910000e-03	6.422821e-05
7.920000e-03	6.420177e-05
7.930000e-03	6.417533e-05
7.940000e-03	6.414890e-05
7.950000e-03	6.412246e-05
7.960000e-03	6.409602e-05
7.970000e-03	6.406959e-05
7.980000e-03	6.404315e-05
7.990000e-03	6.401671e-05
8.000000e-03	6.399027e-05
8.010000e-03	6.396384e-05
8.020000e-03	6.393740e-05
8.030000e-03	6.391096e-05
8.040000e-03	6.388452e-05
8.050000e-03	6.385809e-05
8.060000e-03	6.383165e-05
8.070000e-03	6.380521e-05
8.080000e-03	6.377878e-05
8.090000e-03	6.375234e-05
8.100000e-03	6.372590e-05
8.110000e-03	6.369946e-05
8.120000e-03	6.367303e-05
8.130000e-03	6.364659e-05
8.140000e-03	6.362015e-05
8.150000e-03	6.359372e-05
8.160000e-03	6.356728e-05
8.170000e-03	6.354084e-05
8.180000e-03	6.351440e-05
8.190000e-03	6.348797e-05
8.200000e-03	6.346153e-05
8.210000e-03	6.343509e-05
8.220000e-03	6.340865e-05
8.230000e-03	6.338222e-05
8.240000e-03	6.335578e-05
8.250000e-03	6.332934e-05
8.260000e-03	6.330291e-05
8.270000e-03	6.327647e-05
8.280000e-03	6.325003e-05
8.290000e-03	6.322359e-05
8.300000e-03	6.319716e-05
8.310000e-03	6.317072e-05
8.320000e-03	6.314428e-05
8.330000e-03	6.311784e-05
8.340000e-03	6.309141e-05
8.350000e-03	6.306497e-05
8.360000e-03	6.303853e-05
8.370000e-03	6.301210e-05
8.380000e-03	6.298566e-05
8.390000e-03	6.295922e-05
8.400000e-03	6.293278e-05
8.410000e-03	6.290635e-05
8.420000e-03	6.287991e-05
8.430000e-03	6.285347e-05
8.440000e-03	6.282704e-05
8.450000e-03	6.280060e-05
8.460000e-03	6.277416e-05
8.470000e-03	6.274772e-05
8.480000e-03	6.272129e-05
8.490000e-03	6.269485e-05
8.500000e-03	6.266841e-05
8.510000e-03	6.264197e-05
8.520000e-03	6.261554e-05
8.530000e-03	6.258910e-05
8.540000e-03	6.256266e-05
8.550000e-03	6.253623e-05
8.560000e-03	6.250979e-05
8.570000e-03	6.248335e-05
8.580000e-03	6.245691e-05
8.590000e-03	6.243048e-05
8.600000e-03	6.240404e-05
8.610000e-03	6.237760e-05
8.620000e-03	6.235117e-05
8.630000e-03	6.232473e-05
8.640000e-03	6.229829e-05
8.650000e-03	6.227185e-05
8.660000e-03	6.224542e-05
8.670000e-03	6.221898e-05
8.680000e-03	6.219254e-05
8.690000e-03	6.216610e-05
8.700000e-03	6.213967e-05
8.710000e-03	6.211323e-05
8.720000e-03	6.208679e-05
8.730000e-03	6.206036e-05
8.740000e-03	6.203392e-05
8.750000e-03	6.200748e-05
8.760000e-03	6.198104e-05
8.770000e-03	6.195461e-05
8.780000e-03	6.192817e-05
8.790000e-03	6.190173e-05
8.800000e-03	6.187530e-05
8.810000e-03	6.184886e-05
8.820000e-03	6.182242e-05
8.830000e-03	6.179598e-05
8.840000e-03	6.176955e-05
8.850000e-03	6.174311e-05
8.860000e-03	6.171667e-05
8.870000e-03	6.169023e-05
8.880000e-03	6.166380e-05
8.890000e-03	6.163736e-05
8.900000e-03	6.161092e-05
8.910000e-03	6.158449e-05
8.920000e-03	6.155805e-05
8.930000e-03	6.153161e-05
8.940000e-03	6.150517e-05
8.950000e-03	6.147874e-05
8.960000e-03	6.145230e-05
8.970000e-03	6.142586e-05
8.980000e-03	6.139943e-05
8.990000e-03	6.137299e-05
9.000000e-03	6.134655e-05
9.010000e-03	6.132011e-05
9.020000e-03	6.129368e-05
9.030000e-03	6.126724e-05
9.040000e-03	6.124080e-05
9.050000e-03	6.121436e-05
9.060000e-03	6.118793e-05
9.070000e-03	6.116149e-05
9.080000e-03	6.113505e-05
9.090000e-03	6.110862e-05
9.100000e-03	6.108218e-05
9.110000e-03	6.105574e-05
9.120000e-03	6.102930e-05
9.130000e-03	6.100287e-05
9.140000e-03	6.097643e-05
9.150000e-03	6.094999e-05
9.160000e-03	6.092356e-05
9.170000e-03	6.089712e-05
9.180000e-03	6.087068e-05
9.190000e-03	6.084424e-05
9.200000e-03	6.081781e-05
9.210000e-03	6.079137e-05
9.220000e-03	6.076493e-05
9.230000e-03	6.073849e-05
9.240000e-03	6.071206e-05
9.250000e-03	6.068562e-05
9.260000e-03	6.065918e-05
9.270000e-03	6.063275e-05
9.280000e-03	6.060631e-05
9.290000e-03	6.057987e-05
9.300000e-03	6.055343e-05
9.310000e-03	6.052700e-05
9.320000e-03	6.050056e-05
9.330000e-03	6.047412e-05
9.340000e-03	6.044768e-05
9.350000e-03	6.042125e-05
9.360000e-03	6.039481e-05
9.370000e-03	6.036837e-05
9.380000e-03	6.034194e-05
9.390000e-03	6.031550e-05
9.400000e-03	6.028906e-05
9.410000e-03	6.026262e-05
9.420000e-03	6.023619e-05
9.430000e-03	6.020975e-05
9.440000e-03	6.018331e-05
9.450000e-03	6.015688e-05
9.460000e-03	6.013044e-05
9.470000e-03	6.010400e-05
9.480000e-03	6.007756e-05
9.490000e-03	6.005113e-05
9.500000e-03	6.002469e-05
9.510000e-03	5.999825e-05
9.520000e-03	5.997181e-05
9.530000e-03	5.994538e-05
9.540000e-03	5.991894e-05
9.550000e-03	5.989250e-05
9.560000e-03	5.986607e-05
9.570000e-03	5.983963e-05
9.580000e-03	5.981319e-05
9.590000e-03	5.978675e-05
9.600000e-03	5.976032e-05
9.610000e-03	5.973388e-05
9.620000e-03	5.970744e-05
9.630000e-03	5.968101e-05
9.640000e-03	5.965457e-05
9.650000e-03	5.962813e-05
9.660000e-03	5.960169e-05
9.670000e-03	5.957526e-05
9.680000e-03	5.954882e-05
9.690000e-03	5.952238e-05
9.700000e-03	5.949594e-05
9.710000e-03	5.946951e-05
9.720000e-03	5.944307e-05
9.730000e-03	5.941663e-05
9.740000e-03	5.939020e-05
9.750000e-03	5.936376e-05
9.760000e-03	5.933732e-05
9.770000e-03	5.931088e-05
9.780000e-03	5.928445e-05
9.790000e-03	5.925801e-05
9.800000e-03	5.923157e-05
9.810000e-03	5.920514e-05
9.820000e-03	5.917870e-05
9.830000e-03	5.915226e-05
9.840000e-03	5.912582e-05
9.850000e-03	5.909939e-05
9.860000e-03	5.907295e-05
9.870000e-03	5.904651e-05
9.880000e-03	5.902007e-05
9.890000e-03	5.899364e-05
9.900000e-03	5.896720e-05
9.910000e-03	5.894076e-05
9.920000e-03	5.891433e-05
9.930000e-03	5.888789e-05
9.940000e-03	5.886145e-05
9.950000e-03	5.883501e-05
9.960000e-03	5.880858e-05
9.970000e-03	5.878214e-05
9.980000e-03	5.875570e-05
9.990000e-03	5.872927e-05
1.000000e-02	5.870283e-05
1.001000e-02	5.867639e-05
1.002000e-02	5.864995e-05
1.003000e-02	5.862352e-05
1.004000e-02	5.859708e-05
1.005000e-02	5.857064e-05
1.006000e-02	5.854420e-05
1.007000e-02	5.851777e-05
1.008000e-02	5.849133e-05
1.009000e-02	5.846489e-05
1.010000e-02	5.843846e-05
1.011000e-02	5.841202e-05
1.012000e-02	5.838558e-05
1.013000e-02	5.835914e-05
1.014000e-02	5.833271e-05
1.015000e-02	5.830627e-05
1.016000e-02	5.827983e-05
1.017000e-02	5.825339e-05
1.018000e-02	5.822696e-05
1.019000e-02	5.820052e-05
1.020000e-02	5.817408e-05
1.021000e-02	5.814765e-05
1.022000e-02	5.812121e-05
1.023000e-02	5.809477e-05
1.024000e-02	5.806833e-05
1.025000e-02	5.804190e-05
1.026000e-02	5.801546e-05
1.027000e-02	5.798902e-05
1.028000e-02	5.796259e-05
1.029000e-02	5.793615e-05
1.030000e-02	5.790971e-05
1.031000e-02	5.788327e-05
1.032000e-02	5.785684e-05
1.033000e-02	5.783040e-05
1.034000e-02	5.780396e-05
1.035000e-02	5.777752e-05
1.036000e-02	5.775109e-05
1.037000e-02	5.772465e-05
1.038000e-02	5.769821e-05
1.039000e-02	5.767178e-05
1.040000e-02	5.764534e-05
1.041000e-02	5.761890e-05
1.042000e-02	5.759246e-05
1.043000e-02	5.756603e-05
1.044000e-02	5.753959e-05
1.045000e-02	5.751315e-05
1.046000e-02	5.748672e-05
1.047000e-02	5.746028e-05
1.048000e-02	5.743384e-05
1.049000e-02	5.740740e-05
1.050000e-02	5.738097e-05
1.051000e-02	5.735453e-05
1.052000e-02	5.732809e-05
1.053000e-02	5.730165e-05
1.054000e-02	5.727522e-05
1.055000e-02	5.724878e-05
1.056000e-02	5.722234e-05
1.057000e-02	5.719591e-05
1.058000e-02	5.716947e-05
1.059000e-02	5.714303e-05
1.060000e-02	5.711659e-05
1.061000e-02	5.709016e-05
1.062000e-02	5.706372e-05
1.063000e-02	5.703728e-05
1.064000e-02	5.701085e-05
1.065000e-02	5.698441e-05
1.066000e-02	5.695797e-05
1.067000e-02	5.693153e-05
1.068000e-02	5.690510e-05
1.069000e-02	5.687866e-05
1.070000e-02	5.685222e-05
1.071000e-02	5.682578e-05
1.072000e-02	5.679935e-05
1.073000e-02	5.677291e-05
1.074000e-02	5.674647e-05
1.075000e-02	5.672004e-05
1.076000e-02	5.669360e-05
1.077000e-02	5.666716e-05
1.078000e-02	5.664072e-05
1.079000e-02	5.661429e-05
1.080000e-02	5.658785e-05
1.081000e-02	5.656141e-05
1.082000e-02	5.653498e-05
1.083000e-02	5.650854e-05
1.084000e-02	5.648210e-05
1.085000e-02	5.645566e-05
1.086000e-02	5.642923e-05
1.087000e-02	5.640279e-05
1.088000e-02	5.637635e-05
1.089000e-02	5.634991e-05
1.090000e-02	5.632348e-05
1.091000e-02	5.629704e-05
1.092000e-02	5.627060e-05
1.093000e-02	5.624417e-05
1.094000e-02	5.621773e-05
1.095000e-02	5.619129e-05
1.096000e-02	5.616485e-05
1.097000e-02	5.613842e-05
1.098000e-02	5.611198e-05
1.099000e-02	5.608554e-05
1.100000e-02	5.605911e-05
1.101000e-02	5.603267e-05
1.102000e-02	5.600623e-05
1.103000e-02	5.597979e-05
1.104000e-02	5.595336e-05
1.105000e-02	5.592692e-05
1.106000e-02	5.590048e-05
1.107000e-02	5.587404e-05
1.108000e-02	5.584761e-05
1.109000e-02	5.582117e-05
1.110000e-02	5.579473e-05
1.111000e-02	5.576830e-05
1.112000e-02	5.574186e-05
1.113000e-02	5.571542e-05
1.114000e-02	5.568898e-05
1.115000e-02	5.566255e-05
1.116000e-02	5.563611e-05
1.117000e-02	5.560967e-05
1.118000e-02	5.558323e-05
1.119000e-02	5.555680e-05
1.120000e-02	5.553036e-05
1.121000e-02	5.550392e-05
1.122000e-02	5.547749e-05
1.123000e-02	5.545105e-05
1.124000e-02	5.542461e-05
1.125000e-02	5.539817e-05
1.126000e-02	5.537174e-05
1.127000e-02	5.534530e-05
1.128000e-02	5.531886e-05
1.129000e-02	5.529243e-05
1.130000e-02	5.526599e-05
1.131000e-02	5.523955e-05
1.132000e-02	5.521311e-05
1.133000e-02	5.518668e-05
1.134000e-02	5.516024e-05
1.135000e-02	5.513380e-05
1.136000e-02	5.510736e-05
1.137000e-02	5.508093e-05
1.138000e-02	5.505449e-05
1.139000e-02	5.502805e-05
1.140000e-02	5.500162e-05
1.141000e-02	5.497518e-05
1.142000e-02	5.494874e-05
1.143000e-02	5.492230e-05
1.144000e-02	5.489587e-05
1.145000e-02	5.486943e-05
1.146000e-02	5.484299e-05
1.147000e-02	5.481656e-05
1.148000e-02	5.479012e-05
1.149000e-02	5.476368e-05
1.150000e-02	5.473724e-05
1.151000e-02	5.471081e-05
1.152000e-02	5.468437e-05
1.153000e-02	5.465793e-05
1.154000e-02	5.463149e-05
1.155000e-02	5.460506e-05
1.156000e-02	5.457862e-05
1.157000e-02	5.455218e-05
1.158000e-02	5.452575e-05
1.159000e-02	5.449931e-05
1.160000e-02	5.447287e-05
1.161000e-02	5.444643e-05
1.162000e-02	5.442000e-05
1.163000e-02	5.439356e-05
1.164000e-02	5.436712e-05
1.165000e-02	5.434069e-05
1.166000e-02	5.431425e-05
1.167000e-02	5.428781e-05
1.168000e-02	5.426137e-05
1.169000e-02	5.423494e-05
1.170000e-02	5.420850e-05
1.171000e-02	5.418206e-05
1.172000e-02	5.415562e-05
1.173000e-02	5.412919e-05
1.174000e-02	5.410275e-05
1.175000e-02	5.407631e-05
1.176000e-02	5.404988e-05
1.177000e-02	5.402344e-05
1.178000e-02	5.399700e-05
1.179000e-02	5.397056e-05
1.180000e-02	5.394413e-05
1.181000e-02	5.391769e-05
1.182000e-02	5.389125e-05
1.183000e-02	5.386482e-05
1.184000e-02	5.383838e-05
1.185000e-02	5.381194e-05
1.186000e-02	5.378550e-05
1.187000e-02	5.375907e-05
1.188000e-02	5.373263e-05
1.189000e-02	5.370619e-05
1.190000e-02	5.367975e-05
1.191000e-02	5.365332e-05
1.192000e-02	5.362688e-05
1.193000e-02	5.360044e-05
1.194000e-02	5.357401e-05
1.195000e-02	5.354757e-05
1.196000e-02	5.352113e-05
1.197000e-02	5.349469e-05
1.198000e-02	5.346826e-05
1.199000e-02	5.344182e-05
1.200000e-02	5.341538e-05
1.201000e-02	5.338894e-05
1.202000e-02	5.336251e-05
1.203000e-02	5.333607e-05
1.204000e-02	5.330963e-05
1.205000e-02	5.328320e-05
1.206000e-02	5.325676e-05
1.207000e-02	5.323032e-05
1.208000e-02	5.320388e-05
1.209000e-02	5.317745e-05
1.210000e-02	5.315101e-05
1.211000e-02	5.312457e-05
1.212000e-02	5.309814e-05
1.213000e-02	5.307170e-05
1.214000e-02	5.304526e-05
1.215000e-02	5.301882e-05
1.216000e-02	5.299239e-05
1.217000e-02	5.296595e-05
1.218000e-02	5.293951e-05
1.219000e-02	5.291307e-05
1.220000e-02	5.288664e-05
1.221000e-02	5.286020e-05
1.222000e-02	5.283376e-05
1.223000e-02	5.280733e-05
1.224000e-02	5.278089e-05
1.225000e-02	5.275445e-05
1.226000e-02	5.272801e-05
1.227000e-02	5.270158e-05
1.228000e-02	5.267514e-05
1.229000e-02	5.264870e-05
1.230000e-02	5.262227e-05
1.231000e-02	5.259583e-05
1.232000e-02	5.256939e-05
1.233000e-02	5.254295e-05
1.234000e-02	5.251652e-05
1.235000e-02	5.249008e-05
1.236000e-02	5.246364e-05
1.237000e-02	5.243720e-05
1.238000e-02	5.241077e-05
1.239000e-02	5.238433e-05
1.240000e-02	5.235789e-05
1.241000e-02	5.233146e-05
1.242000e-02	5.230502e-05
1.243000e-02	5.227858e-05
1.244000e-02	5.225214e-05
1.245000e-02	5.222571e-05
1.246000e-02	5.219927e-05
1.247000e-02	5.217283e-05
1.248000e-02	5.214640e-05
1.249000e-02	5.211996e-05
1.250000e-02	5.209352e-05
1.251000e-02	5.206708e-05
1.252000e-02	5.204065e-05
1.253000e-02	5.201421e-05
1.254000e-02	5.198777e-05
1.255000e-02	5.196133e-05
1.256000e-02	5.193490e-05
1.257000e-02	5.190846e-05
1.258000e-02	5.188202e-05
1.259000e-02	5.185559e-05
1.260000e-02	5.182915e-05
1.261000e-02	5.180271e-05
1.262000e-02	5.177627e-05
1.263000e-02	5.174984e-05
1.264000e-02	5.172340e-05
1.265000e-02	5.169696e-05
1.266000e-02	5.167053e-05
1.267000e-02	5.164409e-05
1.268000e-02	5.161765e-05
1.269000e-02	5.159121e-05
1.270000e-02	5.156478e-05
1.271000e-02	5.153834e-05
1.272000e-02	5.151190e-05
1.273000e-02	5.148546e-05
1.274000e-02	5.145903e-05
1.275000e-02	5.143259e-05
1.276000e-02	5.140615e-05
1.277000e-02	5.137972e-05
1.278000e-02	5.135328e-05
1.279000e-02	5.132684e-05
1.280000e-02	5.130040e-05
1.281000e-02	5.127397e-05
1.282000e-02	5.124753e-05
1.283000e-02	5.122109e-05
1.284000e-02	5.119466e-05
1.285000e-02	5.116822e-05
1.286000e-02	5.114178e-05
1.287000e-02	5.111534e-05
1.288000e-02	5.108891e-05
1.289000e-02	5.106247e-05
1.290000e-02	5.103603e-05
1.291000e-02	5.100959e-05
1.292000e-02	5.098316e-05
1.293000e-02	5.095672e-05
1.294000e-02	5.093028e-05
1.295000e-02	5.090385e-05
1.296000e-02	5.088974e-05
1.297000e-02	5.087564e-05
1.298000e-02	5.086153e-05
1.299000e-02	5.084743e-05
1.300000e-02	5.083332e-05
1.301000e-02	5.081922e-05
1.302000e-02	5.080512e-05
1.303000e-02	5.079101e-05
1.304000e-02	5.077691e-05
1.305000e-02	5.076280e-05
1.306000e-02	5.074870e-05
1.307000e-02	5.073459e-05
1.308000e-02	5.072049e-05
1.309000e-02	5.070638e-05
1.310000e-02	5.069228e-05
1.311000e-02	5.067818e-05
1.312000e-02	5.066407e-05
1.313000e-02	5.064997e-05
1.314000e-02	5.063586e-05
1.315000e-02	5.062176e-05
1.316000e-02	5.060765e-05
1.317000e-02	5.059355e-05
1.318000e-02	5.057945e-05
1.319000e-02	5.056534e-05
1.320000e-02	5.055124e-05
1.321000e-02	5.053713e-05
1.322000e-02	5.052303e-05
1.323000e-02	5.050892e-05
1.324000e-02	5.049482e-05
1.325000e-02	5.048072e-05
1.326000e-02	5.046661e-05
1.327000e-02	5.045251e-05
1.328000e-02	5.043840e-05
1.329000e-02	5.042430e-05
1.330000e-02	5.041019e-05
1.331000e-02	5.039609e-05
1.332000e-02	5.038198e-05
1.333000e-02	5.036788e-05
1.334000e-02	5.035378e-05
1.335000e-02	5.033967e-05
1.336000e-02	5.032557e-05
1.337000e-02	5.031146e-05
1.338000e-02	5.029736e-05
1.339000e-02	5.028325e-05
1.340000e-02	5.026915e-05
1.341000e-02	5.025505e-05
1.342000e-02	5.024094e-05
1.343000e-02	5.022684e-05
1.344000e-02	5.021273e-05
1.345000e-02	5.019863e-05
1.346000e-02	5.018452e-05
1.347000e-02	5.017042e-05
1.348000e-02	5.015632e-05
1.349000e-02	5.014221e-05
1.350000e-02	5.012811e-05
1.351000e-02	5.011400e-05
1.352000e-02	5.009990e-05
1.353000e-02	5.008579e-05
1.354000e-02	5.007169e-05
1.355000e-02	5.005758e-05
1.356000e-02	5.004348e-05
1.357000e-02	5.002938e-05
1.358000e-02	5.001527e-05
1.359000e-02	5.000117e-05
1.360000e-02	4.998706e-05
1.361000e-02	4.997296e-05
1.362000e-02	4.995885e-05
1.363000e-02	4.994475e-05
1.364000e-02	4.993065e-05
1.365000e-02	4.991654e-05
1.366000e-02	4.990244e-05
1.367000e-02	4.988833e-05
1.368000e-02	4.987423e-05
1.369000e-02	4.986012e-05
1.370000e-02	4.984602e-05
1.371000e-02	4.983192e-05
1.372000e-02	4.981781e-05
1.373000e-02	4.980371e-05
1.374000e-02	4.978960e-05
1.375000e-02	4.977550e-05
1.376000e-02	4.976139e-05
1.377000e-02	4.974729e-05
1.378000e-02	4.973319e-05
1.379000e-02	4.971908e-05
1.380000e-02	4.970498e-05
1.381000e-02	4.969087e-05
1.382000e-02	4.967677e-05
1.383000e-02	4.966266e-05
1.384000e-02	4.964856e-05
1.385000e-02	4.963445e-05
1.386000e-02	4.962035e-05
1.387000e-02	4.960625e-05
1.388000e-02	4.959214e-05
1.389000e-02	4.957804e-05
1.390000e-02	4.956393e-05
1.391000e-02	4.954983e-05
1.392000e-02	4.953572e-05
1.393000e-02	4.952162e-05
1.394000e-02	4.950752e-05
1.395000e-02	4.949341e-05
1.396000e-02	4.948313e-05
1.397000e-02	4.947285e-05
1.398000e-02	4.946258e-05
1.399000e-02	4.945230e-05
1.400000e-02	4.944202e-05
1.401000e-02	4.943174e-05
1.402000e-02	4.942146e-05
1.403000e-02	4.941119e-05
1.404000e-02	4.940091e-05
1.405000e-02	4.939063e-05
1.406000e-02	4.938035e-05
1.407000e-02	4.937007e-05
1.408000e-02	4.935979e-05
1.409000e-02	4.934952e-05
1.410000e-02	4.933924e-05
1.411000e-02	4.932896e-05
1.412000e-02	4.931868e-05
1.413000e-02	4.930840e-05
1.414000e-02	4.929812e-05
1.415000e-02	4.928785e-05
1.416000e-02	4.927757e-05
1.417000e-02	4.926729e-05
1.418000e-02	4.925701e-05
1.419000e-02	4.924673e-05
1.420000e-02	4.923645e-05
1.421000e-02	4.922618e-05
1.422000e-02	4.921590e-05
1.423000e-02	4.920562e-05
1.424000e-02	4.919534e-05
1.425000e-02	4.918506e-05
1.426000e-02	4.917479e-05
1.427000e-02	4.916451e-05
1.428000e-02	4.915423e-05
1.429000e-02	4.914395e-05
1.430000e-02	4.913367e-05
1.431000e-02	4.912339e-05
1.432000e-02	4.911312e-05
1.433000e-02	4.910284e-05
1.434000e-02	4.909256e-05
1.435000e-02	4.908228e-05
1.436000e-02	4.907200e-05
1.437000e-02	4.906172e-05
1.438000e-02	4.905145e-05
1.439000e-02	4.904117e-05
1.440000e-02	4.903089e-05
1.441000e-02	4.902061e-05
1.442000e-02	4.901033e-05
1.443000e-02	4.900005e-05
1.444000e-02	4.898978e-05
1.445000e-02	4.897950e-05
1.446000e-02	4.896922e-05
1.447000e-02	4.895894e-05
1.448000e-02	4.894866e-05
1.449000e-02	4.893839e-05
1.450000e-02	4.892811e-05
1.451000e-02	4.891783e-05
1.452000e-02	4.890755e-05
1.453000e-02	4.889727e-05
1.454000e-02	4.888699e-05
1.455000e-02	4.887672e-05
1.456000e-02	4.886644e-05
1.457000e-02	4.885616e-05
1.458000e-02	4.884588e-05
1.459000e-02	4.883560e-05
1.460000e-02	4.882532e-05
1.461000e-02	4.881505e-05
1.462000e-02	4.880477e-05
1.463000e-02	4.879449e-05
1.464000e-02	4.878421e-05
1.465000e-02	4.877393e-05
1.466000e-02	4.876365e-05
1.467000e-02	4.875338e-05
1.468000e-02	4.874310e-05
1.469000e-02	4.873282e-05
1.470000e-02	4.872254e-05
1.471000e-02	4.871226e-05
1.472000e-02	4.870199e-05
1.473000e-02	4.869171e-05
1.474000e-02	4.868143e-05
1.475000e-02	4.867115e-05
1.476000e-02	4.866087e-05
1.477000e-02	4.865059e-05
1.478000e-02	4.864032e-05
1.479000e-02	4.863004e-05
1.480000e-02	4.861976e-05
1.481000e-02	4.860948e-05
1.482000e-02	4.859920e-05
1.483000e-02	4.858892e-05
1.484000e-02	4.857865e-05
1.485000e-02	4.856837e-05
1.486000e-02	4.855809e-05
1.487000e-02	4.854781e-05
1.488000e-02	4.853753e-05
1.489000e-02	4.852725e-05
1.490000e-02	4.851698e-05
1.491000e-02	4.850670e-05
1.492000e-02	4.849642e-05
1.493000e-02	4.848614e-05
1.494000e-02	4.847586e-05
1.495000e-02	4.846559e-05
1.496000e-02	4.845938e-05
1.497000e-02	4.845317e-05
1.498000e-02	4.844697e-05
1.499000e-02	4.844076e-05
1.500000e-02	4.843456e-05
1.501000e-02	4.842835e-05
1.502000e-02	4.842215e-05
1.503000e-02	4.841594e-05
1.504000e-02	4.840974e-05
1.505000e-02	4.840353e-05
1.506000e-02	4.839732e-05
1.507000e-02	4.839112e-05
1.508000e-02	4.838491e-05
1.509000e-02	4.837871e-05
1.510000e-02	4.837250e-05
1.511000e-02	4.836630e-05
1.512000e-02	4.836009e-05
1.513000e-02	4.835389e-05
1.514000e-02	4.834768e-05
1.515000e-02	4.834147e-05
1.516000e-02	4.833527e-05
1.517000e-02	4.832906e-05
1.518000e-02	4.832286e-05
1.519000e-02	4.831665e-05
1.520000e-02	4.831045e-05
1.521000e-02	4.830424e-05
1.522000e-02	4.829804e-05
1.523000e-02	4.829183e-05
1.524000e-02	4.828562e-05
1.525000e-02	4.827942e-05
1.526000e-02	4.827321e-05
1.527000e-02	4.826701e-05
1.528000e-02	4.826080e-05
1.529000e-02	4.825460e-05
1.530000e-02	4.824839e-05
1.531000e-02	4.824219e-05
1.532000e-02	4.823598e-05
1.533000e-02	4.822978e-05
1.534000e-02	4.822357e-05
1.535000e-02	4.821736e-05
1.536000e-02	4.821116e-05
1.537000e-02	4.820495e-05
1.538000e-02	4.819875e-05
1.539000e-02	4.819254e-05
1.540000e-02	4.818634e-05
1.541000e-02	4.818013e-05
1.542000e-02	4.817393e-05
1.543000e-02	4.816772e-05
1.544000e-02	4.816151e-05
1.545000e-02	4.815531e-05
1.546000e-02	4.814910e-05
1.547000e-02	4.814290e-05
1.548000e-02	4.813669e-05
1.549000e-02	4.813049e-05
1.550000e-02	4.812428e-05
1.551000e-02	4.811808e-05
1.552000e-02	4.811187e-05
1.553000e-02	4.810566e-05
1.554000e-02	4.809946e-05
1.555000e-02	4.809325e-05
1.556000e-02	4.808705e-05
1.557000e-02	4.808084e-05
1.558000e-02	4.807464e-05
1.559000e-02	4.806843e-05
1.560000e-02	4.806223e-05
1.561000e-02	4.805602e-05
1.562000e-02	4.804981e-05
1.563000e-02	4.804361e-05
1.564000e-02	4.803740e-05
1.565000e-02	4.803120e-05
1.566000e-02	4.802499e-05
1.567000e-02	4.801879e-05
1.568000e-02	4.801258e-05
1.569000e-02	4.800638e-05
1.570000e-02	4.800017e-05
1.571000e-02	4.799396e-05
1.572000e-02	4.798776e-05
1.573000e-02	4.798155e-05
1.574000e-02	4.797535e-05
1.575000e-02	4.796914e-05
1.576000e-02	4.796294e-05
1.577000e-02	4.795673e-05
1.578000e-02	4.795053e-05
1.579000e-02	4.794432e-05
1.580000e-02	4.793812e-05
1.581000e-02	4.793191e-05
1.582000e-02	4.792570e-05
1.583000e-02	4.791950e-05
1.584000e-02	4.791329e-05
1.585000e-02	4.790709e-05
1.586000e-02	4.790088e-05
1.587000e-02	4.789468e-05
1.588000e-02	4.788847e-05
1.589000e-02	4.788227e-05
1.590000e-02	4.787606e-05
1.591000e-02	4.786985e-05
1.592000e-02	4.786365e-05
1.593000e-02	4.785744e-05
1.594000e-02	4.785124e-05
1.595000e-02	4.784503e-05
1.596000e-02	4.784306e-05
1.597000e-02	4.784108e-05
1.598000e-02	4.783911e-05
1.599000e-02	4.783714e-05
1.600000e-02	4.783516e-05
1.601000e-02	4.783319e-05
1.602000e-02	4.783122e-05
1.603000e-02	4.782924e-05
1.604000e-02	4.782727e-05
1.605000e-02	4.782530e-05
1.606000e-02	4.782332e-05
1.607000e-02	4.782135e-05
1.608000e-02	4.781937e-05
1.609000e-02	4.781740e-05
1.610000e-02	4.781543e-05
1.611000e-02	4.781345e-05
1.612000e-02	4.781148e-05
1.613000e-02	4.780951e-05
1.614000e-02	4.780753e-05
1.615000e-02	4.780556e-05
1.616000e-02	4.780359e-05
1.617000e-02	4.780161e-05
1.618000e-02	4.779964e-05
1.619000e-02	4.779766e-05
1.620000e-02	4.779569e-05
1.621000e-02	4.779372e-05
1.622000e-02	4.779174e-05
1.623000e-02	4.778977e-05
1.624000e-02	4.778780e-05
1.625000e-02	4.778582e-05
1.626000e-02	4.778385e-05
1.627000e-02	4.778188e-05
1.628000e-02	4.777990e-05
1.629000e-02	4.777793e-05
1.630000e-02	4.777595e-05
1.631000e-02	4.777398e-05
1.632000e-02	4.777201e-05
1.633000e-02	4.777003e-05
1.634000e-02	4.776806e-05
1.635000e-02	4.776609e-05
1.636000e-02	4.776411e-05
1.637000e-02	4.776214e-05
1.638000e-02	4.776017e-05
1.639000e-02	4.775819e-05
1.640000e-02	4.775622e-05
1.641000e-02	4.775424e-05
1.642000e-02	4.775227e-05
1.643000e-02	4.775030e-05
1.644000e-02	4.774832e-05
1.645000e-02	4.774635e-05
1.646000e-02	4.774438e-05
1.647000e-02	4.774240e-05
1.648000e-02	4.774043e-05
1.649000e-02	4.773846e-05
1.650000e-02	4.773648e-05
1.651000e-02	4.773451e-05
1.652000e-02	4.773253e-05
1.653000e-02	4.773056e-05
1.654000e-02	4.772859e-05
1.655000e-02	4.772661e-05
1.656000e-02	4.772464e-05
1.657000e-02	4.772267e-05
1.658000e-02	4.772069e-05
1.659000e-02	4.771872e-05
1.660000e-02	4.771675e-05
1.661000e-02	4.771477e-05
1.662000e-02	4.771280e-05
1.663000e-02	4.771082e-05
1.664000e-02	4.770885e-05
1.665000e-02	4.770688e-05
1.666000e-02	4.770490e-05
1.667000e-02	4.770293e-05
1.668000e-02	4.770096e-05
1.669000e-02	4.769898e-05
1.670000e-02	4.769701e-05
1.671000e-02	4.769503e-05
1.672000e-02	4.769306e-05
1.673000e-02	4.769109e-05
1.674000e-02	4.768911e-05
1.675000e-02	4.768714e-05
1.676000e-02	4.768517e-05
1.677000e-02	4.768319e-05
1.678000e-02	4.768122e-05
1.679000e-02	4.767925e-05
1.680000e-02	4.767727e-05
1.681000e-02	4.767530e-05
1.682000e-02	4.767332e-05
1.683000e-02	4.767135e-05
1.684000e-02	4.766938e-05
1.685000e-02	4.766740e-05
1.686000e-02	4.766543e-05
1.687000e-02	4.766346e-05
1.688000e-02	4.766148e-05
1.689000e-02	4.765951e-05
1.690000e-02	4.765754e-05
1.691000e-02	4.765556e-05
1.692000e-02	4.765359e-05
1.693000e-02	4.765161e-05
1.694000e-02	4.764964e-05
1.695000e-02	4.764767e-05
1.696000e-02	4.764998e-05
1.697000e-02	4.765229e-05
1.698000e-02	4.765460e-05
1.699000e-02	4.765691e-05
1.700000e-02	4.765922e-05
1.701000e-02	4.766153e-05
1.702000e-02	4.766384e-05
1.703000e-02	4.766615e-05
1.704000e-02	4.766846e-05
1.705000e-02	4.767077e-05
1.706000e-02	4.767308e-05
1.707000e-02	4.767539e-05
1.708000e-02	4.767770e-05
1.709000e-02	4.768002e-05
1.710000e-02	4.768233e-05
1.711000e-02	4.768464e-05
1.712000e-02	4.768695e-05
1.713000e-02	4.768926e-05
1.714000e-02	4.769157e-05
1.715000e-02	4.769388e-05
1.716000e-02	4.769619e-05
1.717000e-02	4.769850e-05
1.718000e-02	4.770081e-05
1.719000e-02	4.770312e-05
1.720000e-02	4.770543e-05
1.721000e-02	4.770774e-05
1.722000e-02	4.771005e-05
1.723000e-02	4.771236e-05
1.724000e-02	4.771467e-05
1.725000e-02	4.771698e-05
1.726000e-02	4.771929e-05
1.727000e-02	4.772161e-05
1.728000e-02	4.772392e-05
1.729000e-02	4.772623e-05
1.730000e-02	4.772854e-05
1.731000e-02	4.773085e-05
1.732000e-02	4.773316e-05
1.733000e-02	4.773547e-05
1.734000e-02	4.773778e-05
1.735000e-02	4.774009e-05
1.736000e-02	4.774240e-05
1.737000e-02	4.774471e-05
1.738000e-02	4.774702e-05
1.739000e-02	4.774933e-05
1.740000e-02	4.775164e-05
1.741000e-02	4.775395e-05
1.742000e-02	4.775626e-05
1.743000e-02	4.775857e-05
1.744000e-02	4.776089e-05
1.745000e-02	4.776320e-05
1.746000e-02	4.776551e-05
1.747000e-02	4.776782e-05
1.748000e-02	4.777013e-05
1.749000e-02	4.777244e-05
1.750000e-02	4.777475e-05
1.751000e-02	4.777706e-05
1.752000e-02	4.777937e-05
1.753000e-02	4.778168e-05
1.754000e-02	4.778399e-05
1.755000e-02	4.778630e-05
1.756000e-02	4.778861e-05
1.757000e-02	4.779092e-05
1.758000e-02	4.779323e-05
1.759000e-02	4.779554e-05
1.760000e-02	4.779785e-05
1.761000e-02	4.780016e-05
1.762000e-02	4.780248e-05
1.763000e-02	4.780479e-05
1.764000e-02	4.780710e-05
1.765000e-02	4.780941e-05
1.766000e-02	4.781172e-05
1.767000e-02	4.781403e-05
1.768000e-02	4.781634e-05
1.769000e-02	4.781865e-05
1.770000e-02	4.782096e-05
1.771000e-02	4.782327e-05
1.772000e-02	4.782558e-05
1.773000e-02	4.782789e-05
1.774000e-02	4.783020e-05
1.775000e-02	4.783251e-05
1.776000e-02	4.783482e-05
1.777000e-02	4.783713e-05
1.778000e-02	4.783944e-05
1.779000e-02	4.784176e-05
1.780000e-02	4.784407e-05
1.781000e-02	4.784638e-05
1.782000e-02	4.784869e-05
1.783000e-02	4.785100e-05
1.784000e-02	4.785331e-05
1.785000e-02	4.785562e-05
1.786000e-02	4.785793e-05
1.787000e-02	4.786024e-05
1.788000e-02	4.786255e-05
1.789000e-02	4.786486e-05
1.790000e-02	4.786717e-05
1.791000e-02	4.786948e-05
1.792000e-02	4.787179e-05
1.793000e-02	4.787410e-05
1.794000e-02	4.787641e-05
1.795000e-02	4.787872e-05
1.796000e-02	4.788932e-05
1.797000e-02	4.789992e-05
1.798000e-02	4.791053e-05
1.799000e-02	4.792113e-05
1.800000e-02	4.793173e-05
1.801000e-02	4.794233e-05
1.802000e-02	4.795293e-05
1.803000e-02	4.796353e-05
1.804000e-02	4.797413e-05
1.805000e-02	4.798473e-05
1.806000e-02	4.799533e-05
1.807000e-02	4.800593e-05
1.808000e-02	4.801653e-05
1.809000e-02	4.802713e-05
1.810000e-02	4.803773e-05
1.811000e-02	4.804833e-05
1.812000e-02	4.805893e-05
1.813000e-02	4.806953e-05
1.814000e-02	4.808013e-05
1.815000e-02	4.809073e-05
1.816000e-02	4.810133e-05
1.817000e-02	4.811193e-05
1.818000e-02	4.812253e-05
1.819000e-02	4.813313e-05
1.820000e-02	4.814373e-05
1.821000e-02	4.815433e-05
1.822000e-02	4.816493e-05
1.823000e-02	4.817553e-05
1.824000e-02	4.818613e-05
1.825000e-02	4.819673e-05
1.826000e-02	4.820733e-05
1.827000e-02	4.821793e-05
1.828000e-02	4.822853e-05
1.829000e-02	4.823913e-05
1.830000e-02	4.824973e-05
1.831000e-02	4.826033e-05
1.832000e-02	4.827094e-05
1.833000e-02	4.828154e-05
1.834000e-02	4.829214e-05
1.835000e-02	4.830274e-05
1.836000e-02	4.831334e-05
1.837000e-02	4.832394e-05
1.838000e-02	4.833454e-05
1.839000e-02	4.834514e-05
1.840000e-02	4.835574e-05
1.841000e-02	4.836634e-05
1.842000e-02	4.837694e-05
1.843000e-02	4.838754e-05
1.844000e-02	4.839814e-05
1.845000e-02	4.840874e-05
1.846000e-02	4.841934e-05
1.847000e-02	4.842994e-05
1.848000e-02	4.844054e-05
1.849000e-02	4.845114e-05
1.850000e-02	4.846174e-05
1.851000e-02	4.847234e-05
1.852000e-02	4.848294e-05
1.853000e-02	4.849354e-05
1.854000e-02	4.850414e-05
1.855000e-02	4.851474e-05
1.856000e-02	4.852534e-05
1.857000e-02	4.853594e-05
1.858000e-02	4.854654e-05
1.859000e-02	4.855714e-05
1.860000e-02	4.856774e-05
1.861000e-02	4.857834e-05
1.862000e-02	4.858894e-05
1.863000e-02	4.859954e-05
1.864000e-02	4.861014e-05
1.865000e-02	4.862074e-05
1.866000e-02	4.863135e-05
1.867000e-02	4.864195e-05
1.868000e-02	4.865255e-05
1.869000e-02	4.866315e-05
1.870000e-02	4.867375e-05
1.871000e-02	4.868435e-05
1.872000e-02	4.869495e-05
1.873000e-02	4.870555e-05
1.874000e-02	4.871615e-05
1.875000e-02	4.872675e-05
1.876000e-02	4.873735e-05
1.877000e-02	4.874795e-05
1.878000e-02	4.875855e-05
1.879000e-02	4.876915e-05
1.880000e-02	4.877975e-05
1.881000e-02	4.879035e-05
1.882000e-02	4.880095e-05
1.883000e-02	4.881155e-05
1.884000e-02	4.882215e-05
1.885000e-02	4.883275e-05
1.886000e-02	4.884335e-05
1.887000e-02	4.885395e-05
1.888000e-02	4.886455e-05
1.889000e-02	4.887515e-05
1.890000e-02	4.888575e-05
1.891000e-02	4.889635e-05
1.892000e-02	4.890695e-05
1.893000e-02	4.891755e-05
1.894000e-02	4.892815e-05
1.895000e-02	4.893875e-05
1.896000e-02	4.894935e-05
1.897000e-02	4.895995e-05
1.898000e-02	4.897055e-05
1.899000e-02	4.898116e-05
1.900000e-02	4.899176e-05
1.901000e-02	4.900236e-05
1.902000e-02	4.901296e-05
1.903000e-02	4.902356e-05
1.904000e-02	4.903416e-05
1.905000e-02	4.904476e-05
1.906000e-02	4.905536e-05
1.907000e-02	4.906596e-05
1.908000e-02	4.907656e-05
1.909000e-02	4.908716e-05
1.910000e-02	4.909776e-05
1.911000e-02	4.910836e-05
1.912000e-02	4.911896e-05
1.913000e-02	4.912956e-05
1.914000e-02	4.914016e-05
1.915000e-02	4.915076e-05
1.916000e-02	4.916136e-05
1.917000e-02	4.917196e-05
1.918000e-02	4.918256e-05
1.919000e-02	4.919316e-05
1.920000e-02	4.920376e-05
1.921000e-02	4.921436e-05
1.922000e-02	4.922496e-05
1.923000e-02	4.923556e-05
1.924000e-02	4.924616e-05
1.925000e-02	4.925676e-05
1.926000e-02	4.926736e-05
1.927000e-02	4.927796e-05
1.928000e-02	4.928856e-05
1.929000e-02	4.929916e-05
1.930000e-02	4.930976e-05
1.931000e-02	4.932036e-05
1.932000e-02	4.933096e-05
1.933000e-02	4.934157e-05
1.934000e-02	4.935217e-05
1.935000e-02	4.936277e-05
1.936000e-02	4.937337e-05
1.937000e-02	4.938397e-05
1.938000e-02	4.939457e-05
1.939000e-02	4.940517e-05
1.940000e-02	4.941577e-05
1.941000e-02	4.942637e-05
1.942000e-02	4.943697e-05
1.943000e-02	4.944757e-05
1.944000e-02	4.945817e-05
1.945000e-02	4.946877e-05
1.946000e-02	4.947937e-05
1.947000e-02	4.948997e-05
1.948000e-02	4.950057e-05
1.949000e-02	4.951117e-05
1.950000e-02	4.952177e-05
1.951000e-02	4.953237e-05
1.952000e-02	4.954297e-05
1.953000e-02	4.955357e-05
1.954000e-02	4.956417e-05
1.955000e-02	4.957477e-05
1.956000e-02	4.958537e-05
1.957000e-02	4.959597e-05
1.958000e-02	4.960657e-05
1.959000e-02	4.961717e-05
1.960000e-02	4.962777e-05
1.961000e-02	4.963837e-05
1.962000e-02	4.964897e-05
1.963000e-02	4.965957e-05
1.964000e-02	4.967017e-05
1.965000e-02	4.968077e-05
1.966000e-02	4.969137e-05
1.967000e-02	4.970198e-05
1.968000e-02	4.971258e-05
1.969000e-02	4.972318e-05
1.970000e-02	4.973378e-05
1.971000e-02	4.974438e-05
1.972000e-02	4.975498e-05
1.973000e-02	4.976558e-05
1.974000e-02	4.977618e-05
1.975000e-02	4.978678e-05
1.976000e-02	4.979738e-05
1.977000e-02	4.980798e-05
1.978000e-02	4.981858e-05
1.979000e-02	4.982918e-05
1.980000e-02	4.983978e-05
1.981000e-02	4.985038e-05
1.982000e-02	4.986098e-05
1.983000e-02	4.987158e-05
1.984000e-02	4.988218e-05
1.985000e-02	4.989278e-05
1.986000e-02	4.990338e-05
1.987000e-02	4.991398e-05
1.988000e-02	4.992458e-05
1.989000e-02	4.993518e-05
1.990000e-02	4.994578e-05
1.991000e-02	4.995638e-05
1.992000e-02	4.996698e-05
1.993000e-02	4.997758e-05
1.994000e-02	4.998818e-05
1.995000e-02	4.999878e-05
1.996000e-02	5.000938e-05
1.997000e-02	5.001998e-05
1.998000e-02	5.003058e-05
1.999000e-02	5.004118e-05
2.000000e-02	5.005178e-05
2.001000e-02	5.006239e-05
2.002000e-02	5.007299e-05
2.003000e-02	5.008359e-05
2.004000e-02	5.009419e-05
2.005000e-02	5.010479e-05
2.006000e-02	5.011539e-05
2.007000e-02	5.012599e-05
2.008000e-02	5.013659e-05
2.009000e-02	5.014719e-05
2.010000e-02	5.015779e-05
2.011000e-02	5.016839e-05
2.012000e-02	5.017899e-05
2.013000e-02	5.018959e-05
2.014000e-02	5.020019e-05
2.015000e-02	5.021079e-05
2.016000e-02	5.022139e-05
2.017000e-02	5.023199e-05
2.018000e-02	5.024259e-05
2.019000e-02	5.025319e-05
2.020000e-02	5.026379e-05
2.021000e-02	5.027439e-05
2.022000e-02	5.028499e-05
2.023000e-02	5.029559e-05
2.024000e-02	5.030619e-05
2.025000e-02	5.031679e-05
2.026000e-02	5.032739e-05
2.027000e-02	5.033799e-05
2.028000e-02	5.034859e-05
2.029000e-02	5.035919e-05
2.030000e-02	5.036979e-05
2.031000e-02	5.038039e-05
2.032000e-02	5.039099e-05
2.033000e-02	5.040159e-05
2.034000e-02	5.041219e-05
2.035000e-02	5.042280e-05
2.036000e-02	5.043340e-05
2.037000e-02	5.044400e-05
2.038000e-02	5.045460e-05
2.039000e-02	5.046520e-05
2.040000e-02	5.047580e-05
2.041000e-02	5.048640e-05
2.042000e-02	5.049700e-05
2.043000e-02	5.050760e-05
2.044000e-02	5.051820e-05
2.045000e-02	5.052880e-05
2.046000e-02	5.053940e-05
2.047000e-02	5.055000e-05
2.048000e-02	5.056060e-05
2.049000e-02	5.057120e-05
2.050000e-02	5.058180e-05
2.051000e-02	5.059240e-05
2.052000e-02	5.060300e-05
2.053000e-02	5.061360e-05
2.054000e-02	5.062420e-05
2.055000e-02	5.063480e-05
2.056000e-02	5.064540e-05
2.057000e-02	5.065600e-05
2.058000e-02	5.066660e-05
2.059000e-02	5.067720e-05
2.060000e-02	5.068780e-05
2.061000e-02	5.069840e-05
2.062000e-02	5.070900e-05
2.063000e-02	5.071960e-05
2.064000e-02	5.073020e-05
2.065000e-02	5.074080e-05
2.066000e-02	5.075140e-05
2.067000e-02	5.076200e-05
2.068000e-02	5.077261e-05
2.069000e-02	5.078321e-05
2.070000e-02	5.079381e-05
2.071000e-02	5.080441e-05
2.072000e-02	5.081501e-05
2.073000e-02	5.082561e-05
2.074000e-02	5.083621e-05
2.075000e-02	5.084681e-05
2.076000e-02	5.085741e-05
2.077000e-02	5.086801e-05
2.078000e-02	5.087861e-05
2.079000e-02	5.088921e-05
2.080000e-02	5.089981e-05
2.081000e-02	5.091041e-05
2.082000e-02	5.092101e-05
2.083000e-02	5.093161e-05
2.084000e-02	5.094221e-05
2.085000e-02	5.095281e-05
2.086000e-02	5.096341e-05
2.087000e-02	5.097401e-05
2.088000e-02	5.098461e-05
2.089000e-02	5.099521e-05
2.090000e-02	5.100581e-05
2.091000e-02	5.101641e-05
2.092000e-02	5.102701e-05
2.093000e-02	5.103761e-05
2.094000e-02	5.104821e-05
2.095000e-02	5.105881e-05
2.096000e-02	5.106941e-05
2.097000e-02	5.108001e-05
2.098000e-02	5.109061e-05
2.099000e-02	5.110121e-05
2.100000e-02	5.111181e-05
2.101000e-02	5.112987e-05
2.102000e-02	5.114792e-05
2.103000e-02	5.116597e-05
2.104000e-02	5.118402e-05
2.105000e-02	5.120207e-05
2.106000e-02	5.122013e-05
2.107000e-02	5.123818e-05
2.108000e-02	5.125623e-05
2.109000e-02	5.127428e-05
2.110000e-02	5.129234e-05
2.111000e-02	5.131039e-05
2.112000e-02	5.132844e-05
2.113000e-02	5.134649e-05
2.114000e-02	5.136454e-05
2.115000e-02	5.138260e-05
2.116000e-02	5.140065e-05
2.117000e-02	5.141870e-05
2.118000e-02	5.143675e-05
2.119000e-02	5.145480e-05
2.120000e-02	5.147286e-05
2.121000e-02	5.149091e-05
2.122000e-02	5.150896e-05
2.123000e-02	5.152701e-05
2.124000e-02	5.154506e-05
2.125000e-02	5.156312e-05
2.126000e-02	5.158117e-05
2.127000e-02	5.159922e-05
2.128000e-02	5.161727e-05
2.129000e-02	5.163533e-05
2.130000e-02	5.165338e-05
2.131000e-02	5.167143e-05
2.132000e-02	5.168948e-05
2.133000e-02	5.170753e-05
2.134000e-02	5.172559e-05
2.135000e-02	5.174364e-05
2.136000e-02	5.176169e-05
2.137000e-02	5.177974e-05
2.138000e-02	5.179779e-05
2.139000e-02	5.181585e-05
2.140000e-02	5.183390e-05
2.141000e-02	5.185195e-05
2.142000e-02	5.187000e-05
2.143000e-02	5.188805e-05
2.144000e-02	5.190611e-05
2.145000e-02	5.192416e-05
2.146000e-02	5.194221e-05
2.147000e-02	5.196026e-05
2.148000e-02	5.197831e-05
2.149000e-02	5.199637e-05
2.150000e-02	5.201442e-05
2.151000e-02	5.203247e-05
2.152000e-02	5.205052e-05
2.153000e-02	5.206858e-05
2.154000e-02	5.208663e-05
2.155000e-02	5.210468e-05
2.156000e-02	5.212273e-05
2.157000e-02	5.214078e-05
2.158000e-02	5.215884e-05
2.159000e-02	5.217689e-05
2.160000e-02	5.219494e-05
2.161000e-02	5.221299e-05
2.162000e-02	5.223104e-05
2.163000e-02	5.224910e-05
2.164000e-02	5.226715e-05
2.165000e-02	5.228520e-05
2.166000e-02	5.230325e-05
2.167000e-02	5.232130e-05
2.168000e-02	5.233936e-05
2.169000e-02	5.235741e-05
2.170000e-02	5.237546e-05
2.171000e-02	5.239351e-05
2.172000e-02	5.241156e-05
2.173000e-02	5.242962e-05
2.174000e-02	5.244767e-05
2.175000e-02	5.246572e-05
2.176000e-02	5.248377e-05
2.177000e-02	5.250183e-05
2.178000e-02	5.251988e-05
2.179000e-02	5.253793e-05
2.180000e-02	5.255598e-05
2.181000e-02	5.257403e-05
2.182000e-02	5.259209e-05
2.183000e-02	5.261014e-05
2.184000e-02	5.262819e-05
2.185000e-02	5.264624e-05
2.186000e-02	5.266429e-05
2.187000e-02	5.268235e-05
2.188000e-02	5.270040e-05
2.189000e-02	5.271845e-05
2.190000e-02	5.273650e-05
2.191000e-02	5.275455e-05
2.192000e-02	5.277261e-05
2.193000e-02	5.279066e-05
2.194000e-02	5.280871e-05
2.195000e-02	5.282676e-05
2.196000e-02	5.284481e-05
2.197000e-02	5.286287e-05
2.198000e-02	5.288092e-05
2.199000e-02	5.289897e-05
2.200000e-02	5.291702e-05
2.201000e-02	5.293821e-05
2.202000e-02	5.295940e-05
2.203000e-02	5.298058e-05
2.204000e-02	5.300177e-05
2.205000e-02	5.302296e-05
2.206000e-02	5.304414e-05
2.207000e-02	5.306533e-05
2.208000e-02	5.308651e-05
2.209000e-02	5.310770e-05
2.210000e-02	5.312889e-05
2.211000e-02	5.315007e-05
2.212000e-02	5.317126e-05
2.213000e-02	5.319245e-05
2.214000e-02	5.321363e-05
2.215000e-02	5.323482e-05
2.216000e-02	5.325601e-05
2.217000e-02	5.327719e-05
2.218000e-02	5.329838e-05
2.219000e-02	5.331956e-05
2.220000e-02	5.334075e-05
2.221000e-02	5.336194e-05
2.222000e-02	5.338312e-05
2.223000e-02	5.340431e-05
2.224000e-02	5.342550e-05
2.225000e-02	5.344668e-05
2.226000e-02	5.346787e-05
2.227000e-02	5.348906e-05
2.228000e-02	5.351024e-05
2.229000e-02	5.353143e-05
2.230000e-02	5.355261e-05
2.231000e-02	5.357380e-05
2.232000e-02	5.359499e-05
2.233000e-02	5.361617e-05
2.234000e-02	5.363736e-05
2.235000e-02	5.365855e-05
2.236000e-02	5.367973e-05
2.237000e-02	5.370092e-05
2.238000e-02	5.372211e-05
2.239000e-02	5.374329e-05
2.240000e-02	5.376448e-05
2.241000e-02	5.378566e-05
2.242000e-02	5.380685e-05
2.243000e-02	5.382804e-05
2.244000e-02	5.384922e-05
2.245000e-02	5.387041e-05
2.246000e-02	5.389160e-05
2.247000e-02	5.391278e-05
2.248000e-02	5.393397e-05
2.249000e-02	5.395516e-05
2.250000e-02	5.397634e-05
2.251000e-02	5.399753e-05
2.252000e-02	5.401872e-05
2.253000e-02	5.403990e-05
2.254000e-02	5.406109e-05
2.255000e-02	5.408227e-05
2.256000e-02	5.410346e-05
2.257000e-02	5.412465e-05
2.258000e-02	5.414583e-05
2.259000e-02	5.416702e-05
2.260000e-02	5.418821e-05
2.261000e-02	5.420939e-05
2.262000e-02	5.423058e-05
2.263000e-02	5.425177e-05
2.264000e-02	5.427295e-05
2.265000e-02	5.429414e-05
2.266000e-02	5.431532e-05
2.267000e-02	5.433651e-05
2.268000e-02	5.435770e-05
2.269000e-02	5.437888e-05
2.270000e-02	5.440007e-05
2.271000e-02	5.442126e-05
2.272000e-02	5.444244e-05
2.273000e-02	5.446363e-05
2.274000e-02	5.448482e-05
2.275000e-02	5.450600e-05
2.276000e-02	5.452719e-05
2.277000e-02	5.454837e-05
2.278000e-02	5.456956e-05
2.279000e-02	5.459075e-05
2.280000e-02	5.461193e-05
2.281000e-02	5.463312e-05
2.282000e-02	5.465431e-05
2.283000e-02	5.467549e-05
2.284000e-02	5.469668e-05
2.285000e-02	5.471787e-05
2.286000e-02	5.473905e-05
2.287000e-02	5.476024e-05
2.288000e-02	5.478143e-05
2.289000e-02	5.480261e-05
2.290000e-02	5.482380e-05
2.291000e-02	5.484498e-05
2.292000e-02	5.486617e-05
2.293000e-02	5.488736e-05
2.294000e-02	5.490854e-05
2.295000e-02	5.492973e-05
2.296000e-02	5.495092e-05
2.297000e-02	5.497210e-05
2.298000e-02	5.499329e-05
2.299000e-02	5.501448e-05
2.300000e-02	5.503566e-05
2.301000e-02	5.505964e-05
2.302000e-02	5.508361e-05
2.303000e-02	5.510758e-05
2.304000e-02	5.513156e-05
2.305000e-02	5.515553e-05
2.306000e-02	5.517951e-05
2.307000e-02	5.520348e-05
2.308000e-02	5.522745e-05
2.309000e-02	5.525143e-05
2.310000e-02	5.527540e-05
2.311000e-02	5.529937e-05
2.312000e-02	5.532335e-05
2.313000e-02	5.534732e-05
2.314000e-02	5.537130e-05
2.315000e-02	5.539527e-05
2.316000e-02	5.541924e-05
2.317000e-02	5.544322e-05
2.318000e-02	5.546719e-05
2.319000e-02	5.549117e-05
2.320000e-02	5.551514e-05
2.321000e-02	5.553911e-05
2.322000e-02	5.556309e-05
2.323000e-02	5.558706e-05
2.324000e-02	5.561104e-05
2.325000e-02	5.563501e-05
2.326000e-02	5.565898e-05
2.327000e-02	5.568296e-05
2.328000e-02	5.570693e-05
2.329000e-02	5.573091e-05
2.330000e-02	5.575488e-05
2.331000e-02	5.577885e-05
2.332000e-02	5.580283e-05
2.333000e-02	5.582680e-05
2.334000e-02	5.585078e-05
2.335000e-02	5.587475e-05
2.336000e-02	5.589872e-05
2.337000e-02	5.592270e-05
2.338000e-02	5.594667e-05
2.339000e-02	5.597064e-05
2.340000e-02	5.599462e-05
2.341000e-02	5.601859e-05
2.342000e-02	5.604257e-05
2.343000e-02	5.606654e-05
2.344000e-02	5.609051e-05
2.345000e-02	5.611449e-05
2.346000e-02	5.613846e-05
2.347000e-02	5.616244e-05
2.348000e-02	5.618641e-05
2.349000e-02	5.621038e-05
2.350000e-02	5.623436e-05
2.351000e-02	5.625833e-05
2.352000e-02	5.628231e-05
2.353000e-02	5.630628e-05
2.354000e-02	5.633025e-05
2.355000e-02	5.635423e-05
2.356000e-02	5.637820e-05
2.357000e-02	5.640218e-05
2.358000e-02	5.642615e-05
2.359000e-02	5.645012e-05
2.360000e-02	5.647410e-05
2.361000e-02	5.649807e-05
2.362000e-02	5.652204e-05
2.363000e-02	5.654602e-05
2.364000e-02	5.656999e-05
2.365000e-02	5.659397e-05
2.366000e-02	5.661794e-05
2.367000e-02	5.664191e-05
2.368000e-02	5.666589e-05
2.369000e-02	5.668986e-05
2.370000e-02	5.671384e-05
2.371000e-02	5.673781e-05
2.372000e-02	5.676178e-05
2.373000e-02	5.678576e-05
2.374000e-02	5.680973e-05
2.375000e-02	5.683371e-05
2.376000e-02	5.685768e-05
2.377000e-02	5.688165e-05
2.378000e-02	5.690563e-05
2.379000e-02	5.692960e-05
2.380000e-02	5.695358e-05
2.381000e-02	5.697755e-05
2.382000e-02	5.700152e-05
2.383000e-02	5.702550e-05
2.384000e-02	5.704947e-05
2.385000e-02	5.707345e-05
2.386000e-02	5.709742e-05
2.387000e-02	5.712139e-05
2.388000e-02	5.714537e-05
2.389000e-02	5.716934e-05
2.390000e-02	5.719331e-05
2.391000e-02	5.721729e-05
2.392000e-02	5.724126e-05
2.393000e-02	5.726524e-05
2.394000e-02	5.728921e-05
2.395000e-02	5.731318e-05
2.396000e-02	5.733716e-05
2.397000e-02	5.736113e-05
2.398000e-02	5.738511e-05
2.399000e-02	5.740908e-05
2.400000e-02	5.743305e-05
2.401000e-02	5.745948e-05
2.402000e-02	5.748591e-05
2.403000e-02	5.751234e-05
2.404000e-02	5.753877e-05
2.405000e-02	5.756519e-05
2.406000e-02	5.759162e-05
2.407000e-02	5.761805e-05
2.408000e-02	5.764448e-05
2.409000e-02	5.767090e-05
2.410000e-02	5.769733e-05
2.411000e-02	5.772376e-05
2.412000e-02	5.775019e-05
2.413000e-02	5.777662e-05
2.414000e-02	5.780304e-05
2.415000e-02	5.782947e-05
2.416000e-02	5.785590e-05
2.417000e-02	5.788233e-05
2.418000e-02	5.790876e-05
2.419000e-02	5.793518e-05
2.420000e-02	5.796161e-05
2.421000e-02	5.798804e-05
2.422000e-02	5.801447e-05
2.423000e-02	5.804089e-05
2.424000e-02	5.806732e-05
2.425000e-02	5.809375e-05
2.426000e-02	5.812018e-05
2.427000e-02	5.814661e-05
2.428000e-02	5.817303e-05
2.429000e-02	5.819946e-05
2.430000e-02	5.822589e-05
2.431000e-02	5.825232e-05
2.432000e-02	5.827874e-05
2.433000e-02	5.830517e-05
2.434000e-02	5.833160e-05
2.435000e-02	5.835803e-05
2.436000e-02	5.838446e-05
2.437000e-02	5.841088e-05
2.438000e-02	5.843731e-05
2.439000e-02	5.846374e-05
2.440000e-02	5.849017e-05
2.441000e-02	5.851660e-05
2.442000e-02	5.854302e-05
2.443000e-02	5.856945e-05
2.444000e-02	5.859588e-05
2.445000e-02	5.862231e-05
2.446000e-02	5.864873e-05
2.447000e-02	5.867516e-05
2.448000e-02	5.870159e-05
2.449000e-02	5.872802e-05
2.450000e-02	5.875445e-05
2.451000e-02	5.878087e-05
2.452000e-02	5.880730e-05
2.453000e-02	5.883373e-05
2.454000e-02	5.886016e-05
2.455000e-02	5.888659e-05
2.456000e-02	5.891301e-05
2.457000e-02	5.893944e-05
2.458000e-02	5.896587e-05
2.459000e-02	5.899230e-05
2.460000e-02	5.901872e-05
2.461000e-02	5.904515e-05
2.462000e-02	5.907158e-05
2.463000e-02	5.909801e-05
2.464000e-02	5.912444e-05
2.465000e-02	5.915086e-05
2.466000e-02	5.917729e-05
2.467000e-02	5.920372e-05
2.468000e-02	5.923015e-05
2.469000e-02	5.925657e-05
2.470000e-02	5.928300e-05
2.471000e-02	5.930943e-05
2.472000e-02	5.933586e-05
2.473000e-02	5.936229e-05
2.474000e-02	5.938871e-05
2.475000e-02	5.941514e-05
2.476000e-02	5.944157e-05
2.477000e-02	5.946800e-05
2.478000e-02	5.949443e-05
2.479000e-02	5.952085e-05
2.480000e-02	5.954728e-05
2.481000e-02	5.957371e-05
2.482000e-02	5.960014e-05
2.483000e-02	5.962656e-05
2.484000e-02	5.965299e-05
2.485000e-02	5.967942e-05
2.486000e-02	5.970585e-05
2.487000e-02	5.973228e-05
2.488000e-02	5.975870e-05
2.489000e-02	5.978513e-05
2.490000e-02	5.981156e-05
2.491000e-02	5.983799e-05
2.492000e-02	5.986442e-05
2.493000e-02	5.989084e-05
2.494000e-02	5.991727e-05
2.495000e-02	5.994370e-05
2.496000e-02	5.997013e-05
2.497000e-02	5.999655e-05
2.498000e-02	6.002298e-05
2.499000e-02	6.004941e-05
