z1_new_m	d2_new_long_m
1.000000e-03	7.050001e-05
1.010000e-03	7.047629e-05
1.020000e-03	7.045256e-05
1.030000e-03	7.042884e-05
1.040000e-03	7.040512e-05
1.050000e-03	7.038139e-05
1.060000e-03	7.035767e-05
1.070000e-03	7.033395e-05
1.080000e-03	7.031022e-05
1.090000e-03	7.028650e-05
1.100000e-03	7.026278e-05
1.110000e-03	7.023905e-05
1.120000e-03	7.021533e-05
1.130000e-03	7.019161e-05
1.140000e-03	7.016788e-05
1.150000e-03	7.014416e-05
1.160000e-03	7.012044e-05
1.170000e-03	7.009671e-05
1.180000e-03	7.007299e-05
1.190000e-03	7.004927e-05
1.200000e-03	7.002554e-05
1.210000e-03	7.000182e-05
1.220000e-03	6.997810e-05
1.230000e-03	6.995437e-05
1.240000e-03	6.993065e-05
1.250000e-03	6.990693e-05
1.260000e-03	6.988320e-05
1.270000e-03	6.985948e-05
1.280000e-03	6.983576e-05
1.290000e-03	6.981203e-05
1.300000e-03	6.978831e-05
1.310000e-03	6.976459e-05
1.320000e-03	6.974086e-05
1.330000e-03	6.971714e-05
1.340000e-03	6.969342e-05
1.350000e-03	6.966969e-05
1.360000e-03	6.964597e-05
1.370000e-03	6.962225e-05
1.380000e-03	6.959852e-05
1.390000e-03	6.957480e-05
1.400000e-03	6.955108e-05
1.410000e-03	6.952735e-05
1.420000e-03	6.950363e-05
1.430000e-03	6.947991e-05
1.440000e-03	6.945618e-05
1.450000e-03	6.943246e-05
1.460000e-03	6.940874e-05
1.470000e-03	6.938501e-05
1.480000e-03	6.936129e-05
1.490000e-03	6.933757e-05
1.500000e-03	6.931384e-05
1.510000e-03	6.929012e-05
1.520000e-03	6.926640e-05
1.530000e-03	6.924267e-05
1.540000e-03	6.921895e-05
1.550000e-03	6.919523e-05
1.560000e-03	6.917150e-05
1.570000e-03	6.914778e-05
1.580000e-03	6.912406e-05
1.590000e-03	6.910033e-05
1.600000e-03	6.907661e-05
1.610000e-03	6.905289e-05
1.620000e-03	6.902916e-05
1.630000e-03	6.900544e-05
1.640000e-03	6.898172e-05
1.650000e-03	6.895799e-05
1.660000e-03	6.893427e-05
1.670000e-03	6.891055e-05
1.680000e-03	6.888682e-05
1.690000e-03	6.886310e-05
1.700000e-03	6.883938e-05
1.710000e-03	6.881565e-05
1.720000e-03	6.879193e-05
1.730000e-03	6.876821e-05
1.740000e-03	6.874448e-05
1.750000e-03	6.872076e-05
1.760000e-03	6.869704e-05
1.770000e-03	6.867331e-05
1.780000e-03	6.864959e-05
1.790000e-03	6.862587e-05
1.800000e-03	6.860214e-05
1.810000e-03	6.857842e-05
1.820000e-03	6.855470e-05
1.830000e-03	6.853097e-05
1.840000e-03	6.850725e-05
1.850000e-03	6.848353e-05
1.860000e-03	6.845980e-05
1.870000e-03	6.843608e-05
1.880000e-03	6.841236e-05
1.890000e-03	6.838863e-05
1.900000e-03	6.836491e-05
1.910000e-03	6.834119e-05
1.920000e-03	6.831746e-05
1.930000e-03	6.829374e-05
1.940000e-03	6.827002e-05
1.950000e-03	6.824629e-05
1.960000e-03	6.822257e-05
1.970000e-03	6.819885e-05
1.980000e-03	6.817512e-05
1.990000e-03	6.815140e-05
2.000000e-03	6.812768e-05
2.010000e-03	6.810490e-05
2.020000e-03	6.808211e-05
2.030000e-03	6.805933e-05
2.040000e-03	6.803655e-05
2.050000e-03	6.801377e-05
2.060000e-03	6.799098e-05
2.070000e-03	6.796820e-05
2.080000e-03	6.794542e-05
2.090000e-03	6.792264e-05
2.100000e-03	6.789985e-05
2.110000e-03	6.787707e-05
2.120000e-03	6.785429e-05
2.130000e-03	6.783151e-05
2.140000e-03	6.780872e-05
2.150000e-03	6.778594e-05
2.160000e-03	6.776316e-05
2.170000e-03	6.774038e-05
2.180000e-03	6.771759e-05
2.190000e-03	6.769481e-05
2.200000e-03	6.767203e-05
2.210000e-03	6.764925e-05
2.220000e-03	6.762646e-05
2.230000e-03	6.760368e-05
2.240000e-03	6.758090e-05
2.250000e-03	6.755811e-05
2.260000e-03	6.753533e-05
2.270000e-03	6.751255e-05
2.280000e-03	6.748977e-05
2.290000e-03	6.746698e-05
2.300000e-03	6.744420e-05
2.310000e-03	6.742142e-05
2.320000e-03	6.739864e-05
2.330000e-03	6.737585e-05
2.340000e-03	6.735307e-05
2.350000e-03	6.733029e-05
2.360000e-03	6.730751e-05
2.370000e-03	6.728472e-05
2.380000e-03	6.726194e-05
2.390000e-03	6.723916e-05
2.400000e-03	6.721638e-05
2.410000e-03	6.719359e-05
2.420000e-03	6.717081e-05
2.430000e-03	6.714803e-05
2.440000e-03	6.712525e-05
2.450000e-03	6.710246e-05
2.460000e-03	6.707968e-05
2.470000e-03	6.705690e-05
2.480000e-03	6.703412e-05
2.490000e-03	6.701133e-05
2.500000e-03	6.698855e-05
2.510000e-03	6.696577e-05
2.520000e-03	6.694299e-05
2.530000e-03	6.692020e-05
2.540000e-03	6.689742e-05
2.550000e-03	6.687464e-05
2.560000e-03	6.685186e-05
2.570000e-03	6.682907e-05
2.580000e-03	6.680629e-05
2.590000e-03	6.678351e-05
2.600000e-03	6.676073e-05
2.610000e-03	6.673794e-05
2.620000e-03	6.671516e-05
2.630000e-03	6.669238e-05
2.640000e-03	6.666960e-05
2.650000e-03	6.664681e-05
2.660000e-03	6.662403e-05
2.670000e-03	6.660125e-05
2.680000e-03	6.657847e-05
2.690000e-03	6.655568e-05
2.700000e-03	6.653290e-05
2.710000e-03	6.651012e-05
2.720000e-03	6.648734e-05
2.730000e-03	6.646455e-05
2.740000e-03	6.644177e-05
2.750000e-03	6.641899e-05
2.760000e-03	6.639621e-05
2.770000e-03	6.637342e-05
2.780000e-03	6.635064e-05
2.790000e-03	6.632786e-05
2.800000e-03	6.630508e-05
2.810000e-03	6.628229e-05
2.820000e-03	6.625951e-05
2.830000e-03	6.623673e-05
2.840000e-03	6.621395e-05
2.850000e-03	6.619116e-05
2.860000e-03	6.616838e-05
2.870000e-03	6.614560e-05
2.880000e-03	6.612282e-05
2.890000e-03	6.610003e-05
2.900000e-03	6.607725e-05
2.910000e-03	6.605447e-05
2.920000e-03	6.603169e-05
2.930000e-03	6.600890e-05
2.940000e-03	6.598612e-05
2.950000e-03	6.596334e-05
2.960000e-03	6.594056e-05
2.970000e-03	6.591777e-05
2.980000e-03	6.589499e-05
2.990000e-03	6.587221e-05
3.000000e-03	6.584943e-05
3.010000e-03	6.582768e-05
3.020000e-03	6.580594e-05
3.030000e-03	6.578420e-05
3.040000e-03	6.576246e-05
3.050000e-03	6.574072e-05
3.060000e-03	6.571898e-05
3.070000e-03	6.569724e-05
3.080000e-03	6.567550e-05
3.090000e-03	6.565376e-05
3.100000e-03	6.563202e-05
3.110000e-03	6.561028e-05
3.120000e-03	6.558854e-05
3.130000e-03	6.556680e-05
3.140000e-03	6.554505e-05
3.150000e-03	6.552331e-05
3.160000e-03	6.550157e-05
3.170000e-03	6.547983e-05
3.180000e-03	6.545809e-05
3.190000e-03	6.543635e-05
3.200000e-03	6.541461e-05
3.210000e-03	6.539287e-05
3.220000e-03	6.537113e-05
3.230000e-03	6.534939e-05
3.240000e-03	6.532765e-05
3.250000e-03	6.530591e-05
3.260000e-03	6.528417e-05
3.270000e-03	6.526243e-05
3.280000e-03	6.524068e-05
3.290000e-03	6.521894e-05
3.300000e-03	6.519720e-05
3.310000e-03	6.517546e-05
3.320000e-03	6.515372e-05
3.330000e-03	6.513198e-05
3.340000e-03	6.511024e-05
3.350000e-03	6.508850e-05
3.360000e-03	6.506676e-05
3.370000e-03	6.504502e-05
3.380000e-03	6.502328e-05
3.390000e-03	6.500154e-05
3.400000e-03	6.497980e-05
3.410000e-03	6.495805e-05
3.420000e-03	6.493631e-05
3.430000e-03	6.491457e-05
3.440000e-03	6.489283e-05
3.450000e-03	6.487109e-05
3.460000e-03	6.484935e-05
3.470000e-03	6.482761e-05
3.480000e-03	6.480587e-05
3.490000e-03	6.478413e-05
3.500000e-03	6.476239e-05
3.510000e-03	6.474065e-05
3.520000e-03	6.471891e-05
3.530000e-03	6.469717e-05
3.540000e-03	6.467542e-05
3.550000e-03	6.465368e-05
3.560000e-03	6.463194e-05
3.570000e-03	6.461020e-05
3.580000e-03	6.458846e-05
3.590000e-03	6.456672e-05
3.600000e-03	6.454498e-05
3.610000e-03	6.452324e-05
3.620000e-03	6.450150e-05
3.630000e-03	6.447976e-05
3.640000e-03	6.445802e-05
3.650000e-03	6.443628e-05
3.660000e-03	6.441454e-05
3.670000e-03	6.439279e-05
3.680000e-03	6.437105e-05
3.690000e-03	6.434931e-05
3.700000e-03	6.432757e-05
3.710000e-03	6.430583e-05
3.720000e-03	6.428409e-05
3.730000e-03	6.426235e-05
3.740000e-03	6.424061e-05
3.750000e-03	6.421887e-05
3.760000e-03	6.419713e-05
3.770000e-03	6.417539e-05
3.780000e-03	6.415365e-05
3.790000e-03	6.413191e-05
3.800000e-03	6.411017e-05
3.810000e-03	6.408842e-05
3.820000e-03	6.406668e-05
3.830000e-03	6.404494e-05
3.840000e-03	6.402320e-05
3.850000e-03	6.400146e-05
3.860000e-03	6.397972e-05
3.870000e-03	6.395798e-05
3.880000e-03	6.393624e-05
3.890000e-03	6.391450e-05
3.900000e-03	6.389276e-05
3.910000e-03	6.387102e-05
3.920000e-03	6.384928e-05
3.930000e-03	6.382754e-05
3.940000e-03	6.380579e-05
3.950000e-03	6.378405e-05
3.960000e-03	6.376231e-05
3.970000e-03	6.374057e-05
3.980000e-03	6.371883e-05
3.990000e-03	6.369709e-05
4.000000e-03	6.367535e-05
4.010000e-03	6.365476e-05
4.020000e-03	6.363417e-05
4.030000e-03	6.361358e-05
4.040000e-03	6.359300e-05
4.050000e-03	6.357241e-05
4.060000e-03	6.355182e-05
4.070000e-03	6.353123e-05
4.080000e-03	6.351064e-05
4.090000e-03	6.349005e-05
4.100000e-03	6.346946e-05
4.110000e-03	6.344887e-05
4.120000e-03	6.342829e-05
4.130000e-03	6.340770e-05
4.140000e-03	6.338711e-05
4.150000e-03	6.336652e-05
4.160000e-03	6.334593e-05
4.170000e-03	6.332534e-05
4.180000e-03	6.330475e-05
4.190000e-03	6.328416e-05
4.200000e-03	6.326358e-05
4.210000e-03	6.324299e-05
4.220000e-03	6.322240e-05
4.230000e-03	6.320181e-05
4.240000e-03	6.318122e-05
4.250000e-03	6.316063e-05
4.260000e-03	6.314004e-05
4.270000e-03	6.311946e-05
4.280000e-03	6.309887e-05
4.290000e-03	6.307828e-05
4.300000e-03	6.305769e-05
4.310000e-03	6.303710e-05
4.320000e-03	6.301651e-05
4.330000e-03	6.299592e-05
4.340000e-03	6.297533e-05
4.350000e-03	6.295475e-05
4.360000e-03	6.293416e-05
4.370000e-03	6.291357e-05
4.380000e-03	6.289298e-05
4.390000e-03	6.287239e-05
4.400000e-03	6.285180e-05
4.410000e-03	6.283121e-05
4.420000e-03	6.281062e-05
4.430000e-03	6.279004e-05
4.440000e-03	6.276945e-05
4.450000e-03	6.274886e-05
4.460000e-03	6.272827e-05
4.470000e-03	6.270768e-05
4.480000e-03	6.268709e-05
4.490000e-03	6.266650e-05
4.500000e-03	6.264592e-05
4.510000e-03	6.262533e-05
4.520000e-03	6.260474e-05
4.530000e-03	6.258415e-05
4.540000e-03	6.256356e-05
4.550000e-03	6.254297e-05
4.560000e-03	6.252238e-05
4.570000e-03	6.250179e-05
4.580000e-03	6.248121e-05
4.590000e-03	6.246062e-05
4.600000e-03	6.244003e-05
4.610000e-03	6.241944e-05
4.620000e-03	6.239885e-05
4.630000e-03	6.237826e-05
4.640000e-03	6.235767e-05
4.650000e-03	6.233708e-05
4.660000e-03	6.231650e-05
4.670000e-03	6.229591e-05
4.680000e-03	6.227532e-05
4.690000e-03	6.225473e-05
4.700000e-03	6.223414e-05
4.710000e-03	6.221355e-05
4.720000e-03	6.219296e-05
4.730000e-03	6.217238e-05
4.740000e-03	6.215179e-05
4.750000e-03	6.213120e-05
4.760000e-03	6.211061e-05
4.770000e-03	6.209002e-05
4.780000e-03	6.206943e-05
4.790000e-03	6.204884e-05
4.800000e-03	6.202825e-05
4.810000e-03	6.200767e-05
4.820000e-03	6.198708e-05
4.830000e-03	6.196649e-05
4.840000e-03	6.194590e-05
4.850000e-03	6.192531e-05
4.860000e-03	6.190472e-05
4.870000e-03	6.188413e-05
4.880000e-03	6.186354e-05
4.890000e-03	6.184296e-05
4.900000e-03	6.182237e-05
4.910000e-03	6.180178e-05
4.920000e-03	6.178119e-05
4.930000e-03	6.176060e-05
4.940000e-03	6.174001e-05
4.950000e-03	6.171942e-05
4.960000e-03	6.169884e-05
4.970000e-03	6.167825e-05
4.980000e-03	6.165766e-05
4.990000e-03	6.163707e-05
5.000000e-03	6.161648e-05
5.010000e-03	6.160117e-05
5.020000e-03	6.158587e-05
5.030000e-03	6.157056e-05
5.040000e-03	6.155526e-05
5.050000e-03	6.153995e-05
5.060000e-03	6.152464e-05
5.070000e-03	6.150934e-05
5.080000e-03	6.149403e-05
5.090000e-03	6.147872e-05
5.100000e-03	6.146342e-05
5.110000e-03	6.144811e-05
5.120000e-03	6.143281e-05
5.130000e-03	6.141750e-05
5.140000e-03	6.140219e-05
5.150000e-03	6.138689e-05
5.160000e-03	6.137158e-05
5.170000e-03	6.135627e-05
5.180000e-03	6.134097e-05
5.190000e-03	6.132566e-05
5.200000e-03	6.131036e-05
5.210000e-03	6.129505e-05
5.220000e-03	6.127974e-05
5.230000e-03	6.126444e-05
5.240000e-03	6.124913e-05
5.250000e-03	6.123382e-05
5.260000e-03	6.121852e-05
5.270000e-03	6.120321e-05
5.280000e-03	6.118791e-05
5.290000e-03	6.117260e-05
5.300000e-03	6.115729e-05
5.310000e-03	6.114199e-05
5.320000e-03	6.112668e-05
5.330000e-03	6.111137e-05
5.340000e-03	6.109607e-05
5.350000e-03	6.108076e-05
5.360000e-03	6.106546e-05
5.370000e-03	6.105015e-05
5.380000e-03	6.103484e-05
5.390000e-03	6.101954e-05
5.400000e-03	6.100423e-05
5.410000e-03	6.098892e-05
5.420000e-03	6.097362e-05
5.430000e-03	6.095831e-05
5.440000e-03	6.094301e-05
5.450000e-03	6.092770e-05
5.460000e-03	6.091239e-05
5.470000e-03	6.089709e-05
5.480000e-03	6.088178e-05
5.490000e-03	6.086647e-05
5.500000e-03	6.085117e-05
5.510000e-03	6.083586e-05
5.520000e-03	6.082056e-05
5.530000e-03	6.080525e-05
5.540000e-03	6.078994e-05
5.550000e-03	6.077464e-05
5.560000e-03	6.075933e-05
5.570000e-03	6.074402e-05
5.580000e-03	6.072872e-05
5.590000e-03	6.071341e-05
5.600000e-03	6.069811e-05
5.610000e-03	6.068280e-05
5.620000e-03	6.066749e-05
5.630000e-03	6.065219e-05
5.640000e-03	6.063688e-05
5.650000e-03	6.062157e-05
5.660000e-03	6.060627e-05
5.670000e-03	6.059096e-05
5.680000e-03	6.057566e-05
5.690000e-03	6.056035e-05
5.700000e-03	6.054504e-05
5.710000e-03	6.052974e-05
5.720000e-03	6.051443e-05
5.730000e-03	6.049912e-05
5.740000e-03	6.048382e-05
5.750000e-03	6.046851e-05
5.760000e-03	6.045321e-05
5.770000e-03	6.043790e-05
5.780000e-03	6.042259e-05
5.790000e-03	6.040729e-05
5.800000e-03	6.039198e-05
5.810000e-03	6.037667e-05
5.820000e-03	6.036137e-05
5.830000e-03	6.034606e-05
5.840000e-03	6.033076e-05
5.850000e-03	6.031545e-05
5.860000e-03	6.030014e-05
5.870000e-03	6.028484e-05
5.880000e-03	6.026953e-05
5.890000e-03	6.025422e-05
5.900000e-03	6.023892e-05
5.910000e-03	6.022361e-05
5.920000e-03	6.020831e-05
5.930000e-03	6.019300e-05
5.940000e-03	6.017769e-05
5.950000e-03	6.016239e-05
5.960000e-03	6.014708e-05
5.970000e-03	6.013177e-05
5.980000e-03	6.011647e-05
5.990000e-03	6.010116e-05
6.000000e-03	6.008586e-05
6.010000e-03	6.007055e-05
6.020000e-03	6.005524e-05
6.030000e-03	6.003994e-05
6.040000e-03	6.002463e-05
6.050000e-03	6.000932e-05
6.060000e-03	5.999402e-05
6.070000e-03	5.997871e-05
6.080000e-03	5.996341e-05
6.090000e-03	5.994810e-05
6.100000e-03	5.993279e-05
6.110000e-03	5.991749e-05
6.120000e-03	5.990218e-05
6.130000e-03	5.988687e-05
6.140000e-03	5.987157e-05
6.150000e-03	5.985626e-05
6.160000e-03	5.984096e-05
6.170000e-03	5.982565e-05
6.180000e-03	5.981034e-05
6.190000e-03	5.979504e-05
6.200000e-03	5.977973e-05
6.210000e-03	5.976442e-05
6.220000e-03	5.974912e-05
6.230000e-03	5.973381e-05
6.240000e-03	5.971851e-05
6.250000e-03	5.970320e-05
6.260000e-03	5.968789e-05
6.270000e-03	5.967259e-05
6.280000e-03	5.965728e-05
6.290000e-03	5.964197e-05
6.300000e-03	5.962667e-05
6.310000e-03	5.961136e-05
6.320000e-03	5.959606e-05
6.330000e-03	5.958075e-05
6.340000e-03	5.956544e-05
6.350000e-03	5.955014e-05
6.360000e-03	5.953483e-05
6.370000e-03	5.951952e-05
6.380000e-03	5.950422e-05
6.390000e-03	5.948891e-05
6.400000e-03	5.947361e-05
6.410000e-03	5.945830e-05
6.420000e-03	5.944299e-05
6.430000e-03	5.942769e-05
6.440000e-03	5.941238e-05
6.450000e-03	5.939707e-05
6.460000e-03	5.938177e-05
6.470000e-03	5.936646e-05
6.480000e-03	5.935116e-05
6.490000e-03	5.933585e-05
6.500000e-03	5.932054e-05
6.510000e-03	5.930524e-05
6.520000e-03	5.928993e-05
6.530000e-03	5.927462e-05
6.540000e-03	5.925932e-05
6.550000e-03	5.924401e-05
6.560000e-03	5.922871e-05
6.570000e-03	5.921340e-05
6.580000e-03	5.919809e-05
6.590000e-03	5.918279e-05
6.600000e-03	5.916748e-05
6.610000e-03	5.915217e-05
6.620000e-03	5.913687e-05
6.630000e-03	5.912156e-05
6.640000e-03	5.910626e-05
6.650000e-03	5.909095e-05
6.660000e-03	5.907564e-05
6.670000e-03	5.906034e-05
6.680000e-03	5.904503e-05
6.690000e-03	5.902972e-05
6.700000e-03	5.901442e-05
6.710000e-03	5.899911e-05
6.720000e-03	5.898381e-05
6.730000e-03	5.896850e-05
6.740000e-03	5.895319e-05
6.750000e-03	5.893789e-05
6.760000e-03	5.892258e-05
6.770000e-03	5.890727e-05
6.780000e-03	5.889197e-05
6.790000e-03	5.887666e-05
6.800000e-03	5.886136e-05
6.810000e-03	5.884605e-05
6.820000e-03	5.883074e-05
6.830000e-03	5.881544e-05
6.840000e-03	5.880013e-05
6.850000e-03	5.878482e-05
6.860000e-03	5.876952e-05
6.870000e-03	5.875421e-05
6.880000e-03	5.873891e-05
6.890000e-03	5.872360e-05
6.900000e-03	5.870829e-05
6.910000e-03	5.869299e-05
6.920000e-03	5.867768e-05
6.930000e-03	5.866237e-05
6.940000e-03	5.864707e-05
6.950000e-03	5.863176e-05
6.960000e-03	5.861646e-05
6.970000e-03	5.860115e-05
6.980000e-03	5.858584e-05
6.990000e-03	5.857054e-05
7.000000e-03	5.855523e-05
7.010000e-03	5.853992e-05
7.020000e-03	5.852462e-05
7.030000e-03	5.850931e-05
7.040000e-03	5.849401e-05
7.050000e-03	5.847870e-05
7.060000e-03	5.846339e-05
7.070000e-03	5.844809e-05
7.080000e-03	5.843278e-05
7.090000e-03	5.841747e-05
7.100000e-03	5.840217e-05
7.110000e-03	5.838686e-05
7.120000e-03	5.837156e-05
7.130000e-03	5.835625e-05
7.140000e-03	5.834094e-05
7.150000e-03	5.832564e-05
7.160000e-03	5.831033e-05
7.170000e-03	5.829502e-05
7.180000e-03	5.827972e-05
7.190000e-03	5.826441e-05
7.200000e-03	5.824911e-05
7.210000e-03	5.823380e-05
7.220000e-03	5.821849e-05
7.230000e-03	5.820319e-05
7.240000e-03	5.818788e-05
7.250000e-03	5.817257e-05
7.260000e-03	5.815727e-05
7.270000e-03	5.814196e-05
7.280000e-03	5.812666e-05
7.290000e-03	5.811135e-05
7.300000e-03	5.809604e-05
7.310000e-03	5.808074e-05
7.320000e-03	5.806543e-05
7.330000e-03	5.805012e-05
7.340000e-03	5.803482e-05
7.350000e-03	5.801951e-05
7.360000e-03	5.800421e-05
7.370000e-03	5.798890e-05
7.380000e-03	5.797359e-05
7.390000e-03	5.795829e-05
7.400000e-03	5.794298e-05
7.410000e-03	5.792767e-05
7.420000e-03	5.791237e-05
7.430000e-03	5.789706e-05
7.440000e-03	5.788176e-05
7.450000e-03	5.786645e-05
7.460000e-03	5.785114e-05
7.470000e-03	5.783584e-05
7.480000e-03	5.782053e-05
7.490000e-03	5.780522e-05
7.500000e-03	5.778992e-05
7.510000e-03	5.777461e-05
7.520000e-03	5.775931e-05
7.530000e-03	5.774400e-05
7.540000e-03	5.772869e-05
7.550000e-03	5.771339e-05
7.560000e-03	5.769808e-05
7.570000e-03	5.768277e-05
7.580000e-03	5.766747e-05
7.590000e-03	5.765216e-05
7.600000e-03	5.763686e-05
7.610000e-03	5.762155e-05
7.620000e-03	5.760624e-05
7.630000e-03	5.759094e-05
7.640000e-03	5.757563e-05
7.650000e-03	5.756032e-05
7.660000e-03	5.754502e-05
7.670000e-03	5.752971e-05
7.680000e-03	5.751441e-05
7.690000e-03	5.749910e-05
7.700000e-03	5.748379e-05
7.710000e-03	5.746849e-05
7.720000e-03	5.745318e-05
7.730000e-03	5.743787e-05
7.740000e-03	5.742257e-05
7.750000e-03	5.740726e-05
7.760000e-03	5.739196e-05
7.770000e-03	5.737665e-05
7.780000e-03	5.736134e-05
7.790000e-03	5.734604e-05
7.800000e-03	5.733073e-05
7.810000e-03	5.731542e-05
7.820000e-03	5.730012e-05
7.830000e-03	5.728481e-05
7.840000e-03	5.726951e-05
7.850000e-03	5.725420e-05
7.860000e-03	5.723889e-05
7.870000e-03	5.722359e-05
7.880000e-03	5.720828e-05
7.890000e-03	5.719297e-05
7.900000e-03	5.717767e-05
7.910000e-03	5.716236e-05
7.920000e-03	5.714706e-05
7.930000e-03	5.713175e-05
7.940000e-03	5.711644e-05
7.950000e-03	5.710114e-05
7.960000e-03	5.708583e-05
7.970000e-03	5.707052e-05
7.980000e-03	5.705522e-05
7.990000e-03	5.703991e-05
8.000000e-03	5.702461e-05
8.010000e-03	5.700930e-05
8.020000e-03	5.699399e-05
8.030000e-03	5.697869e-05
8.040000e-03	5.696338e-05
8.050000e-03	5.694807e-05
8.060000e-03	5.693277e-05
8.070000e-03	5.691746e-05
8.080000e-03	5.690216e-05
8.090000e-03	5.688685e-05
8.100000e-03	5.687154e-05
8.110000e-03	5.685624e-05
8.120000e-03	5.684093e-05
8.130000e-03	5.682562e-05
8.140000e-03	5.681032e-05
8.150000e-03	5.679501e-05
8.160000e-03	5.677971e-05
8.170000e-03	5.676440e-05
8.180000e-03	5.674909e-05
8.190000e-03	5.673379e-05
8.200000e-03	5.671848e-05
8.210000e-03	5.670317e-05
8.220000e-03	5.668787e-05
8.230000e-03	5.667256e-05
8.240000e-03	5.665726e-05
8.250000e-03	5.664195e-05
8.260000e-03	5.662664e-05
8.270000e-03	5.661134e-05
8.280000e-03	5.659603e-05
8.290000e-03	5.658072e-05
8.300000e-03	5.656542e-05
8.310000e-03	5.655011e-05
8.320000e-03	5.653481e-05
8.330000e-03	5.651950e-05
8.340000e-03	5.650419e-05
8.350000e-03	5.648889e-05
8.360000e-03	5.647358e-05
8.370000e-03	5.645827e-05
8.380000e-03	5.644297e-05
8.390000e-03	5.642766e-05
8.400000e-03	5.641236e-05
8.410000e-03	5.639705e-05
8.420000e-03	5.638174e-05
8.430000e-03	5.636644e-05
8.440000e-03	5.635113e-05
8.450000e-03	5.633582e-05
8.460000e-03	5.632052e-05
8.470000e-03	5.630521e-05
8.480000e-03	5.628991e-05
8.490000e-03	5.627460e-05
8.500000e-03	5.625929e-05
8.510000e-03	5.624399e-05
8.520000e-03	5.622868e-05
8.530000e-03	5.621337e-05
8.540000e-03	5.619807e-05
8.550000e-03	5.618276e-05
8.560000e-03	5.616746e-05
8.570000e-03	5.615215e-05
8.580000e-03	5.613684e-05
8.590000e-03	5.612154e-05
8.600000e-03	5.610623e-05
8.610000e-03	5.609092e-05
8.620000e-03	5.607562e-05
8.630000e-03	5.606031e-05
8.640000e-03	5.604501e-05
8.650000e-03	5.602970e-05
8.660000e-03	5.601439e-05
8.670000e-03	5.599909e-05
8.680000e-03	5.598378e-05
8.690000e-03	5.596847e-05
8.700000e-03	5.595317e-05
8.710000e-03	5.593786e-05
8.720000e-03	5.592256e-05
8.730000e-03	5.590725e-05
8.740000e-03	5.589194e-05
8.750000e-03	5.587664e-05
8.760000e-03	5.586133e-05
8.770000e-03	5.584602e-05
8.780000e-03	5.583072e-05
8.790000e-03	5.581541e-05
8.800000e-03	5.580011e-05
8.810000e-03	5.578480e-05
8.820000e-03	5.576949e-05
8.830000e-03	5.575419e-05
8.840000e-03	5.573888e-05
8.850000e-03	5.572357e-05
8.860000e-03	5.570827e-05
8.870000e-03	5.569296e-05
8.880000e-03	5.567766e-05
8.890000e-03	5.566235e-05
8.900000e-03	5.564704e-05
8.910000e-03	5.563174e-05
8.920000e-03	5.561643e-05
8.930000e-03	5.560112e-05
8.940000e-03	5.558582e-05
8.950000e-03	5.557051e-05
8.960000e-03	5.555521e-05
8.970000e-03	5.553990e-05
8.980000e-03	5.552459e-05
8.990000e-03	5.550929e-05
9.000000e-03	5.549398e-05
9.010000e-03	5.547867e-05
9.020000e-03	5.546337e-05
9.030000e-03	5.544806e-05
9.040000e-03	5.543276e-05
9.050000e-03	5.541745e-05
9.060000e-03	5.540214e-05
9.070000e-03	5.538684e-05
9.080000e-03	5.537153e-05
9.090000e-03	5.535622e-05
9.100000e-03	5.534092e-05
9.110000e-03	5.532561e-05
9.120000e-03	5.531031e-05
9.130000e-03	5.529500e-05
9.140000e-03	5.527969e-05
9.150000e-03	5.526439e-05
9.160000e-03	5.524908e-05
9.170000e-03	5.523377e-05
9.180000e-03	5.521847e-05
9.190000e-03	5.520316e-05
9.200000e-03	5.518786e-05
9.210000e-03	5.517255e-05
9.220000e-03	5.515724e-05
9.230000e-03	5.514194e-05
9.240000e-03	5.512663e-05
9.250000e-03	5.511132e-05
9.260000e-03	5.509602e-05
9.270000e-03	5.508071e-05
9.280000e-03	5.506541e-05
9.290000e-03	5.505010e-05
9.300000e-03	5.503479e-05
9.310000e-03	5.501949e-05
9.320000e-03	5.500418e-05
9.330000e-03	5.498888e-05
9.340000e-03	5.497357e-05
9.350000e-03	5.495826e-05
9.360000e-03	5.494296e-05
9.370000e-03	5.492765e-05
9.380000e-03	5.491234e-05
9.390000e-03	5.489704e-05
9.400000e-03	5.488173e-05
9.410000e-03	5.486643e-05
9.420000e-03	5.485112e-05
9.430000e-03	5.483581e-05
9.440000e-03	5.482051e-05
9.450000e-03	5.480520e-05
9.460000e-03	5.478989e-05
9.470000e-03	5.477459e-05
9.480000e-03	5.475928e-05
9.490000e-03	5.474398e-05
9.500000e-03	5.472867e-05
9.510000e-03	5.471336e-05
9.520000e-03	5.469806e-05
9.530000e-03	5.468275e-05
9.540000e-03	5.466744e-05
9.550000e-03	5.465214e-05
9.560000e-03	5.463683e-05
9.570000e-03	5.462153e-05
9.580000e-03	5.460622e-05
9.590000e-03	5.459091e-05
9.600000e-03	5.457561e-05
9.610000e-03	5.456030e-05
9.620000e-03	5.454499e-05
9.630000e-03	5.452969e-05
9.640000e-03	5.451438e-05
9.650000e-03	5.449908e-05
9.660000e-03	5.448377e-05
9.670000e-03	5.446846e-05
9.680000e-03	5.445316e-05
9.690000e-03	5.443785e-05
9.700000e-03	5.442254e-05
9.710000e-03	5.440724e-05
9.720000e-03	5.439193e-05
9.730000e-03	5.437663e-05
9.740000e-03	5.436132e-05
9.750000e-03	5.434601e-05
9.760000e-03	5.433071e-05
9.770000e-03	5.431540e-05
9.780000e-03	5.430009e-05
9.790000e-03	5.428479e-05
9.800000e-03	5.426948e-05
9.810000e-03	5.425418e-05
9.820000e-03	5.423887e-05
9.830000e-03	5.422356e-05
9.840000e-03	5.420826e-05
9.850000e-03	5.419295e-05
9.860000e-03	5.417764e-05
9.870000e-03	5.416234e-05
9.880000e-03	5.414703e-05
9.890000e-03	5.413173e-05
9.900000e-03	5.411642e-05
9.910000e-03	5.410111e-05
9.920000e-03	5.408581e-05
9.930000e-03	5.407050e-05
9.940000e-03	5.405519e-05
9.950000e-03	5.403989e-05
9.960000e-03	5.402458e-05
9.970000e-03	5.400928e-05
9.980000e-03	5.399397e-05
9.990000e-03	5.397866e-05
1.000000e-02	5.396336e-05
1.001000e-02	5.394805e-05
1.002000e-02	5.393274e-05
1.003000e-02	5.391744e-05
1.004000e-02	5.390213e-05
1.005000e-02	5.388683e-05
1.006000e-02	5.387152e-05
1.007000e-02	5.385621e-05
1.008000e-02	5.384091e-05
1.009000e-02	5.382560e-05
1.010000e-02	5.381029e-05
1.011000e-02	5.379499e-05
1.012000e-02	5.377968e-05
1.013000e-02	5.376438e-05
1.014000e-02	5.374907e-05
1.015000e-02	5.373376e-05
1.016000e-02	5.371846e-05
1.017000e-02	5.370315e-05
1.018000e-02	5.368784e-05
1.019000e-02	5.367254e-05
1.020000e-02	5.365723e-05
1.021000e-02	5.364193e-05
1.022000e-02	5.362662e-05
1.023000e-02	5.361131e-05
1.024000e-02	5.359601e-05
1.025000e-02	5.358070e-05
1.026000e-02	5.356539e-05
1.027000e-02	5.355009e-05
1.028000e-02	5.353478e-05
1.029000e-02	5.351948e-05
1.030000e-02	5.350417e-05
1.031000e-02	5.348886e-05
1.032000e-02	5.347356e-05
1.033000e-02	5.345825e-05
1.034000e-02	5.344294e-05
1.035000e-02	5.342764e-05
1.036000e-02	5.341233e-05
1.037000e-02	5.339703e-05
1.038000e-02	5.338172e-05
1.039000e-02	5.336641e-05
1.040000e-02	5.335111e-05
1.041000e-02	5.333580e-05
1.042000e-02	5.332049e-05
1.043000e-02	5.330519e-05
1.044000e-02	5.328988e-05
1.045000e-02	5.327458e-05
1.046000e-02	5.325927e-05
1.047000e-02	5.324396e-05
1.048000e-02	5.322866e-05
1.049000e-02	5.321335e-05
1.050000e-02	5.319804e-05
1.051000e-02	5.318274e-05
1.052000e-02	5.316743e-05
1.053000e-02	5.315213e-05
1.054000e-02	5.313682e-05
1.055000e-02	5.312151e-05
1.056000e-02	5.310621e-05
1.057000e-02	5.309090e-05
1.058000e-02	5.307559e-05
1.059000e-02	5.306029e-05
1.060000e-02	5.304498e-05
1.061000e-02	5.302968e-05
1.062000e-02	5.301437e-05
1.063000e-02	5.299906e-05
1.064000e-02	5.298376e-05
1.065000e-02	5.296845e-05
1.066000e-02	5.295314e-05
1.067000e-02	5.293784e-05
1.068000e-02	5.292253e-05
1.069000e-02	5.290723e-05
1.070000e-02	5.289192e-05
1.071000e-02	5.287661e-05
1.072000e-02	5.286131e-05
1.073000e-02	5.284600e-05
1.074000e-02	5.283069e-05
1.075000e-02	5.281539e-05
1.076000e-02	5.280008e-05
1.077000e-02	5.278478e-05
1.078000e-02	5.276947e-05
1.079000e-02	5.275416e-05
1.080000e-02	5.273886e-05
1.081000e-02	5.272355e-05
1.082000e-02	5.270824e-05
1.083000e-02	5.269294e-05
1.084000e-02	5.267763e-05
1.085000e-02	5.266233e-05
1.086000e-02	5.264702e-05
1.087000e-02	5.263171e-05
1.088000e-02	5.261641e-05
1.089000e-02	5.260110e-05
1.090000e-02	5.258579e-05
1.091000e-02	5.257049e-05
1.092000e-02	5.255518e-05
1.093000e-02	5.253988e-05
1.094000e-02	5.252457e-05
1.095000e-02	5.250926e-05
1.096000e-02	5.249396e-05
1.097000e-02	5.247865e-05
1.098000e-02	5.246334e-05
1.099000e-02	5.244804e-05
1.100000e-02	5.243273e-05
1.101000e-02	5.241743e-05
1.102000e-02	5.240212e-05
1.103000e-02	5.238681e-05
1.104000e-02	5.237151e-05
1.105000e-02	5.235620e-05
1.106000e-02	5.234089e-05
1.107000e-02	5.232559e-05
1.108000e-02	5.231683e-05
1.109000e-02	5.230808e-05
1.110000e-02	5.229933e-05
1.111000e-02	5.229057e-05
1.112000e-02	5.228182e-05
1.113000e-02	5.227306e-05
1.114000e-02	5.226431e-05
1.115000e-02	5.225556e-05
1.116000e-02	5.224680e-05
1.117000e-02	5.223805e-05
1.118000e-02	5.222929e-05
1.119000e-02	5.222054e-05
1.120000e-02	5.221179e-05
1.121000e-02	5.220303e-05
1.122000e-02	5.219428e-05
1.123000e-02	5.218552e-05
1.124000e-02	5.217677e-05
1.125000e-02	5.216802e-05
1.126000e-02	5.215926e-05
1.127000e-02	5.215051e-05
1.128000e-02	5.214175e-05
1.129000e-02	5.213300e-05
1.130000e-02	5.212425e-05
1.131000e-02	5.211549e-05
1.132000e-02	5.210674e-05
1.133000e-02	5.209798e-05
1.134000e-02	5.208923e-05
1.135000e-02	5.208048e-05
1.136000e-02	5.207172e-05
1.137000e-02	5.206297e-05
1.138000e-02	5.205421e-05
1.139000e-02	5.204546e-05
1.140000e-02	5.203671e-05
1.141000e-02	5.202795e-05
1.142000e-02	5.201920e-05
1.143000e-02	5.201044e-05
1.144000e-02	5.200169e-05
1.145000e-02	5.199294e-05
1.146000e-02	5.198418e-05
1.147000e-02	5.197543e-05
1.148000e-02	5.196667e-05
1.149000e-02	5.195792e-05
1.150000e-02	5.194917e-05
1.151000e-02	5.194041e-05
1.152000e-02	5.193166e-05
1.153000e-02	5.192290e-05
1.154000e-02	5.191415e-05
1.155000e-02	5.190539e-05
1.156000e-02	5.189664e-05
1.157000e-02	5.188789e-05
1.158000e-02	5.187913e-05
1.159000e-02	5.187038e-05
1.160000e-02	5.186162e-05
1.161000e-02	5.185287e-05
1.162000e-02	5.184412e-05
1.163000e-02	5.183536e-05
1.164000e-02	5.182661e-05
1.165000e-02	5.181785e-05
1.166000e-02	5.180910e-05
1.167000e-02	5.180035e-05
1.168000e-02	5.179159e-05
1.169000e-02	5.178284e-05
1.170000e-02	5.177408e-05
1.171000e-02	5.176533e-05
1.172000e-02	5.175658e-05
1.173000e-02	5.174782e-05
1.174000e-02	5.173907e-05
1.175000e-02	5.173031e-05
1.176000e-02	5.172156e-05
1.177000e-02	5.171281e-05
1.178000e-02	5.170405e-05
1.179000e-02	5.169530e-05
1.180000e-02	5.168654e-05
1.181000e-02	5.167779e-05
1.182000e-02	5.166904e-05
1.183000e-02	5.166028e-05
1.184000e-02	5.165153e-05
1.185000e-02	5.164277e-05
1.186000e-02	5.163402e-05
1.187000e-02	5.162527e-05
1.188000e-02	5.161651e-05
1.189000e-02	5.160776e-05
1.190000e-02	5.159900e-05
1.191000e-02	5.159025e-05
1.192000e-02	5.158150e-05
1.193000e-02	5.157274e-05
1.194000e-02	5.156399e-05
1.195000e-02	5.155523e-05
1.196000e-02	5.154648e-05
1.197000e-02	5.153773e-05
1.198000e-02	5.152897e-05
1.199000e-02	5.152022e-05
1.200000e-02	5.151146e-05
1.201000e-02	5.150271e-05
1.202000e-02	5.149396e-05
1.203000e-02	5.148520e-05
1.204000e-02	5.147645e-05
1.205000e-02	5.146769e-05
1.206000e-02	5.145894e-05
1.207000e-02	5.145019e-05
1.208000e-02	5.144361e-05
1.209000e-02	5.143704e-05
1.210000e-02	5.143047e-05
1.211000e-02	5.142389e-05
1.212000e-02	5.141732e-05
1.213000e-02	5.141075e-05
1.214000e-02	5.140417e-05
1.215000e-02	5.139760e-05
1.216000e-02	5.139103e-05
1.217000e-02	5.138445e-05
1.218000e-02	5.137788e-05
1.219000e-02	5.137130e-05
1.220000e-02	5.136473e-05
1.221000e-02	5.135816e-05
1.222000e-02	5.135158e-05
1.223000e-02	5.134501e-05
1.224000e-02	5.133844e-05
1.225000e-02	5.133186e-05
1.226000e-02	5.132529e-05
1.227000e-02	5.131872e-05
1.228000e-02	5.131214e-05
1.229000e-02	5.130557e-05
1.230000e-02	5.129900e-05
1.231000e-02	5.129242e-05
1.232000e-02	5.128585e-05
1.233000e-02	5.127928e-05
1.234000e-02	5.127270e-05
1.235000e-02	5.126613e-05
1.236000e-02	5.125956e-05
1.237000e-02	5.125298e-05
1.238000e-02	5.124641e-05
1.239000e-02	5.123984e-05
1.240000e-02	5.123326e-05
1.241000e-02	5.122669e-05
1.242000e-02	5.122012e-05
1.243000e-02	5.121354e-05
1.244000e-02	5.120697e-05
1.245000e-02	5.120040e-05
1.246000e-02	5.119382e-05
1.247000e-02	5.118725e-05
1.248000e-02	5.118068e-05
1.249000e-02	5.117410e-05
1.250000e-02	5.116753e-05
1.251000e-02	5.116096e-05
1.252000e-02	5.115438e-05
1.253000e-02	5.114781e-05
1.254000e-02	5.114124e-05
1.255000e-02	5.113466e-05
1.256000e-02	5.112809e-05
1.257000e-02	5.112152e-05
1.258000e-02	5.111494e-05
1.259000e-02	5.110837e-05
1.260000e-02	5.110180e-05
1.261000e-02	5.109522e-05
1.262000e-02	5.108865e-05
1.263000e-02	5.108208e-05
1.264000e-02	5.107550e-05
1.265000e-02	5.106893e-05
1.266000e-02	5.106235e-05
1.267000e-02	5.105578e-05
1.268000e-02	5.104921e-05
1.269000e-02	5.104263e-05
1.270000e-02	5.103606e-05
1.271000e-02	5.102949e-05
1.272000e-02	5.102291e-05
1.273000e-02	5.101634e-05
1.274000e-02	5.100977e-05
1.275000e-02	5.100319e-05
1.276000e-02	5.099662e-05
1.277000e-02	5.099005e-05
1.278000e-02	5.098347e-05
1.279000e-02	5.097690e-05
1.280000e-02	5.097033e-05
1.281000e-02	5.096375e-05
1.282000e-02	5.095718e-05
1.283000e-02	5.095061e-05
1.284000e-02	5.094403e-05
1.285000e-02	5.093746e-05
1.286000e-02	5.093089e-05
1.287000e-02	5.092431e-05
1.288000e-02	5.091774e-05
1.289000e-02	5.091117e-05
1.290000e-02	5.090459e-05
1.291000e-02	5.089802e-05
1.292000e-02	5.089145e-05
1.293000e-02	5.088487e-05
1.294000e-02	5.087830e-05
1.295000e-02	5.087173e-05
1.296000e-02	5.086515e-05
1.297000e-02	5.085858e-05
1.298000e-02	5.085201e-05
1.299000e-02	5.084543e-05
1.300000e-02	5.083886e-05
1.301000e-02	5.083229e-05
1.302000e-02	5.082571e-05
1.303000e-02	5.081914e-05
1.304000e-02	5.081257e-05
1.305000e-02	5.080599e-05
1.306000e-02	5.079942e-05
1.307000e-02	5.079285e-05
1.308000e-02	5.078854e-05
1.309000e-02	5.078423e-05
1.310000e-02	5.077992e-05
1.311000e-02	5.077562e-05
1.312000e-02	5.077131e-05
1.313000e-02	5.076700e-05
1.314000e-02	5.076269e-05
1.315000e-02	5.075839e-05
1.316000e-02	5.075408e-05
1.317000e-02	5.074977e-05
1.318000e-02	5.074546e-05
1.319000e-02	5.074116e-05
1.320000e-02	5.073685e-05
1.321000e-02	5.073254e-05
1.322000e-02	5.072823e-05
1.323000e-02	5.072393e-05
1.324000e-02	5.071962e-05
1.325000e-02	5.071531e-05
1.326000e-02	5.071100e-05
1.327000e-02	5.070670e-05
1.328000e-02	5.070239e-05
1.329000e-02	5.069808e-05
1.330000e-02	5.069378e-05
1.331000e-02	5.068947e-05
1.332000e-02	5.068516e-05
1.333000e-02	5.068085e-05
1.334000e-02	5.067655e-05
1.335000e-02	5.067224e-05
1.336000e-02	5.066793e-05
1.337000e-02	5.066362e-05
1.338000e-02	5.065932e-05
1.339000e-02	5.065501e-05
1.340000e-02	5.065070e-05
1.341000e-02	5.064639e-05
1.342000e-02	5.064209e-05
1.343000e-02	5.063778e-05
1.344000e-02	5.063347e-05
1.345000e-02	5.062916e-05
1.346000e-02	5.062486e-05
1.347000e-02	5.062055e-05
1.348000e-02	5.061624e-05
1.349000e-02	5.061193e-05
1.350000e-02	5.060763e-05
1.351000e-02	5.060332e-05
1.352000e-02	5.059901e-05
1.353000e-02	5.059471e-05
1.354000e-02	5.059040e-05
1.355000e-02	5.058609e-05
1.356000e-02	5.058178e-05
1.357000e-02	5.057748e-05
1.358000e-02	5.057317e-05
1.359000e-02	5.056886e-05
1.360000e-02	5.056455e-05
1.361000e-02	5.056025e-05
1.362000e-02	5.055594e-05
1.363000e-02	5.055163e-05
1.364000e-02	5.054732e-05
1.365000e-02	5.054302e-05
1.366000e-02	5.053871e-05
1.367000e-02	5.053440e-05
1.368000e-02	5.053009e-05
1.369000e-02	5.052579e-05
1.370000e-02	5.052148e-05
1.371000e-02	5.051717e-05
1.372000e-02	5.051286e-05
1.373000e-02	5.050856e-05
1.374000e-02	5.050425e-05
1.375000e-02	5.049994e-05
1.376000e-02	5.049564e-05
1.377000e-02	5.049133e-05
1.378000e-02	5.048702e-05
1.379000e-02	5.048271e-05
1.380000e-02	5.047841e-05
1.381000e-02	5.047410e-05
1.382000e-02	5.046979e-05
1.383000e-02	5.046548e-05
1.384000e-02	5.046118e-05
1.385000e-02	5.045687e-05
1.386000e-02	5.045256e-05
1.387000e-02	5.044825e-05
1.388000e-02	5.044395e-05
1.389000e-02	5.043964e-05
1.390000e-02	5.043533e-05
1.391000e-02	5.043102e-05
1.392000e-02	5.042672e-05
1.393000e-02	5.042241e-05
1.394000e-02	5.041810e-05
1.395000e-02	5.041379e-05
1.396000e-02	5.040949e-05
1.397000e-02	5.040518e-05
1.398000e-02	5.040087e-05
1.399000e-02	5.039657e-05
1.400000e-02	5.039226e-05
1.401000e-02	5.038795e-05
1.402000e-02	5.038364e-05
1.403000e-02	5.037934e-05
1.404000e-02	5.037503e-05
1.405000e-02	5.037072e-05
1.406000e-02	5.036641e-05
1.407000e-02	5.036211e-05
1.408000e-02	5.036012e-05
1.409000e-02	5.035814e-05
1.410000e-02	5.035616e-05
1.411000e-02	5.035417e-05
1.412000e-02	5.035219e-05
1.413000e-02	5.035021e-05
1.414000e-02	5.034823e-05
1.415000e-02	5.034624e-05
1.416000e-02	5.034426e-05
1.417000e-02	5.034228e-05
1.418000e-02	5.034029e-05
1.419000e-02	5.033831e-05
1.420000e-02	5.033633e-05
1.421000e-02	5.033434e-05
1.422000e-02	5.033236e-05
1.423000e-02	5.033038e-05
1.424000e-02	5.032840e-05
1.425000e-02	5.032641e-05
1.426000e-02	5.032443e-05
1.427000e-02	5.032245e-05
1.428000e-02	5.032046e-05
1.429000e-02	5.031848e-05
1.430000e-02	5.031650e-05
1.431000e-02	5.031451e-05
1.432000e-02	5.031253e-05
1.433000e-02	5.031055e-05
1.434000e-02	5.030856e-05
1.435000e-02	5.030658e-05
1.436000e-02	5.030460e-05
1.437000e-02	5.030262e-05
1.438000e-02	5.030063e-05
1.439000e-02	5.029865e-05
1.440000e-02	5.029667e-05
1.441000e-02	5.029468e-05
1.442000e-02	5.029270e-05
1.443000e-02	5.029072e-05
1.444000e-02	5.028873e-05
1.445000e-02	5.028675e-05
1.446000e-02	5.028477e-05
1.447000e-02	5.028279e-05
1.448000e-02	5.028080e-05
1.449000e-02	5.027882e-05
1.450000e-02	5.027684e-05
1.451000e-02	5.027485e-05
1.452000e-02	5.027287e-05
1.453000e-02	5.027089e-05
1.454000e-02	5.026890e-05
1.455000e-02	5.026692e-05
1.456000e-02	5.026494e-05
1.457000e-02	5.026296e-05
1.458000e-02	5.026097e-05
1.459000e-02	5.025899e-05
1.460000e-02	5.025701e-05
1.461000e-02	5.025502e-05
1.462000e-02	5.025304e-05
1.463000e-02	5.025106e-05
1.464000e-02	5.024907e-05
1.465000e-02	5.024709e-05
1.466000e-02	5.024511e-05
1.467000e-02	5.024313e-05
1.468000e-02	5.024114e-05
1.469000e-02	5.023916e-05
1.470000e-02	5.023718e-05
1.471000e-02	5.023519e-05
1.472000e-02	5.023321e-05
1.473000e-02	5.023123e-05
1.474000e-02	5.022924e-05
1.475000e-02	5.022726e-05
1.476000e-02	5.022528e-05
1.477000e-02	5.022330e-05
1.478000e-02	5.022131e-05
1.479000e-02	5.021933e-05
1.480000e-02	5.021735e-05
1.481000e-02	5.021536e-05
1.482000e-02	5.021338e-05
1.483000e-02	5.021140e-05
1.484000e-02	5.020941e-05
1.485000e-02	5.020743e-05
1.486000e-02	5.020545e-05
1.487000e-02	5.020347e-05
1.488000e-02	5.020148e-05
1.489000e-02	5.019950e-05
1.490000e-02	5.019752e-05
1.491000e-02	5.019553e-05
1.492000e-02	5.019355e-05
1.493000e-02	5.019157e-05
1.494000e-02	5.018958e-05
1.495000e-02	5.018760e-05
1.496000e-02	5.018562e-05
1.497000e-02	5.018364e-05
1.498000e-02	5.018165e-05
1.499000e-02	5.017967e-05
1.500000e-02	5.017769e-05
1.501000e-02	5.017570e-05
1.502000e-02	5.017372e-05
1.503000e-02	5.017174e-05
1.504000e-02	5.016975e-05
1.505000e-02	5.016777e-05
1.506000e-02	5.016579e-05
1.507000e-02	5.016381e-05
1.508000e-02	5.016417e-05
1.509000e-02	5.016454e-05
1.510000e-02	5.016491e-05
1.511000e-02	5.016528e-05
1.512000e-02	5.016565e-05
1.513000e-02	5.016602e-05
1.514000e-02	5.016639e-05
1.515000e-02	5.016676e-05
1.516000e-02	5.016713e-05
1.517000e-02	5.016749e-05
1.518000e-02	5.016786e-05
1.519000e-02	5.016823e-05
1.520000e-02	5.016860e-05
1.521000e-02	5.016897e-05
1.522000e-02	5.016934e-05
1.523000e-02	5.016971e-05
1.524000e-02	5.017008e-05
1.525000e-02	5.017045e-05
1.526000e-02	5.017082e-05
1.527000e-02	5.017118e-05
1.528000e-02	5.017155e-05
1.529000e-02	5.017192e-05
1.530000e-02	5.017229e-05
1.531000e-02	5.017266e-05
1.532000e-02	5.017303e-05
1.533000e-02	5.017340e-05
1.534000e-02	5.017377e-05
1.535000e-02	5.017414e-05
1.536000e-02	5.017450e-05
1.537000e-02	5.017487e-05
1.538000e-02	5.017524e-05
1.539000e-02	5.017561e-05
1.540000e-02	5.017598e-05
1.541000e-02	5.017635e-05
1.542000e-02	5.017672e-05
1.543000e-02	5.017709e-05
1.544000e-02	5.017746e-05
1.545000e-02	5.017782e-05
1.546000e-02	5.017819e-05
1.547000e-02	5.017856e-05
1.548000e-02	5.017893e-05
1.549000e-02	5.017930e-05
1.550000e-02	5.017967e-05
1.551000e-02	5.018004e-05
1.552000e-02	5.018041e-05
1.553000e-02	5.018078e-05
1.554000e-02	5.018115e-05
1.555000e-02	5.018151e-05
1.556000e-02	5.018188e-05
1.557000e-02	5.018225e-05
1.558000e-02	5.018262e-05
1.559000e-02	5.018299e-05
1.560000e-02	5.018336e-05
1.561000e-02	5.018373e-05
1.562000e-02	5.018410e-05
1.563000e-02	5.018447e-05
1.564000e-02	5.018483e-05
1.565000e-02	5.018520e-05
1.566000e-02	5.018557e-05
1.567000e-02	5.018594e-05
1.568000e-02	5.018631e-05
1.569000e-02	5.018668e-05
1.570000e-02	5.018705e-05
1.571000e-02	5.018742e-05
1.572000e-02	5.018779e-05
1.573000e-02	5.018815e-05
1.574000e-02	5.018852e-05
1.575000e-02	5.018889e-05
1.576000e-02	5.018926e-05
1.577000e-02	5.018963e-05
1.578000e-02	5.019000e-05
1.579000e-02	5.019037e-05
1.580000e-02	5.019074e-05
1.581000e-02	5.019111e-05
1.582000e-02	5.019148e-05
1.583000e-02	5.019184e-05
1.584000e-02	5.019221e-05
1.585000e-02	5.019258e-05
1.586000e-02	5.019295e-05
1.587000e-02	5.019332e-05
1.588000e-02	5.019369e-05
1.589000e-02	5.019406e-05
1.590000e-02	5.019443e-05
1.591000e-02	5.019480e-05
1.592000e-02	5.019516e-05
1.593000e-02	5.019553e-05
1.594000e-02	5.019590e-05
1.595000e-02	5.019627e-05
1.596000e-02	5.019664e-05
1.597000e-02	5.019701e-05
1.598000e-02	5.019738e-05
1.599000e-02	5.019775e-05
1.600000e-02	5.019812e-05
1.601000e-02	5.019848e-05
1.602000e-02	5.019885e-05
1.603000e-02	5.019922e-05
1.604000e-02	5.019959e-05
1.605000e-02	5.019996e-05
1.606000e-02	5.020033e-05
1.607000e-02	5.020070e-05
1.608000e-02	5.020341e-05
1.609000e-02	5.020613e-05
1.610000e-02	5.020885e-05
1.611000e-02	5.021156e-05
1.612000e-02	5.021428e-05
1.613000e-02	5.021699e-05
1.614000e-02	5.021971e-05
1.615000e-02	5.022242e-05
1.616000e-02	5.022514e-05
1.617000e-02	5.022786e-05
1.618000e-02	5.023057e-05
1.619000e-02	5.023329e-05
1.620000e-02	5.023600e-05
1.621000e-02	5.023872e-05
1.622000e-02	5.024143e-05
1.623000e-02	5.024415e-05
1.624000e-02	5.024687e-05
1.625000e-02	5.024958e-05
1.626000e-02	5.025230e-05
1.627000e-02	5.025501e-05
1.628000e-02	5.025773e-05
1.629000e-02	5.026044e-05
1.630000e-02	5.026316e-05
1.631000e-02	5.026588e-05
1.632000e-02	5.026859e-05
1.633000e-02	5.027131e-05
1.634000e-02	5.027402e-05
1.635000e-02	5.027674e-05
1.636000e-02	5.027945e-05
1.637000e-02	5.028217e-05
1.638000e-02	5.028488e-05
1.639000e-02	5.028760e-05
1.640000e-02	5.029032e-05
1.641000e-02	5.029303e-05
1.642000e-02	5.029575e-05
1.643000e-02	5.029846e-05
1.644000e-02	5.030118e-05
1.645000e-02	5.030389e-05
1.646000e-02	5.030661e-05
1.647000e-02	5.030933e-05
1.648000e-02	5.031204e-05
1.649000e-02	5.031476e-05
1.650000e-02	5.031747e-05
1.651000e-02	5.032019e-05
1.652000e-02	5.032290e-05
1.653000e-02	5.032562e-05
1.654000e-02	5.032834e-05
1.655000e-02	5.033105e-05
1.656000e-02	5.033377e-05
1.657000e-02	5.033648e-05
1.658000e-02	5.033920e-05
1.659000e-02	5.034191e-05
1.660000e-02	5.034463e-05
1.661000e-02	5.034735e-05
1.662000e-02	5.035006e-05
1.663000e-02	5.035278e-05
1.664000e-02	5.035549e-05
1.665000e-02	5.035821e-05
1.666000e-02	5.036092e-05
1.667000e-02	5.036364e-05
1.668000e-02	5.036636e-05
1.669000e-02	5.036907e-05
1.670000e-02	5.037179e-05
1.671000e-02	5.037450e-05
1.672000e-02	5.037722e-05
1.673000e-02	5.037993e-05
1.674000e-02	5.038265e-05
1.675000e-02	5.038537e-05
1.676000e-02	5.038808e-05
1.677000e-02	5.039080e-05
1.678000e-02	5.039351e-05
1.679000e-02	5.039623e-05
1.680000e-02	5.039894e-05
1.681000e-02	5.040166e-05
1.682000e-02	5.040438e-05
1.683000e-02	5.040709e-05
1.684000e-02	5.040981e-05
1.685000e-02	5.041252e-05
1.686000e-02	5.041524e-05
1.687000e-02	5.041795e-05
1.688000e-02	5.042067e-05
1.689000e-02	5.042339e-05
1.690000e-02	5.042610e-05
1.691000e-02	5.042882e-05
1.692000e-02	5.043153e-05
1.693000e-02	5.043425e-05
1.694000e-02	5.043696e-05
1.695000e-02	5.043968e-05
1.696000e-02	5.044240e-05
1.697000e-02	5.044511e-05
1.698000e-02	5.044783e-05
1.699000e-02	5.045054e-05
1.700000e-02	5.045326e-05
1.701000e-02	5.045597e-05
1.702000e-02	5.045869e-05
1.703000e-02	5.046141e-05
1.704000e-02	5.046412e-05
1.705000e-02	5.046684e-05
1.706000e-02	5.046955e-05
1.707000e-02	5.047227e-05
1.708000e-02	5.048049e-05
1.709000e-02	5.048870e-05
1.710000e-02	5.049692e-05
1.711000e-02	5.050514e-05
1.712000e-02	5.051336e-05
1.713000e-02	5.052157e-05
1.714000e-02	5.052979e-05
1.715000e-02	5.053801e-05
1.716000e-02	5.054623e-05
1.717000e-02	5.055444e-05
1.718000e-02	5.056266e-05
1.719000e-02	5.057088e-05
1.720000e-02	5.057910e-05
1.721000e-02	5.058731e-05
1.722000e-02	5.059553e-05
1.723000e-02	5.060375e-05
1.724000e-02	5.061197e-05
1.725000e-02	5.062018e-05
1.726000e-02	5.062840e-05
1.727000e-02	5.063662e-05
1.728000e-02	5.064484e-05
1.729000e-02	5.065305e-05
1.730000e-02	5.066127e-05
1.731000e-02	5.066949e-05
1.732000e-02	5.067771e-05
1.733000e-02	5.068592e-05
1.734000e-02	5.069414e-05
1.735000e-02	5.070236e-05
1.736000e-02	5.071058e-05
1.737000e-02	5.071879e-05
1.738000e-02	5.072701e-05
1.739000e-02	5.073523e-05
1.740000e-02	5.074345e-05
1.741000e-02	5.075166e-05
1.742000e-02	5.075988e-05
1.743000e-02	5.076810e-05
1.744000e-02	5.077632e-05
1.745000e-02	5.078453e-05
1.746000e-02	5.079275e-05
1.747000e-02	5.080097e-05
1.748000e-02	5.080919e-05
1.749000e-02	5.081740e-05
1.750000e-02	5.082562e-05
1.751000e-02	5.083384e-05
1.752000e-02	5.084206e-05
1.753000e-02	5.085027e-05
1.754000e-02	5.085849e-05
1.755000e-02	5.086671e-05
1.756000e-02	5.087493e-05
1.757000e-02	5.088314e-05
1.758000e-02	5.089136e-05
1.759000e-02	5.089958e-05
1.760000e-02	5.090780e-05
1.761000e-02	5.091601e-05
1.762000e-02	5.092423e-05
1.763000e-02	5.093245e-05
1.764000e-02	5.094067e-05
1.765000e-02	5.094888e-05
1.766000e-02	5.095710e-05
1.767000e-02	5.096532e-05
1.768000e-02	5.097354e-05
1.769000e-02	5.098175e-05
1.770000e-02	5.098997e-05
1.771000e-02	5.099819e-05
1.772000e-02	5.100641e-05
1.773000e-02	5.101462e-05
1.774000e-02	5.102284e-05
1.775000e-02	5.103106e-05
1.776000e-02	5.103928e-05
1.777000e-02	5.104749e-05
1.778000e-02	5.105571e-05
1.779000e-02	5.106393e-05
1.780000e-02	5.107215e-05
1.781000e-02	5.108036e-05
1.782000e-02	5.108858e-05
1.783000e-02	5.109680e-05
1.784000e-02	5.110502e-05
1.785000e-02	5.111323e-05
1.786000e-02	5.112145e-05
1.787000e-02	5.112967e-05
1.788000e-02	5.113789e-05
1.789000e-02	5.114610e-05
1.790000e-02	5.115432e-05
1.791000e-02	5.116254e-05
1.792000e-02	5.117076e-05
1.793000e-02	5.117897e-05
1.794000e-02	5.118719e-05
1.795000e-02	5.119541e-05
1.796000e-02	5.120363e-05
1.797000e-02	5.121184e-05
1.798000e-02	5.122006e-05
1.799000e-02	5.122828e-05
1.800000e-02	5.123650e-05
1.801000e-02	5.124471e-05
1.802000e-02	5.125293e-05
1.803000e-02	5.126115e-05
1.804000e-02	5.126937e-05
1.805000e-02	5.127758e-05
1.806000e-02	5.128580e-05
1.807000e-02	5.129402e-05
1.808000e-02	5.130224e-05
1.809000e-02	5.131045e-05
1.810000e-02	5.131867e-05
1.811000e-02	5.132689e-05
1.812000e-02	5.133511e-05
1.813000e-02	5.134332e-05
1.814000e-02	5.135154e-05
1.815000e-02	5.135976e-05
1.816000e-02	5.136798e-05
1.817000e-02	5.137619e-05
1.818000e-02	5.138441e-05
1.819000e-02	5.139263e-05
1.820000e-02	5.140085e-05
1.821000e-02	5.140906e-05
1.822000e-02	5.141728e-05
1.823000e-02	5.142550e-05
1.824000e-02	5.143372e-05
1.825000e-02	5.144193e-05
1.826000e-02	5.145015e-05
1.827000e-02	5.145837e-05
1.828000e-02	5.146659e-05
1.829000e-02	5.147480e-05
1.830000e-02	5.148302e-05
1.831000e-02	5.149124e-05
1.832000e-02	5.149946e-05
1.833000e-02	5.150768e-05
1.834000e-02	5.151589e-05
1.835000e-02	5.152411e-05
1.836000e-02	5.153233e-05
1.837000e-02	5.154055e-05
1.838000e-02	5.154876e-05
1.839000e-02	5.155698e-05
1.840000e-02	5.156520e-05
1.841000e-02	5.157342e-05
1.842000e-02	5.158163e-05
1.843000e-02	5.158985e-05
1.844000e-02	5.159807e-05
1.845000e-02	5.160629e-05
1.846000e-02	5.161450e-05
1.847000e-02	5.162272e-05
1.848000e-02	5.163094e-05
1.849000e-02	5.163916e-05
1.850000e-02	5.164737e-05
1.851000e-02	5.165559e-05
1.852000e-02	5.166381e-05
1.853000e-02	5.167203e-05
1.854000e-02	5.168024e-05
1.855000e-02	5.168846e-05
1.856000e-02	5.169668e-05
1.857000e-02	5.170490e-05
1.858000e-02	5.171311e-05
1.859000e-02	5.172133e-05
1.860000e-02	5.172955e-05
1.861000e-02	5.173777e-05
1.862000e-02	5.174598e-05
1.863000e-02	5.175420e-05
1.864000e-02	5.176242e-05
1.865000e-02	5.177064e-05
1.866000e-02	5.177885e-05
1.867000e-02	5.178707e-05
1.868000e-02	5.179529e-05
1.869000e-02	5.180351e-05
1.870000e-02	5.181172e-05
1.871000e-02	5.181994e-05
1.872000e-02	5.182816e-05
1.873000e-02	5.183638e-05
1.874000e-02	5.184459e-05
1.875000e-02	5.185281e-05
1.876000e-02	5.186103e-05
1.877000e-02	5.186925e-05
1.878000e-02	5.187746e-05
1.879000e-02	5.188568e-05
1.880000e-02	5.189390e-05
1.881000e-02	5.190212e-05
1.882000e-02	5.191033e-05
1.883000e-02	5.191855e-05
1.884000e-02	5.192677e-05
1.885000e-02	5.193499e-05
1.886000e-02	5.194320e-05
1.887000e-02	5.195142e-05
1.888000e-02	5.195964e-05
1.889000e-02	5.196786e-05
1.890000e-02	5.197607e-05
1.891000e-02	5.198429e-05
1.892000e-02	5.199251e-05
1.893000e-02	5.200073e-05
1.894000e-02	5.200894e-05
1.895000e-02	5.201716e-05
1.896000e-02	5.202538e-05
1.897000e-02	5.203360e-05
1.898000e-02	5.204181e-05
1.899000e-02	5.205003e-05
1.900000e-02	5.205825e-05
1.901000e-02	5.206647e-05
1.902000e-02	5.207468e-05
1.903000e-02	5.208290e-05
1.904000e-02	5.209112e-05
1.905000e-02	5.209934e-05
1.906000e-02	5.210755e-05
1.907000e-02	5.211577e-05
1.908000e-02	5.212399e-05
1.909000e-02	5.213221e-05
1.910000e-02	5.214042e-05
1.911000e-02	5.214864e-05
1.912000e-02	5.215686e-05
1.913000e-02	5.216508e-05
1.914000e-02	5.217329e-05
1.915000e-02	5.218151e-05
1.916000e-02	5.218973e-05
1.917000e-02	5.219795e-05
1.918000e-02	5.220616e-05
1.919000e-02	5.221438e-05
1.920000e-02	5.222260e-05
1.921000e-02	5.223082e-05
1.922000e-02	5.223903e-05
1.923000e-02	5.224725e-05
1.924000e-02	5.225547e-05
1.925000e-02	5.226369e-05
1.926000e-02	5.227190e-05
1.927000e-02	5.228012e-05
1.928000e-02	5.228834e-05
1.929000e-02	5.229656e-05
1.930000e-02	5.230477e-05
1.931000e-02	5.231299e-05
1.932000e-02	5.232121e-05
1.933000e-02	5.232943e-05
1.934000e-02	5.233764e-05
1.935000e-02	5.234586e-05
1.936000e-02	5.235408e-05
1.937000e-02	5.236230e-05
1.938000e-02	5.237051e-05
1.939000e-02	5.237873e-05
1.940000e-02	5.238695e-05
1.941000e-02	5.239517e-05
1.942000e-02	5.240338e-05
1.943000e-02	5.241160e-05
1.944000e-02	5.241982e-05
1.945000e-02	5.242804e-05
1.946000e-02	5.243625e-05
1.947000e-02	5.244447e-05
1.948000e-02	5.245269e-05
1.949000e-02	5.246091e-05
1.950000e-02	5.246912e-05
1.951000e-02	5.247734e-05
1.952000e-02	5.248556e-05
1.953000e-02	5.249378e-05
1.954000e-02	5.250199e-05
1.955000e-02	5.251021e-05
1.956000e-02	5.251843e-05
1.957000e-02	5.252665e-05
1.958000e-02	5.253486e-05
1.959000e-02	5.254308e-05
1.960000e-02	5.255130e-05
1.961000e-02	5.255952e-05
1.962000e-02	5.256773e-05
1.963000e-02	5.257595e-05
1.964000e-02	5.258417e-05
1.965000e-02	5.259239e-05
1.966000e-02	5.260060e-05
1.967000e-02	5.260882e-05
1.968000e-02	5.261704e-05
1.969000e-02	5.262526e-05
1.970000e-02	5.263347e-05
1.971000e-02	5.264169e-05
1.972000e-02	5.264991e-05
1.973000e-02	5.265813e-05
1.974000e-02	5.266634e-05
1.975000e-02	5.267456e-05
1.976000e-02	5.268278e-05
1.977000e-02	5.269100e-05
1.978000e-02	5.269921e-05
1.979000e-02	5.270743e-05
1.980000e-02	5.271565e-05
1.981000e-02	5.272387e-05
1.982000e-02	5.273208e-05
1.983000e-02	5.274030e-05
1.984000e-02	5.274852e-05
1.985000e-02	5.275674e-05
1.986000e-02	5.276495e-05
1.987000e-02	5.277317e-05
1.988000e-02	5.278139e-05
1.989000e-02	5.278961e-05
1.990000e-02	5.279782e-05
1.991000e-02	5.280604e-05
1.992000e-02	5.281426e-05
1.993000e-02	5.282248e-05
1.994000e-02	5.283069e-05
1.995000e-02	5.283891e-05
1.996000e-02	5.284713e-05
1.997000e-02	5.285535e-05
1.998000e-02	5.286356e-05
1.999000e-02	5.287178e-05
2.000000e-02	5.288000e-05
2.001000e-02	5.288822e-05
2.002000e-02	5.289643e-05
2.003000e-02	5.290465e-05
2.004000e-02	5.291287e-05
2.005000e-02	5.292109e-05
2.006000e-02	5.292930e-05
2.007000e-02	5.293752e-05
2.008000e-02	5.294574e-05
2.009000e-02	5.295396e-05
2.010000e-02	5.296217e-05
2.011000e-02	5.297039e-05
2.012000e-02	5.297861e-05
2.013000e-02	5.298683e-05
2.014000e-02	5.299504e-05
2.015000e-02	5.300326e-05
2.016000e-02	5.301148e-05
2.017000e-02	5.301970e-05
2.018000e-02	5.302791e-05
2.019000e-02	5.303613e-05
2.020000e-02	5.304435e-05
2.021000e-02	5.305257e-05
2.022000e-02	5.306078e-05
2.023000e-02	5.306900e-05
2.024000e-02	5.307722e-05
2.025000e-02	5.308544e-05
2.026000e-02	5.309366e-05
2.027000e-02	5.310187e-05
2.028000e-02	5.311009e-05
2.029000e-02	5.311831e-05
2.030000e-02	5.312653e-05
2.031000e-02	5.313474e-05
2.032000e-02	5.314296e-05
2.033000e-02	5.315118e-05
2.034000e-02	5.315940e-05
2.035000e-02	5.316761e-05
2.036000e-02	5.317583e-05
2.037000e-02	5.318405e-05
2.038000e-02	5.319227e-05
2.039000e-02	5.320048e-05
2.040000e-02	5.320870e-05
2.041000e-02	5.321692e-05
2.042000e-02	5.322514e-05
2.043000e-02	5.323335e-05
2.044000e-02	5.324157e-05
2.045000e-02	5.324979e-05
2.046000e-02	5.325801e-05
2.047000e-02	5.326622e-05
2.048000e-02	5.327444e-05
2.049000e-02	5.328266e-05
2.050000e-02	5.329088e-05
2.051000e-02	5.329909e-05
2.052000e-02	5.330731e-05
2.053000e-02	5.331553e-05
2.054000e-02	5.332375e-05
2.055000e-02	5.333196e-05
2.056000e-02	5.334018e-05
2.057000e-02	5.334840e-05
2.058000e-02	5.335662e-05
2.059000e-02	5.336483e-05
2.060000e-02	5.337305e-05
2.061000e-02	5.338127e-05
2.062000e-02	5.338949e-05
2.063000e-02	5.339770e-05
2.064000e-02	5.340592e-05
2.065000e-02	5.341414e-05
2.066000e-02	5.342236e-05
2.067000e-02	5.343057e-05
2.068000e-02	5.343879e-05
2.069000e-02	5.344701e-05
2.070000e-02	5.345523e-05
2.071000e-02	5.346344e-05
2.072000e-02	5.347166e-05
2.073000e-02	5.347988e-05
2.074000e-02	5.348810e-05
2.075000e-02	5.349631e-05
2.076000e-02	5.350453e-05
2.077000e-02	5.351275e-05
2.078000e-02	5.352097e-05
2.079000e-02	5.352918e-05
2.080000e-02	5.353740e-05
2.081000e-02	5.354562e-05
2.082000e-02	5.355384e-05
2.083000e-02	5.356205e-05
2.084000e-02	5.357027e-05
2.085000e-02	5.357849e-05
2.086000e-02	5.358671e-05
2.087000e-02	5.359492e-05
2.088000e-02	5.360314e-05
2.089000e-02	5.361136e-05
2.090000e-02	5.361958e-05
2.091000e-02	5.362779e-05
2.092000e-02	5.363601e-05
2.093000e-02	5.364423e-05
2.094000e-02	5.365245e-05
2.095000e-02	5.366066e-05
2.096000e-02	5.366888e-05
2.097000e-02	5.367710e-05
2.098000e-02	5.368532e-05
2.099000e-02	5.369353e-05
2.100000e-02	5.370175e-05
2.101000e-02	5.371498e-05
2.102000e-02	5.372822e-05
2.103000e-02	5.374145e-05
2.104000e-02	5.375468e-05
2.105000e-02	5.376791e-05
2.106000e-02	5.378114e-05
2.107000e-02	5.379438e-05
2.108000e-02	5.380761e-05
2.109000e-02	5.382084e-05
2.110000e-02	5.383407e-05
2.111000e-02	5.384731e-05
2.112000e-02	5.386054e-05
2.113000e-02	5.387377e-05
2.114000e-02	5.388700e-05
2.115000e-02	5.390024e-05
2.116000e-02	5.391347e-05
2.117000e-02	5.392670e-05
2.118000e-02	5.393993e-05
2.119000e-02	5.395316e-05
2.120000e-02	5.396640e-05
2.121000e-02	5.397963e-05
2.122000e-02	5.399286e-05
2.123000e-02	5.400609e-05
2.124000e-02	5.401933e-05
2.125000e-02	5.403256e-05
2.126000e-02	5.404579e-05
2.127000e-02	5.405902e-05
2.128000e-02	5.407226e-05
2.129000e-02	5.408549e-05
2.130000e-02	5.409872e-05
2.131000e-02	5.411195e-05
2.132000e-02	5.412518e-05
2.133000e-02	5.413842e-05
2.134000e-02	5.415165e-05
2.135000e-02	5.416488e-05
2.136000e-02	5.417811e-05
2.137000e-02	5.419135e-05
2.138000e-02	5.420458e-05
2.139000e-02	5.421781e-05
2.140000e-02	5.423104e-05
2.141000e-02	5.424428e-05
2.142000e-02	5.425751e-05
2.143000e-02	5.427074e-05
2.144000e-02	5.428397e-05
2.145000e-02	5.429720e-05
2.146000e-02	5.431044e-05
2.147000e-02	5.432367e-05
2.148000e-02	5.433690e-05
2.149000e-02	5.435013e-05
2.150000e-02	5.436337e-05
2.151000e-02	5.437660e-05
2.152000e-02	5.438983e-05
2.153000e-02	5.440306e-05
2.154000e-02	5.441630e-05
2.155000e-02	5.442953e-05
2.156000e-02	5.444276e-05
2.157000e-02	5.445599e-05
2.158000e-02	5.446922e-05
2.159000e-02	5.448246e-05
2.160000e-02	5.449569e-05
2.161000e-02	5.450892e-05
2.162000e-02	5.452215e-05
2.163000e-02	5.453539e-05
2.164000e-02	5.454862e-05
2.165000e-02	5.456185e-05
2.166000e-02	5.457508e-05
2.167000e-02	5.458832e-05
2.168000e-02	5.460155e-05
2.169000e-02	5.461478e-05
2.170000e-02	5.462801e-05
2.171000e-02	5.464124e-05
2.172000e-02	5.465448e-05
2.173000e-02	5.466771e-05
2.174000e-02	5.468094e-05
2.175000e-02	5.469417e-05
2.176000e-02	5.470741e-05
2.177000e-02	5.472064e-05
2.178000e-02	5.473387e-05
2.179000e-02	5.474710e-05
2.180000e-02	5.476034e-05
2.181000e-02	5.477357e-05
2.182000e-02	5.478680e-05
2.183000e-02	5.480003e-05
2.184000e-02	5.481326e-05
2.185000e-02	5.482650e-05
2.186000e-02	5.483973e-05
2.187000e-02	5.485296e-05
2.188000e-02	5.486619e-05
2.189000e-02	5.487943e-05
2.190000e-02	5.489266e-05
2.191000e-02	5.490589e-05
2.192000e-02	5.491912e-05
2.193000e-02	5.493236e-05
2.194000e-02	5.494559e-05
2.195000e-02	5.495882e-05
2.196000e-02	5.497205e-05
2.197000e-02	5.498528e-05
2.198000e-02	5.499852e-05
2.199000e-02	5.501175e-05
2.200000e-02	5.502498e-05
2.201000e-02	5.504000e-05
2.202000e-02	5.505501e-05
2.203000e-02	5.507003e-05
2.204000e-02	5.508505e-05
2.205000e-02	5.510006e-05
2.206000e-02	5.511508e-05
2.207000e-02	5.513009e-05
2.208000e-02	5.514511e-05
2.209000e-02	5.516013e-05
2.210000e-02	5.517514e-05
2.211000e-02	5.519016e-05
2.212000e-02	5.520517e-05
2.213000e-02	5.522019e-05
2.214000e-02	5.523521e-05
2.215000e-02	5.525022e-05
2.216000e-02	5.526524e-05
2.217000e-02	5.528026e-05
2.218000e-02	5.529527e-05
2.219000e-02	5.531029e-05
2.220000e-02	5.532530e-05
2.221000e-02	5.534032e-05
2.222000e-02	5.535534e-05
2.223000e-02	5.537035e-05
2.224000e-02	5.538537e-05
2.225000e-02	5.540038e-05
2.226000e-02	5.541540e-05
2.227000e-02	5.543042e-05
2.228000e-02	5.544543e-05
2.229000e-02	5.546045e-05
2.230000e-02	5.547547e-05
2.231000e-02	5.549048e-05
2.232000e-02	5.550550e-05
2.233000e-02	5.552051e-05
2.234000e-02	5.553553e-05
2.235000e-02	5.555055e-05
2.236000e-02	5.556556e-05
2.237000e-02	5.558058e-05
2.238000e-02	5.559559e-05
2.239000e-02	5.561061e-05
2.240000e-02	5.562563e-05
2.241000e-02	5.564064e-05
2.242000e-02	5.565566e-05
2.243000e-02	5.567068e-05
2.244000e-02	5.568569e-05
2.245000e-02	5.570071e-05
2.246000e-02	5.571572e-05
2.247000e-02	5.573074e-05
2.248000e-02	5.574576e-05
2.249000e-02	5.576077e-05
2.250000e-02	5.577579e-05
2.251000e-02	5.579080e-05
2.252000e-02	5.580582e-05
2.253000e-02	5.582084e-05
2.254000e-02	5.583585e-05
2.255000e-02	5.585087e-05
2.256000e-02	5.586589e-05
2.257000e-02	5.588090e-05
2.258000e-02	5.589592e-05
2.259000e-02	5.591093e-05
2.260000e-02	5.592595e-05
2.261000e-02	5.594097e-05
2.262000e-02	5.595598e-05
2.263000e-02	5.597100e-05
2.264000e-02	5.598601e-05
2.265000e-02	5.600103e-05
2.266000e-02	5.601605e-05
2.267000e-02	5.603106e-05
2.268000e-02	5.604608e-05
2.269000e-02	5.606110e-05
2.270000e-02	5.607611e-05
2.271000e-02	5.609113e-05
2.272000e-02	5.610614e-05
2.273000e-02	5.612116e-05
2.274000e-02	5.613618e-05
2.275000e-02	5.615119e-05
2.276000e-02	5.616621e-05
2.277000e-02	5.618122e-05
2.278000e-02	5.619624e-05
2.279000e-02	5.621126e-05
2.280000e-02	5.622627e-05
2.281000e-02	5.624129e-05
2.282000e-02	5.625631e-05
2.283000e-02	5.627132e-05
2.284000e-02	5.628634e-05
2.285000e-02	5.630135e-05
2.286000e-02	5.631637e-05
2.287000e-02	5.633139e-05
2.288000e-02	5.634640e-05
2.289000e-02	5.636142e-05
2.290000e-02	5.637643e-05
2.291000e-02	5.639145e-05
2.292000e-02	5.640647e-05
2.293000e-02	5.642148e-05
2.294000e-02	5.643650e-05
2.295000e-02	5.645152e-05
2.296000e-02	5.646653e-05
2.297000e-02	5.648155e-05
2.298000e-02	5.649656e-05
2.299000e-02	5.651158e-05
2.300000e-02	5.652660e-05
2.301000e-02	5.654326e-05
2.302000e-02	5.655992e-05
2.303000e-02	5.657658e-05
2.304000e-02	5.659324e-05
2.305000e-02	5.660991e-05
2.306000e-02	5.662657e-05
2.307000e-02	5.664323e-05
2.308000e-02	5.665989e-05
2.309000e-02	5.667655e-05
2.310000e-02	5.669322e-05
2.311000e-02	5.670988e-05
2.312000e-02	5.672654e-05
2.313000e-02	5.674320e-05
2.314000e-02	5.675986e-05
2.315000e-02	5.677653e-05
2.316000e-02	5.679319e-05
2.317000e-02	5.680985e-05
2.318000e-02	5.682651e-05
2.319000e-02	5.684317e-05
2.320000e-02	5.685984e-05
2.321000e-02	5.687650e-05
2.322000e-02	5.689316e-05
2.323000e-02	5.690982e-05
2.324000e-02	5.692648e-05
2.325000e-02	5.694314e-05
2.326000e-02	5.695981e-05
2.327000e-02	5.697647e-05
2.328000e-02	5.699313e-05
2.329000e-02	5.700979e-05
2.330000e-02	5.702645e-05
2.331000e-02	5.704312e-05
2.332000e-02	5.705978e-05
2.333000e-02	5.707644e-05
2.334000e-02	5.709310e-05
2.335000e-02	5.710976e-05
2.336000e-02	5.712643e-05
2.337000e-02	5.714309e-05
2.338000e-02	5.715975e-05
2.339000e-02	5.717641e-05
2.340000e-02	5.719307e-05
2.341000e-02	5.720974e-05
2.342000e-02	5.722640e-05
2.343000e-02	5.724306e-05
2.344000e-02	5.725972e-05
2.345000e-02	5.727638e-05
2.346000e-02	5.729305e-05
2.347000e-02	5.730971e-05
2.348000e-02	5.732637e-05
2.349000e-02	5.734303e-05
2.350000e-02	5.735969e-05
2.351000e-02	5.737635e-05
2.352000e-02	5.739302e-05
2.353000e-02	5.740968e-05
2.354000e-02	5.742634e-05
2.355000e-02	5.744300e-05
2.356000e-02	5.745966e-05
2.357000e-02	5.747633e-05
2.358000e-02	5.749299e-05
2.359000e-02	5.750965e-05
2.360000e-02	5.752631e-05
2.361000e-02	5.754297e-05
2.362000e-02	5.755964e-05
2.363000e-02	5.757630e-05
2.364000e-02	5.759296e-05
2.365000e-02	5.760962e-05
2.366000e-02	5.762628e-05
2.367000e-02	5.764295e-05
2.368000e-02	5.765961e-05
2.369000e-02	5.767627e-05
2.370000e-02	5.769293e-05
2.371000e-02	5.770959e-05
2.372000e-02	5.772626e-05
2.373000e-02	5.774292e-05
2.374000e-02	5.775958e-05
2.375000e-02	5.777624e-05
2.376000e-02	5.779290e-05
2.377000e-02	5.780956e-05
2.378000e-02	5.782623e-05
2.379000e-02	5.784289e-05
2.380000e-02	5.785955e-05
2.381000e-02	5.787621e-05
2.382000e-02	5.789287e-05
2.383000e-02	5.790954e-05
2.384000e-02	5.792620e-05
2.385000e-02	5.794286e-05
2.386000e-02	5.795952e-05
2.387000e-02	5.797618e-05
2.388000e-02	5.799285e-05
2.389000e-02	5.800951e-05
2.390000e-02	5.802617e-05
2.391000e-02	5.804283e-05
2.392000e-02	5.805949e-05
2.393000e-02	5.807616e-05
2.394000e-02	5.809282e-05
2.395000e-02	5.810948e-05
2.396000e-02	5.812614e-05
2.397000e-02	5.814280e-05
2.398000e-02	5.815947e-05
2.399000e-02	5.817613e-05
2.400000e-02	5.819279e-05
2.401000e-02	5.821096e-05
2.402000e-02	5.822913e-05
2.403000e-02	5.824730e-05
2.404000e-02	5.826547e-05
2.405000e-02	5.828364e-05
2.406000e-02	5.830181e-05
2.407000e-02	5.831998e-05
2.408000e-02	5.833815e-05
2.409000e-02	5.835632e-05
2.410000e-02	5.837450e-05
2.411000e-02	5.839267e-05
2.412000e-02	5.841084e-05
2.413000e-02	5.842901e-05
2.414000e-02	5.844718e-05
2.415000e-02	5.846535e-05
2.416000e-02	5.848352e-05
2.417000e-02	5.850169e-05
2.418000e-02	5.851986e-05
2.419000e-02	5.853803e-05
2.420000e-02	5.855620e-05
2.421000e-02	5.857437e-05
2.422000e-02	5.859254e-05
2.423000e-02	5.861071e-05
2.424000e-02	5.862888e-05
2.425000e-02	5.864706e-05
2.426000e-02	5.866523e-05
2.427000e-02	5.868340e-05
2.428000e-02	5.870157e-05
2.429000e-02	5.871974e-05
2.430000e-02	5.873791e-05
2.431000e-02	5.875608e-05
2.432000e-02	5.877425e-05
2.433000e-02	5.879242e-05
2.434000e-02	5.881059e-05
2.435000e-02	5.882876e-05
2.436000e-02	5.884693e-05
2.437000e-02	5.886510e-05
2.438000e-02	5.888327e-05
2.439000e-02	5.890144e-05
2.440000e-02	5.891961e-05
2.441000e-02	5.893779e-05
2.442000e-02	5.895596e-05
2.443000e-02	5.897413e-05
2.444000e-02	5.899230e-05
2.445000e-02	5.901047e-05
2.446000e-02	5.902864e-05
2.447000e-02	5.904681e-05
2.448000e-02	5.906498e-05
2.449000e-02	5.908315e-05
2.450000e-02	5.910132e-05
2.451000e-02	5.911949e-05
2.452000e-02	5.913766e-05
2.453000e-02	5.915583e-05
2.454000e-02	5.917400e-05
2.455000e-02	5.919217e-05
2.456000e-02	5.921034e-05
2.457000e-02	5.922852e-05
2.458000e-02	5.924669e-05
2.459000e-02	5.926486e-05
2.460000e-02	5.928303e-05
2.461000e-02	5.930120e-05
2.462000e-02	5.931937e-05
2.463000e-02	5.933754e-05
2.464000e-02	5.935571e-05
2.465000e-02	5.937388e-05
2.466000e-02	5.939205e-05
2.467000e-02	5.941022e-05
2.468000e-02	5.942839e-05
2.469000e-02	5.944656e-05
2.470000e-02	5.946473e-05
2.471000e-02	5.948290e-05
2.472000e-02	5.950107e-05
2.473000e-02	5.951925e-05
2.474000e-02	5.953742e-05
2.475000e-02	5.955559e-05
2.476000e-02	5.957376e-05
2.477000e-02	5.959193e-05
2.478000e-02	5.961010e-05
2.479000e-02	5.962827e-05
2.480000e-02	5.964644e-05
2.481000e-02	5.966461e-05
2.482000e-02	5.968278e-05
2.483000e-02	5.970095e-05
2.484000e-02	5.971912e-05
2.485000e-02	5.973729e-05
2.486000e-02	5.975546e-05
2.487000e-02	5.977363e-05
2.488000e-02	5.979180e-05
2.489000e-02	5.980998e-05
2.490000e-02	5.982815e-05
2.491000e-02	5.984632e-05
2.492000e-02	5.986449e-05
2.493000e-02	5.988266e-05
2.494000e-02	5.990083e-05
2.495000e-02	5.991900e-05
2.496000e-02	5.993717e-05
2.497000e-02	5.995534e-05
2.498000e-02	5.997351e-05
2.499000e-02	5.999168e-05
