z1_new_m	d2_new_long_m
1.000000e-03	7.482046e-05
1.010000e-03	7.479984e-05
1.020000e-03	7.477922e-05
1.030000e-03	7.475860e-05
1.040000e-03	7.473798e-05
1.050000e-03	7.471736e-05
1.060000e-03	7.469674e-05
1.070000e-03	7.467612e-05
1.080000e-03	7.465550e-05
1.090000e-03	7.463488e-05
1.100000e-03	7.461426e-05
1.110000e-03	7.459364e-05
1.120000e-03	7.457302e-05
1.130000e-03	7.455240e-05
1.140000e-03	7.453178e-05
1.150000e-03	7.451116e-05
1.160000e-03	7.449054e-05
1.170000e-03	7.446992e-05
1.180000e-03	7.444930e-05
1.190000e-03	7.442869e-05
1.200000e-03	7.440807e-05
1.210000e-03	7.438745e-05
1.220000e-03	7.436683e-05
1.230000e-03	7.434621e-05
1.240000e-03	7.432559e-05
1.250000e-03	7.430497e-05
1.260000e-03	7.428435e-05
1.270000e-03	7.426373e-05
1.280000e-03	7.424311e-05
1.290000e-03	7.422249e-05
1.300000e-03	7.420187e-05
1.310000e-03	7.418125e-05
1.320000e-03	7.416063e-05
1.330000e-03	7.414001e-05
1.340000e-03	7.411939e-05
1.350000e-03	7.409877e-05
1.360000e-03	7.407815e-05
1.370000e-03	7.405753e-05
1.380000e-03	7.403691e-05
1.390000e-03	7.401629e-05
1.400000e-03	7.399568e-05
1.410000e-03	7.397506e-05
1.420000e-03	7.395444e-05
1.430000e-03	7.393382e-05
1.440000e-03	7.391320e-05
1.450000e-03	7.389258e-05
1.460000e-03	7.387196e-05
1.470000e-03	7.385134e-05
1.480000e-03	7.383072e-05
1.490000e-03	7.381010e-05
1.500000e-03	7.378948e-05
1.510000e-03	7.376886e-05
1.520000e-03	7.374824e-05
1.530000e-03	7.372762e-05
1.540000e-03	7.370700e-05
1.550000e-03	7.368638e-05
1.560000e-03	7.366576e-05
1.570000e-03	7.364514e-05
1.580000e-03	7.362452e-05
1.590000e-03	7.360390e-05
1.600000e-03	7.358328e-05
1.610000e-03	7.356267e-05
1.620000e-03	7.354205e-05
1.630000e-03	7.352143e-05
1.640000e-03	7.350081e-05
1.650000e-03	7.348019e-05
1.660000e-03	7.345957e-05
1.670000e-03	7.343895e-05
1.680000e-03	7.341833e-05
1.690000e-03	7.339771e-05
1.700000e-03	7.337709e-05
1.710000e-03	7.335647e-05
1.720000e-03	7.333585e-05
1.730000e-03	7.331523e-05
1.740000e-03	7.329461e-05
1.750000e-03	7.327399e-05
1.760000e-03	7.325337e-05
1.770000e-03	7.323275e-05
1.780000e-03	7.321213e-05
1.790000e-03	7.319151e-05
1.800000e-03	7.317089e-05
1.810000e-03	7.315028e-05
1.820000e-03	7.312966e-05
1.830000e-03	7.310904e-05
1.840000e-03	7.308842e-05
1.850000e-03	7.306780e-05
1.860000e-03	7.304718e-05
1.870000e-03	7.302656e-05
1.880000e-03	7.300594e-05
1.890000e-03	7.298532e-05
1.900000e-03	7.296470e-05
1.910000e-03	7.294408e-05
1.920000e-03	7.292346e-05
1.930000e-03	7.290284e-05
1.940000e-03	7.288222e-05
1.950000e-03	7.286160e-05
1.960000e-03	7.284098e-05
1.970000e-03	7.282036e-05
1.980000e-03	7.279974e-05
1.990000e-03	7.277912e-05
2.000000e-03	7.275850e-05
2.010000e-03	7.273890e-05
2.020000e-03	7.271930e-05
2.030000e-03	7.269970e-05
2.040000e-03	7.268010e-05
2.050000e-03	7.266050e-05
2.060000e-03	7.264090e-05
2.070000e-03	7.262130e-05
2.080000e-03	7.260170e-05
2.090000e-03	7.258210e-05
2.100000e-03	7.256250e-05
2.110000e-03	7.254290e-05
2.120000e-03	7.252330e-05
2.130000e-03	7.250370e-05
2.140000e-03	7.248410e-05
2.150000e-03	7.246450e-05
2.160000e-03	7.244490e-05
2.170000e-03	7.242530e-05
2.180000e-03	7.240570e-05
2.190000e-03	7.238610e-05
2.200000e-03	7.236649e-05
2.210000e-03	7.234689e-05
2.220000e-03	7.232729e-05
2.230000e-03	7.230769e-05
2.240000e-03	7.228809e-05
2.250000e-03	7.226849e-05
2.260000e-03	7.224889e-05
2.270000e-03	7.222929e-05
2.280000e-03	7.220969e-05
2.290000e-03	7.219009e-05
2.300000e-03	7.217049e-05
2.310000e-03	7.215089e-05
2.320000e-03	7.213129e-05
2.330000e-03	7.211169e-05
2.340000e-03	7.209209e-05
2.350000e-03	7.207249e-05
2.360000e-03	7.205289e-05
2.370000e-03	7.203329e-05
2.380000e-03	7.201369e-05
2.390000e-03	7.199409e-05
2.400000e-03	7.197449e-05
2.410000e-03	7.195488e-05
2.420000e-03	7.193528e-05
2.430000e-03	7.191568e-05
2.440000e-03	7.189608e-05
2.450000e-03	7.187648e-05
2.460000e-03	7.185688e-05
2.470000e-03	7.183728e-05
2.480000e-03	7.181768e-05
2.490000e-03	7.179808e-05
2.500000e-03	7.177848e-05
2.510000e-03	7.175888e-05
2.520000e-03	7.173928e-05
2.530000e-03	7.171968e-05
2.540000e-03	7.170008e-05
2.550000e-03	7.168048e-05
2.560000e-03	7.166088e-05
2.570000e-03	7.164128e-05
2.580000e-03	7.162168e-05
2.590000e-03	7.160208e-05
2.600000e-03	7.158248e-05
2.610000e-03	7.156288e-05
2.620000e-03	7.154328e-05
2.630000e-03	7.152367e-05
2.640000e-03	7.150407e-05
2.650000e-03	7.148447e-05
2.660000e-03	7.146487e-05
2.670000e-03	7.144527e-05
2.680000e-03	7.142567e-05
2.690000e-03	7.140607e-05
2.700000e-03	7.138647e-05
2.710000e-03	7.136687e-05
2.720000e-03	7.134727e-05
2.730000e-03	7.132767e-05
2.740000e-03	7.130807e-05
2.750000e-03	7.128847e-05
2.760000e-03	7.126887e-05
2.770000e-03	7.124927e-05
2.780000e-03	7.122967e-05
2.790000e-03	7.121007e-05
2.800000e-03	7.119047e-05
2.810000e-03	7.117087e-05
2.820000e-03	7.115127e-05
2.830000e-03	7.113167e-05
2.840000e-03	7.111206e-05
2.850000e-03	7.109246e-05
2.860000e-03	7.107286e-05
2.870000e-03	7.105326e-05
2.880000e-03	7.103366e-05
2.890000e-03	7.101406e-05
2.900000e-03	7.099446e-05
2.910000e-03	7.097486e-05
2.920000e-03	7.095526e-05
2.930000e-03	7.093566e-05
2.940000e-03	7.091606e-05
2.950000e-03	7.089646e-05
2.960000e-03	7.087686e-05
2.970000e-03	7.085726e-05
2.980000e-03	7.083766e-05
2.990000e-03	7.081806e-05
3.000000e-03	7.079846e-05
3.010000e-03	7.077996e-05
3.020000e-03	7.076147e-05
3.030000e-03	7.074297e-05
3.040000e-03	7.072448e-05
3.050000e-03	7.070598e-05
3.060000e-03	7.068749e-05
3.070000e-03	7.066900e-05
3.080000e-03	7.065050e-05
3.090000e-03	7.063201e-05
3.100000e-03	7.061351e-05
3.110000e-03	7.059502e-05
3.120000e-03	7.057652e-05
3.130000e-03	7.055803e-05
3.140000e-03	7.053953e-05
3.150000e-03	7.052104e-05
3.160000e-03	7.050254e-05
3.170000e-03	7.048405e-05
3.180000e-03	7.046556e-05
3.190000e-03	7.044706e-05
3.200000e-03	7.042857e-05
3.210000e-03	7.041007e-05
3.220000e-03	7.039158e-05
3.230000e-03	7.037308e-05
3.240000e-03	7.035459e-05
3.250000e-03	7.033609e-05
3.260000e-03	7.031760e-05
3.270000e-03	7.029910e-05
3.280000e-03	7.028061e-05
3.290000e-03	7.026212e-05
3.300000e-03	7.024362e-05
3.310000e-03	7.022513e-05
3.320000e-03	7.020663e-05
3.330000e-03	7.018814e-05
3.340000e-03	7.016964e-05
3.350000e-03	7.015115e-05
3.360000e-03	7.013265e-05
3.370000e-03	7.011416e-05
3.380000e-03	7.009567e-05
3.390000e-03	7.007717e-05
3.400000e-03	7.005868e-05
3.410000e-03	7.004018e-05
3.420000e-03	7.002169e-05
3.430000e-03	7.000319e-05
3.440000e-03	6.998470e-05
3.450000e-03	6.996620e-05
3.460000e-03	6.994771e-05
3.470000e-03	6.992921e-05
3.480000e-03	6.991072e-05
3.490000e-03	6.989223e-05
3.500000e-03	6.987373e-05
3.510000e-03	6.985524e-05
3.520000e-03	6.983674e-05
3.530000e-03	6.981825e-05
3.540000e-03	6.979975e-05
3.550000e-03	6.978126e-05
3.560000e-03	6.976276e-05
3.570000e-03	6.974427e-05
3.580000e-03	6.972577e-05
3.590000e-03	6.970728e-05
3.600000e-03	6.968879e-05
3.610000e-03	6.967029e-05
3.620000e-03	6.965180e-05
3.630000e-03	6.963330e-05
3.640000e-03	6.961481e-05
3.650000e-03	6.959631e-05
3.660000e-03	6.957782e-05
3.670000e-03	6.955932e-05
3.680000e-03	6.954083e-05
3.690000e-03	6.952234e-05
3.700000e-03	6.950384e-05
3.710000e-03	6.948535e-05
3.720000e-03	6.946685e-05
3.730000e-03	6.944836e-05
3.740000e-03	6.942986e-05
3.750000e-03	6.941137e-05
3.760000e-03	6.939287e-05
3.770000e-03	6.937438e-05
3.780000e-03	6.935588e-05
3.790000e-03	6.933739e-05
3.800000e-03	6.931890e-05
3.810000e-03	6.930040e-05
3.820000e-03	6.928191e-05
3.830000e-03	6.926341e-05
3.840000e-03	6.924492e-05
3.850000e-03	6.922642e-05
3.860000e-03	6.920793e-05
3.870000e-03	6.918943e-05
3.880000e-03	6.917094e-05
3.890000e-03	6.915244e-05
3.900000e-03	6.913395e-05
3.910000e-03	6.911546e-05
3.920000e-03	6.909696e-05
3.930000e-03	6.907847e-05
3.940000e-03	6.905997e-05
3.950000e-03	6.904148e-05
3.960000e-03	6.902298e-05
3.970000e-03	6.900449e-05
3.980000e-03	6.898599e-05
3.990000e-03	6.896750e-05
4.000000e-03	6.894901e-05
4.010000e-03	6.893171e-05
4.020000e-03	6.891441e-05
4.030000e-03	6.889711e-05
4.040000e-03	6.887982e-05
4.050000e-03	6.886252e-05
4.060000e-03	6.884522e-05
4.070000e-03	6.882792e-05
4.080000e-03	6.881063e-05
4.090000e-03	6.879333e-05
4.100000e-03	6.877603e-05
4.110000e-03	6.875874e-05
4.120000e-03	6.874144e-05
4.130000e-03	6.872414e-05
4.140000e-03	6.870684e-05
4.150000e-03	6.868955e-05
4.160000e-03	6.867225e-05
4.170000e-03	6.865495e-05
4.180000e-03	6.863765e-05
4.190000e-03	6.862036e-05
4.200000e-03	6.860306e-05
4.210000e-03	6.858576e-05
4.220000e-03	6.856846e-05
4.230000e-03	6.855117e-05
4.240000e-03	6.853387e-05
4.250000e-03	6.851657e-05
4.260000e-03	6.849928e-05
4.270000e-03	6.848198e-05
4.280000e-03	6.846468e-05
4.290000e-03	6.844738e-05
4.300000e-03	6.843009e-05
4.310000e-03	6.841279e-05
4.320000e-03	6.839549e-05
4.330000e-03	6.837819e-05
4.340000e-03	6.836090e-05
4.350000e-03	6.834360e-05
4.360000e-03	6.832630e-05
4.370000e-03	6.830901e-05
4.380000e-03	6.829171e-05
4.390000e-03	6.827441e-05
4.400000e-03	6.825711e-05
4.410000e-03	6.823982e-05
4.420000e-03	6.822252e-05
4.430000e-03	6.820522e-05
4.440000e-03	6.818792e-05
4.450000e-03	6.817063e-05
4.460000e-03	6.815333e-05
4.470000e-03	6.813603e-05
4.480000e-03	6.811874e-05
4.490000e-03	6.810144e-05
4.500000e-03	6.808414e-05
4.510000e-03	6.806684e-05
4.520000e-03	6.804955e-05
4.530000e-03	6.803225e-05
4.540000e-03	6.801495e-05
4.550000e-03	6.799765e-05
4.560000e-03	6.798036e-05
4.570000e-03	6.796306e-05
4.580000e-03	6.794576e-05
4.590000e-03	6.792847e-05
4.600000e-03	6.791117e-05
4.610000e-03	6.789387e-05
4.620000e-03	6.787657e-05
4.630000e-03	6.785928e-05
4.640000e-03	6.784198e-05
4.650000e-03	6.782468e-05
4.660000e-03	6.780738e-05
4.670000e-03	6.779009e-05
4.680000e-03	6.777279e-05
4.690000e-03	6.775549e-05
4.700000e-03	6.773820e-05
4.710000e-03	6.772090e-05
4.720000e-03	6.770360e-05
4.730000e-03	6.768630e-05
4.740000e-03	6.766901e-05
4.750000e-03	6.765171e-05
4.760000e-03	6.763441e-05
4.770000e-03	6.761711e-05
4.780000e-03	6.759982e-05
4.790000e-03	6.758252e-05
4.800000e-03	6.756522e-05
4.810000e-03	6.754793e-05
4.820000e-03	6.753063e-05
4.830000e-03	6.751333e-05
4.840000e-03	6.749603e-05
4.850000e-03	6.747874e-05
4.860000e-03	6.746144e-05
4.870000e-03	6.744414e-05
4.880000e-03	6.742684e-05
4.890000e-03	6.740955e-05
4.900000e-03	6.739225e-05
4.910000e-03	6.737495e-05
4.920000e-03	6.735766e-05
4.930000e-03	6.734036e-05
4.940000e-03	6.732306e-05
4.950000e-03	6.730576e-05
4.960000e-03	6.728847e-05
4.970000e-03	6.727117e-05
4.980000e-03	6.725387e-05
4.990000e-03	6.723657e-05
5.000000e-03	6.721928e-05
5.010000e-03	6.720640e-05
5.020000e-03	6.719353e-05
5.030000e-03	6.718065e-05
5.040000e-03	6.716778e-05
5.050000e-03	6.715490e-05
5.060000e-03	6.714202e-05
5.070000e-03	6.712915e-05
5.080000e-03	6.711627e-05
5.090000e-03	6.710340e-05
5.100000e-03	6.709052e-05
5.110000e-03	6.707765e-05
5.120000e-03	6.706477e-05
5.130000e-03	6.705190e-05
5.140000e-03	6.703902e-05
5.150000e-03	6.702615e-05
5.160000e-03	6.701327e-05
5.170000e-03	6.700040e-05
5.180000e-03	6.698752e-05
5.190000e-03	6.697464e-05
5.200000e-03	6.696177e-05
5.210000e-03	6.694889e-05
5.220000e-03	6.693602e-05
5.230000e-03	6.692314e-05
5.240000e-03	6.691027e-05
5.250000e-03	6.689739e-05
5.260000e-03	6.688452e-05
5.270000e-03	6.687164e-05
5.280000e-03	6.685877e-05
5.290000e-03	6.684589e-05
5.300000e-03	6.683301e-05
5.310000e-03	6.682014e-05
5.320000e-03	6.680726e-05
5.330000e-03	6.679439e-05
5.340000e-03	6.678151e-05
5.350000e-03	6.676864e-05
5.360000e-03	6.675576e-05
5.370000e-03	6.674289e-05
5.380000e-03	6.673001e-05
5.390000e-03	6.671714e-05
5.400000e-03	6.670426e-05
5.410000e-03	6.669138e-05
5.420000e-03	6.667851e-05
5.430000e-03	6.666563e-05
5.440000e-03	6.665276e-05
5.450000e-03	6.663988e-05
5.460000e-03	6.662701e-05
5.470000e-03	6.661413e-05
5.480000e-03	6.660126e-05
5.490000e-03	6.658838e-05
5.500000e-03	6.657551e-05
5.510000e-03	6.656263e-05
5.520000e-03	6.654975e-05
5.530000e-03	6.653688e-05
5.540000e-03	6.652400e-05
5.550000e-03	6.651113e-05
5.560000e-03	6.649825e-05
5.570000e-03	6.648538e-05
5.580000e-03	6.647250e-05
5.590000e-03	6.645963e-05
5.600000e-03	6.644675e-05
5.610000e-03	6.643388e-05
5.620000e-03	6.642100e-05
5.630000e-03	6.640812e-05
5.640000e-03	6.639525e-05
5.650000e-03	6.638237e-05
5.660000e-03	6.636950e-05
5.670000e-03	6.635662e-05
5.680000e-03	6.634375e-05
5.690000e-03	6.633087e-05
5.700000e-03	6.631800e-05
5.710000e-03	6.630512e-05
5.720000e-03	6.629225e-05
5.730000e-03	6.627937e-05
5.740000e-03	6.626650e-05
5.750000e-03	6.625362e-05
5.760000e-03	6.624074e-05
5.770000e-03	6.622787e-05
5.780000e-03	6.621499e-05
5.790000e-03	6.620212e-05
5.800000e-03	6.618924e-05
5.810000e-03	6.617637e-05
5.820000e-03	6.616349e-05
5.830000e-03	6.615062e-05
5.840000e-03	6.613774e-05
5.850000e-03	6.612487e-05
5.860000e-03	6.611199e-05
5.870000e-03	6.609911e-05
5.880000e-03	6.608624e-05
5.890000e-03	6.607336e-05
5.900000e-03	6.606049e-05
5.910000e-03	6.604761e-05
5.920000e-03	6.603474e-05
5.930000e-03	6.602186e-05
5.940000e-03	6.600899e-05
5.950000e-03	6.599611e-05
5.960000e-03	6.598324e-05
5.970000e-03	6.597036e-05
5.980000e-03	6.595748e-05
5.990000e-03	6.594461e-05
6.000000e-03	6.593173e-05
6.010000e-03	6.591886e-05
6.020000e-03	6.590598e-05
6.030000e-03	6.589311e-05
6.040000e-03	6.588023e-05
6.050000e-03	6.586736e-05
6.060000e-03	6.585448e-05
6.070000e-03	6.584161e-05
6.080000e-03	6.582873e-05
6.090000e-03	6.581585e-05
6.100000e-03	6.580298e-05
6.110000e-03	6.579010e-05
6.120000e-03	6.577723e-05
6.130000e-03	6.576435e-05
6.140000e-03	6.575148e-05
6.150000e-03	6.573860e-05
6.160000e-03	6.572573e-05
6.170000e-03	6.571285e-05
6.180000e-03	6.569998e-05
6.190000e-03	6.568710e-05
6.200000e-03	6.567422e-05
6.210000e-03	6.566135e-05
6.220000e-03	6.564847e-05
6.230000e-03	6.563560e-05
6.240000e-03	6.562272e-05
6.250000e-03	6.560985e-05
6.260000e-03	6.559697e-05
6.270000e-03	6.558410e-05
6.280000e-03	6.557122e-05
6.290000e-03	6.555835e-05
6.300000e-03	6.554547e-05
6.310000e-03	6.553259e-05
6.320000e-03	6.551972e-05
6.330000e-03	6.550684e-05
6.340000e-03	6.549397e-05
6.350000e-03	6.548109e-05
6.360000e-03	6.546822e-05
6.370000e-03	6.545534e-05
6.380000e-03	6.544247e-05
6.390000e-03	6.542959e-05
6.400000e-03	6.541672e-05
6.410000e-03	6.540384e-05
6.420000e-03	6.539097e-05
6.430000e-03	6.537809e-05
6.440000e-03	6.536521e-05
6.450000e-03	6.535234e-05
6.460000e-03	6.533946e-05
6.470000e-03	6.532659e-05
6.480000e-03	6.531371e-05
6.490000e-03	6.530084e-05
6.500000e-03	6.528796e-05
6.510000e-03	6.527509e-05
6.520000e-03	6.526221e-05
6.530000e-03	6.524934e-05
6.540000e-03	6.523646e-05
6.550000e-03	6.522358e-05
6.560000e-03	6.521071e-05
6.570000e-03	6.519783e-05
6.580000e-03	6.518496e-05
6.590000e-03	6.517208e-05
6.600000e-03	6.515921e-05
6.610000e-03	6.514633e-05
6.620000e-03	6.513346e-05
6.630000e-03	6.512058e-05
6.640000e-03	6.510771e-05
6.650000e-03	6.509483e-05
6.660000e-03	6.508195e-05
6.670000e-03	6.506908e-05
6.680000e-03	6.505620e-05
6.690000e-03	6.504333e-05
6.700000e-03	6.503045e-05
6.710000e-03	6.501758e-05
6.720000e-03	6.500470e-05
6.730000e-03	6.499183e-05
6.740000e-03	6.497895e-05
6.750000e-03	6.496608e-05
6.760000e-03	6.495320e-05
6.770000e-03	6.494032e-05
6.780000e-03	6.492745e-05
6.790000e-03	6.491457e-05
6.800000e-03	6.490170e-05
6.810000e-03	6.488882e-05
6.820000e-03	6.487595e-05
6.830000e-03	6.486307e-05
6.840000e-03	6.485020e-05
6.850000e-03	6.483732e-05
6.860000e-03	6.482445e-05
6.870000e-03	6.481157e-05
6.880000e-03	6.479869e-05
6.890000e-03	6.478582e-05
6.900000e-03	6.477294e-05
6.910000e-03	6.476007e-05
6.920000e-03	6.474719e-05
6.930000e-03	6.473432e-05
6.940000e-03	6.472144e-05
6.950000e-03	6.470857e-05
6.960000e-03	6.469569e-05
6.970000e-03	6.468282e-05
6.980000e-03	6.466994e-05
6.990000e-03	6.465707e-05
7.000000e-03	6.464419e-05
7.010000e-03	6.463131e-05
7.020000e-03	6.461844e-05
7.030000e-03	6.460556e-05
7.040000e-03	6.459269e-05
7.050000e-03	6.457981e-05
7.060000e-03	6.456694e-05
7.070000e-03	6.455406e-05
7.080000e-03	6.454119e-05
7.090000e-03	6.452831e-05
7.100000e-03	6.451544e-05
7.110000e-03	6.450256e-05
7.120000e-03	6.448968e-05
7.130000e-03	6.447681e-05
7.140000e-03	6.446393e-05
7.150000e-03	6.445106e-05
7.160000e-03	6.443818e-05
7.170000e-03	6.442531e-05
7.180000e-03	6.441243e-05
7.190000e-03	6.439956e-05
7.200000e-03	6.438668e-05
7.210000e-03	6.437381e-05
7.220000e-03	6.436093e-05
7.230000e-03	6.434805e-05
7.240000e-03	6.433518e-05
7.250000e-03	6.432230e-05
7.260000e-03	6.430943e-05
7.270000e-03	6.429655e-05
7.280000e-03	6.428368e-05
7.290000e-03	6.427080e-05
7.300000e-03	6.425793e-05
7.310000e-03	6.424505e-05
7.320000e-03	6.423218e-05
7.330000e-03	6.421930e-05
7.340000e-03	6.420642e-05
7.350000e-03	6.419355e-05
7.360000e-03	6.418067e-05
7.370000e-03	6.416780e-05
7.380000e-03	6.415492e-05
7.390000e-03	6.414205e-05
7.400000e-03	6.412917e-05
7.410000e-03	6.411630e-05
7.420000e-03	6.410342e-05
7.430000e-03	6.409055e-05
7.440000e-03	6.407767e-05
7.450000e-03	6.406479e-05
7.460000e-03	6.405192e-05
7.470000e-03	6.403904e-05
7.480000e-03	6.402617e-05
7.490000e-03	6.401329e-05
7.500000e-03	6.400042e-05
7.510000e-03	6.398754e-05
7.520000e-03	6.397467e-05
7.530000e-03	6.396179e-05
7.540000e-03	6.394892e-05
7.550000e-03	6.393604e-05
7.560000e-03	6.392316e-05
7.570000e-03	6.391029e-05
7.580000e-03	6.389741e-05
7.590000e-03	6.388454e-05
7.600000e-03	6.387166e-05
7.610000e-03	6.385879e-05
7.620000e-03	6.384591e-05
7.630000e-03	6.383304e-05
7.640000e-03	6.382016e-05
7.650000e-03	6.380729e-05
7.660000e-03	6.379441e-05
7.670000e-03	6.378154e-05
7.680000e-03	6.376866e-05
7.690000e-03	6.375578e-05
7.700000e-03	6.374291e-05
7.710000e-03	6.373003e-05
7.720000e-03	6.371716e-05
7.730000e-03	6.370428e-05
7.740000e-03	6.369141e-05
7.750000e-03	6.367853e-05
7.760000e-03	6.366566e-05
7.770000e-03	6.365278e-05
7.780000e-03	6.363991e-05
7.790000e-03	6.362703e-05
7.800000e-03	6.361415e-05
7.810000e-03	6.360128e-05
7.820000e-03	6.358840e-05
7.830000e-03	6.357553e-05
7.840000e-03	6.356265e-05
7.850000e-03	6.354978e-05
7.860000e-03	6.353690e-05
7.870000e-03	6.352403e-05
7.880000e-03	6.351115e-05
7.890000e-03	6.349828e-05
7.900000e-03	6.348540e-05
7.910000e-03	6.347252e-05
7.920000e-03	6.345965e-05
7.930000e-03	6.344677e-05
7.940000e-03	6.343390e-05
7.950000e-03	6.342102e-05
7.960000e-03	6.340815e-05
7.970000e-03	6.339527e-05
7.980000e-03	6.338240e-05
7.990000e-03	6.336952e-05
8.000000e-03	6.335665e-05
8.010000e-03	6.334377e-05
8.020000e-03	6.333089e-05
8.030000e-03	6.331802e-05
8.040000e-03	6.330514e-05
8.050000e-03	6.329227e-05
8.060000e-03	6.327939e-05
8.070000e-03	6.326652e-05
8.080000e-03	6.325364e-05
8.090000e-03	6.324077e-05
8.100000e-03	6.322789e-05
8.110000e-03	6.321502e-05
8.120000e-03	6.320214e-05
8.130000e-03	6.318926e-05
8.140000e-03	6.317639e-05
8.150000e-03	6.316351e-05
8.160000e-03	6.315064e-05
8.170000e-03	6.313776e-05
8.180000e-03	6.312489e-05
8.190000e-03	6.311201e-05
8.200000e-03	6.309914e-05
8.210000e-03	6.308626e-05
8.220000e-03	6.307339e-05
8.230000e-03	6.306051e-05
8.240000e-03	6.304764e-05
8.250000e-03	6.303476e-05
8.260000e-03	6.302188e-05
8.270000e-03	6.300901e-05
8.280000e-03	6.299613e-05
8.290000e-03	6.298326e-05
8.300000e-03	6.297038e-05
8.310000e-03	6.295751e-05
8.320000e-03	6.294463e-05
8.330000e-03	6.293176e-05
8.340000e-03	6.291888e-05
8.350000e-03	6.290601e-05
8.360000e-03	6.289313e-05
8.370000e-03	6.288025e-05
8.380000e-03	6.286738e-05
8.390000e-03	6.285450e-05
8.400000e-03	6.284163e-05
8.410000e-03	6.282875e-05
8.420000e-03	6.281588e-05
8.430000e-03	6.280300e-05
8.440000e-03	6.279013e-05
8.450000e-03	6.277725e-05
8.460000e-03	6.276438e-05
8.470000e-03	6.275150e-05
8.480000e-03	6.273862e-05
8.490000e-03	6.272575e-05
8.500000e-03	6.271287e-05
8.510000e-03	6.270000e-05
8.520000e-03	6.268712e-05
8.530000e-03	6.267425e-05
8.540000e-03	6.266137e-05
8.550000e-03	6.264850e-05
8.560000e-03	6.263562e-05
8.570000e-03	6.262275e-05
8.580000e-03	6.260987e-05
8.590000e-03	6.259699e-05
8.600000e-03	6.258412e-05
8.610000e-03	6.257124e-05
8.620000e-03	6.255837e-05
8.630000e-03	6.254549e-05
8.640000e-03	6.253262e-05
8.650000e-03	6.251974e-05
8.660000e-03	6.250687e-05
8.670000e-03	6.249399e-05
8.680000e-03	6.248112e-05
8.690000e-03	6.246824e-05
8.700000e-03	6.245536e-05
8.710000e-03	6.244249e-05
8.720000e-03	6.242961e-05
8.730000e-03	6.241674e-05
8.740000e-03	6.240386e-05
8.750000e-03	6.239099e-05
8.760000e-03	6.237811e-05
8.770000e-03	6.236524e-05
8.780000e-03	6.235236e-05
8.790000e-03	6.233949e-05
8.800000e-03	6.232661e-05
8.810000e-03	6.231373e-05
8.820000e-03	6.230086e-05
8.830000e-03	6.228798e-05
8.840000e-03	6.227511e-05
8.850000e-03	6.226223e-05
8.860000e-03	6.224936e-05
8.870000e-03	6.223648e-05
8.880000e-03	6.222361e-05
8.890000e-03	6.221073e-05
8.900000e-03	6.219786e-05
8.910000e-03	6.218498e-05
8.920000e-03	6.217211e-05
8.930000e-03	6.215923e-05
8.940000e-03	6.214635e-05
8.950000e-03	6.213348e-05
8.960000e-03	6.212060e-05
8.970000e-03	6.210773e-05
8.980000e-03	6.209485e-05
8.990000e-03	6.208198e-05
9.000000e-03	6.206910e-05
9.010000e-03	6.205623e-05
9.020000e-03	6.204335e-05
9.030000e-03	6.203048e-05
9.040000e-03	6.201760e-05
9.050000e-03	6.200472e-05
9.060000e-03	6.199185e-05
9.070000e-03	6.197897e-05
9.080000e-03	6.196610e-05
9.090000e-03	6.195322e-05
9.100000e-03	6.194035e-05
9.110000e-03	6.192747e-05
9.120000e-03	6.191460e-05
9.130000e-03	6.190172e-05
9.140000e-03	6.188885e-05
9.150000e-03	6.187597e-05
9.160000e-03	6.186309e-05
9.170000e-03	6.185022e-05
9.180000e-03	6.183734e-05
9.190000e-03	6.182447e-05
9.200000e-03	6.181159e-05
9.210000e-03	6.179872e-05
9.220000e-03	6.178584e-05
9.230000e-03	6.177297e-05
9.240000e-03	6.176009e-05
9.250000e-03	6.174722e-05
9.260000e-03	6.173434e-05
9.270000e-03	6.172146e-05
9.280000e-03	6.170859e-05
9.290000e-03	6.169571e-05
9.300000e-03	6.168284e-05
9.310000e-03	6.166996e-05
9.320000e-03	6.165709e-05
9.330000e-03	6.164421e-05
9.340000e-03	6.163134e-05
9.350000e-03	6.161846e-05
9.360000e-03	6.160559e-05
9.370000e-03	6.159271e-05
9.380000e-03	6.157983e-05
9.390000e-03	6.156696e-05
9.400000e-03	6.155408e-05
9.410000e-03	6.154121e-05
9.420000e-03	6.152833e-05
9.430000e-03	6.151546e-05
9.440000e-03	6.150258e-05
9.450000e-03	6.148971e-05
9.460000e-03	6.147683e-05
9.470000e-03	6.146396e-05
9.480000e-03	6.145108e-05
9.490000e-03	6.143821e-05
9.500000e-03	6.142533e-05
9.510000e-03	6.141245e-05
9.520000e-03	6.139958e-05
9.530000e-03	6.138670e-05
9.540000e-03	6.137383e-05
9.550000e-03	6.136095e-05
9.560000e-03	6.134808e-05
9.570000e-03	6.133520e-05
9.580000e-03	6.132233e-05
9.590000e-03	6.130945e-05
9.600000e-03	6.129658e-05
9.610000e-03	6.128370e-05
9.620000e-03	6.127082e-05
9.630000e-03	6.125795e-05
9.640000e-03	6.124507e-05
9.650000e-03	6.123220e-05
9.660000e-03	6.121932e-05
9.670000e-03	6.120645e-05
9.680000e-03	6.119357e-05
9.690000e-03	6.118070e-05
9.700000e-03	6.116782e-05
9.710000e-03	6.115495e-05
9.720000e-03	6.114207e-05
9.730000e-03	6.112919e-05
9.740000e-03	6.111632e-05
9.750000e-03	6.110344e-05
9.760000e-03	6.109057e-05
9.770000e-03	6.107769e-05
9.780000e-03	6.106482e-05
9.790000e-03	6.105194e-05
9.800000e-03	6.103907e-05
9.810000e-03	6.102619e-05
9.820000e-03	6.101332e-05
9.830000e-03	6.100044e-05
9.840000e-03	6.098756e-05
9.850000e-03	6.097469e-05
9.860000e-03	6.096181e-05
9.870000e-03	6.094894e-05
9.880000e-03	6.093606e-05
9.890000e-03	6.092319e-05
9.900000e-03	6.091031e-05
9.910000e-03	6.089744e-05
9.920000e-03	6.088456e-05
9.930000e-03	6.087169e-05
9.940000e-03	6.085881e-05
9.950000e-03	6.084593e-05
9.960000e-03	6.083306e-05
9.970000e-03	6.082018e-05
9.980000e-03	6.080731e-05
9.990000e-03	6.079443e-05
1.000000e-02	6.078156e-05
1.001000e-02	6.076868e-05
1.002000e-02	6.075581e-05
1.003000e-02	6.074293e-05
1.004000e-02	6.073006e-05
1.005000e-02	6.071718e-05
1.006000e-02	6.070430e-05
1.007000e-02	6.069143e-05
1.008000e-02	6.067855e-05
1.009000e-02	6.066568e-05
1.010000e-02	6.065280e-05
1.011000e-02	6.063993e-05
1.012000e-02	6.062705e-05
1.013000e-02	6.061418e-05
1.014000e-02	6.060130e-05
1.015000e-02	6.058843e-05
1.016000e-02	6.057555e-05
1.017000e-02	6.056268e-05
1.018000e-02	6.054980e-05
1.019000e-02	6.053692e-05
1.020000e-02	6.052405e-05
1.021000e-02	6.051628e-05
1.022000e-02	6.050851e-05
1.023000e-02	6.050075e-05
1.024000e-02	6.049298e-05
1.025000e-02	6.048521e-05
1.026000e-02	6.047745e-05
1.027000e-02	6.046968e-05
1.028000e-02	6.046191e-05
1.029000e-02	6.045414e-05
1.030000e-02	6.044638e-05
1.031000e-02	6.043861e-05
1.032000e-02	6.043084e-05
1.033000e-02	6.042308e-05
1.034000e-02	6.041531e-05
1.035000e-02	6.040754e-05
1.036000e-02	6.039977e-05
1.037000e-02	6.039201e-05
1.038000e-02	6.038424e-05
1.039000e-02	6.037647e-05
1.040000e-02	6.036871e-05
1.041000e-02	6.036094e-05
1.042000e-02	6.035317e-05
1.043000e-02	6.034540e-05
1.044000e-02	6.033764e-05
1.045000e-02	6.032987e-05
1.046000e-02	6.032210e-05
1.047000e-02	6.031434e-05
1.048000e-02	6.030657e-05
1.049000e-02	6.029880e-05
1.050000e-02	6.029104e-05
1.051000e-02	6.028327e-05
1.052000e-02	6.027550e-05
1.053000e-02	6.026773e-05
1.054000e-02	6.025997e-05
1.055000e-02	6.025220e-05
1.056000e-02	6.024443e-05
1.057000e-02	6.023667e-05
1.058000e-02	6.022890e-05
1.059000e-02	6.022113e-05
1.060000e-02	6.021336e-05
1.061000e-02	6.020560e-05
1.062000e-02	6.019783e-05
1.063000e-02	6.019006e-05
1.064000e-02	6.018230e-05
1.065000e-02	6.017453e-05
1.066000e-02	6.016676e-05
1.067000e-02	6.015899e-05
1.068000e-02	6.015123e-05
1.069000e-02	6.014346e-05
1.070000e-02	6.013569e-05
1.071000e-02	6.012793e-05
1.072000e-02	6.012016e-05
1.073000e-02	6.011239e-05
1.074000e-02	6.010462e-05
1.075000e-02	6.009686e-05
1.076000e-02	6.008909e-05
1.077000e-02	6.008132e-05
1.078000e-02	6.007356e-05
1.079000e-02	6.006579e-05
1.080000e-02	6.005802e-05
1.081000e-02	6.005025e-05
1.082000e-02	6.004249e-05
1.083000e-02	6.003472e-05
1.084000e-02	6.002695e-05
1.085000e-02	6.001919e-05
1.086000e-02	6.001142e-05
1.087000e-02	6.000365e-05
1.088000e-02	5.999588e-05
1.089000e-02	5.998812e-05
1.090000e-02	5.998035e-05
1.091000e-02	5.997258e-05
1.092000e-02	5.996482e-05
1.093000e-02	5.995705e-05
1.094000e-02	5.994928e-05
1.095000e-02	5.994151e-05
1.096000e-02	5.993375e-05
1.097000e-02	5.992598e-05
1.098000e-02	5.991821e-05
1.099000e-02	5.991045e-05
1.100000e-02	5.990268e-05
1.101000e-02	5.989491e-05
1.102000e-02	5.988714e-05
1.103000e-02	5.987938e-05
1.104000e-02	5.987161e-05
1.105000e-02	5.986384e-05
1.106000e-02	5.985608e-05
1.107000e-02	5.984831e-05
1.108000e-02	5.984054e-05
1.109000e-02	5.983277e-05
1.110000e-02	5.982501e-05
1.111000e-02	5.981724e-05
1.112000e-02	5.980947e-05
1.113000e-02	5.980171e-05
1.114000e-02	5.979394e-05
1.115000e-02	5.978617e-05
1.116000e-02	5.977840e-05
1.117000e-02	5.977064e-05
1.118000e-02	5.976287e-05
1.119000e-02	5.975510e-05
1.120000e-02	5.974734e-05
1.121000e-02	5.974141e-05
1.122000e-02	5.973548e-05
1.123000e-02	5.972955e-05
1.124000e-02	5.972362e-05
1.125000e-02	5.971769e-05
1.126000e-02	5.971176e-05
1.127000e-02	5.970583e-05
1.128000e-02	5.969991e-05
1.129000e-02	5.969398e-05
1.130000e-02	5.968805e-05
1.131000e-02	5.968212e-05
1.132000e-02	5.967619e-05
1.133000e-02	5.967026e-05
1.134000e-02	5.966433e-05
1.135000e-02	5.965840e-05
1.136000e-02	5.965248e-05
1.137000e-02	5.964655e-05
1.138000e-02	5.964062e-05
1.139000e-02	5.963469e-05
1.140000e-02	5.962876e-05
1.141000e-02	5.962283e-05
1.142000e-02	5.961690e-05
1.143000e-02	5.961097e-05
1.144000e-02	5.960505e-05
1.145000e-02	5.959912e-05
1.146000e-02	5.959319e-05
1.147000e-02	5.958726e-05
1.148000e-02	5.958133e-05
1.149000e-02	5.957540e-05
1.150000e-02	5.956947e-05
1.151000e-02	5.956354e-05
1.152000e-02	5.955762e-05
1.153000e-02	5.955169e-05
1.154000e-02	5.954576e-05
1.155000e-02	5.953983e-05
1.156000e-02	5.953390e-05
1.157000e-02	5.952797e-05
1.158000e-02	5.952204e-05
1.159000e-02	5.951611e-05
1.160000e-02	5.951019e-05
1.161000e-02	5.950426e-05
1.162000e-02	5.949833e-05
1.163000e-02	5.949240e-05
1.164000e-02	5.948647e-05
1.165000e-02	5.948054e-05
1.166000e-02	5.947461e-05
1.167000e-02	5.946868e-05
1.168000e-02	5.946276e-05
1.169000e-02	5.945683e-05
1.170000e-02	5.945090e-05
1.171000e-02	5.944497e-05
1.172000e-02	5.943904e-05
1.173000e-02	5.943311e-05
1.174000e-02	5.942718e-05
1.175000e-02	5.942125e-05
1.176000e-02	5.941533e-05
1.177000e-02	5.940940e-05
1.178000e-02	5.940347e-05
1.179000e-02	5.939754e-05
1.180000e-02	5.939161e-05
1.181000e-02	5.938568e-05
1.182000e-02	5.937975e-05
1.183000e-02	5.937382e-05
1.184000e-02	5.936790e-05
1.185000e-02	5.936197e-05
1.186000e-02	5.935604e-05
1.187000e-02	5.935011e-05
1.188000e-02	5.934418e-05
1.189000e-02	5.933825e-05
1.190000e-02	5.933232e-05
1.191000e-02	5.932639e-05
1.192000e-02	5.932047e-05
1.193000e-02	5.931454e-05
1.194000e-02	5.930861e-05
1.195000e-02	5.930268e-05
1.196000e-02	5.929675e-05
1.197000e-02	5.929082e-05
1.198000e-02	5.928489e-05
1.199000e-02	5.927896e-05
1.200000e-02	5.927303e-05
1.201000e-02	5.926711e-05
1.202000e-02	5.926118e-05
1.203000e-02	5.925525e-05
1.204000e-02	5.924932e-05
1.205000e-02	5.924339e-05
1.206000e-02	5.923746e-05
1.207000e-02	5.923153e-05
1.208000e-02	5.922560e-05
1.209000e-02	5.921968e-05
1.210000e-02	5.921375e-05
1.211000e-02	5.920782e-05
1.212000e-02	5.920189e-05
1.213000e-02	5.919596e-05
1.214000e-02	5.919003e-05
1.215000e-02	5.918410e-05
1.216000e-02	5.917817e-05
1.217000e-02	5.917225e-05
1.218000e-02	5.916632e-05
1.219000e-02	5.916039e-05
1.220000e-02	5.915446e-05
1.221000e-02	5.915042e-05
1.222000e-02	5.914639e-05
1.223000e-02	5.914236e-05
1.224000e-02	5.913832e-05
1.225000e-02	5.913429e-05
1.226000e-02	5.913025e-05
1.227000e-02	5.912622e-05
1.228000e-02	5.912218e-05
1.229000e-02	5.911815e-05
1.230000e-02	5.911411e-05
1.231000e-02	5.911008e-05
1.232000e-02	5.910604e-05
1.233000e-02	5.910201e-05
1.234000e-02	5.909797e-05
1.235000e-02	5.909394e-05
1.236000e-02	5.908990e-05
1.237000e-02	5.908587e-05
1.238000e-02	5.908183e-05
1.239000e-02	5.907780e-05
1.240000e-02	5.907376e-05
1.241000e-02	5.906973e-05
1.242000e-02	5.906570e-05
1.243000e-02	5.906166e-05
1.244000e-02	5.905763e-05
1.245000e-02	5.905359e-05
1.246000e-02	5.904956e-05
1.247000e-02	5.904552e-05
1.248000e-02	5.904149e-05
1.249000e-02	5.903745e-05
1.250000e-02	5.903342e-05
1.251000e-02	5.902938e-05
1.252000e-02	5.902535e-05
1.253000e-02	5.902131e-05
1.254000e-02	5.901728e-05
1.255000e-02	5.901324e-05
1.256000e-02	5.900921e-05
1.257000e-02	5.900517e-05
1.258000e-02	5.900114e-05
1.259000e-02	5.899710e-05
1.260000e-02	5.899307e-05
1.261000e-02	5.898904e-05
1.262000e-02	5.898500e-05
1.263000e-02	5.898097e-05
1.264000e-02	5.897693e-05
1.265000e-02	5.897290e-05
1.266000e-02	5.896886e-05
1.267000e-02	5.896483e-05
1.268000e-02	5.896079e-05
1.269000e-02	5.895676e-05
1.270000e-02	5.895272e-05
1.271000e-02	5.894869e-05
1.272000e-02	5.894465e-05
1.273000e-02	5.894062e-05
1.274000e-02	5.893658e-05
1.275000e-02	5.893255e-05
1.276000e-02	5.892851e-05
1.277000e-02	5.892448e-05
1.278000e-02	5.892044e-05
1.279000e-02	5.891641e-05
1.280000e-02	5.891237e-05
1.281000e-02	5.890834e-05
1.282000e-02	5.890431e-05
1.283000e-02	5.890027e-05
1.284000e-02	5.889624e-05
1.285000e-02	5.889220e-05
1.286000e-02	5.888817e-05
1.287000e-02	5.888413e-05
1.288000e-02	5.888010e-05
1.289000e-02	5.887606e-05
1.290000e-02	5.887203e-05
1.291000e-02	5.886799e-05
1.292000e-02	5.886396e-05
1.293000e-02	5.885992e-05
1.294000e-02	5.885589e-05
1.295000e-02	5.885185e-05
1.296000e-02	5.884782e-05
1.297000e-02	5.884378e-05
1.298000e-02	5.883975e-05
1.299000e-02	5.883571e-05
1.300000e-02	5.883168e-05
1.301000e-02	5.882765e-05
1.302000e-02	5.882361e-05
1.303000e-02	5.881958e-05
1.304000e-02	5.881554e-05
1.305000e-02	5.881151e-05
1.306000e-02	5.880747e-05
1.307000e-02	5.880344e-05
1.308000e-02	5.879940e-05
1.309000e-02	5.879537e-05
1.310000e-02	5.879133e-05
1.311000e-02	5.878730e-05
1.312000e-02	5.878326e-05
1.313000e-02	5.877923e-05
1.314000e-02	5.877519e-05
1.315000e-02	5.877116e-05
1.316000e-02	5.876712e-05
1.317000e-02	5.876309e-05
1.318000e-02	5.875905e-05
1.319000e-02	5.875502e-05
1.320000e-02	5.875098e-05
1.321000e-02	5.874888e-05
1.322000e-02	5.874678e-05
1.323000e-02	5.874468e-05
1.324000e-02	5.874258e-05
1.325000e-02	5.874048e-05
1.326000e-02	5.873838e-05
1.327000e-02	5.873627e-05
1.328000e-02	5.873417e-05
1.329000e-02	5.873207e-05
1.330000e-02	5.872997e-05
1.331000e-02	5.872787e-05
1.332000e-02	5.872577e-05
1.333000e-02	5.872366e-05
1.334000e-02	5.872156e-05
1.335000e-02	5.871946e-05
1.336000e-02	5.871736e-05
1.337000e-02	5.871526e-05
1.338000e-02	5.871316e-05
1.339000e-02	5.871106e-05
1.340000e-02	5.870895e-05
1.341000e-02	5.870685e-05
1.342000e-02	5.870475e-05
1.343000e-02	5.870265e-05
1.344000e-02	5.870055e-05
1.345000e-02	5.869845e-05
1.346000e-02	5.869634e-05
1.347000e-02	5.869424e-05
1.348000e-02	5.869214e-05
1.349000e-02	5.869004e-05
1.350000e-02	5.868794e-05
1.351000e-02	5.868584e-05
1.352000e-02	5.868373e-05
1.353000e-02	5.868163e-05
1.354000e-02	5.867953e-05
1.355000e-02	5.867743e-05
1.356000e-02	5.867533e-05
1.357000e-02	5.867323e-05
1.358000e-02	5.867113e-05
1.359000e-02	5.866902e-05
1.360000e-02	5.866692e-05
1.361000e-02	5.866482e-05
1.362000e-02	5.866272e-05
1.363000e-02	5.866062e-05
1.364000e-02	5.865852e-05
1.365000e-02	5.865641e-05
1.366000e-02	5.865431e-05
1.367000e-02	5.865221e-05
1.368000e-02	5.865011e-05
1.369000e-02	5.864801e-05
1.370000e-02	5.864591e-05
1.371000e-02	5.864380e-05
1.372000e-02	5.864170e-05
1.373000e-02	5.863960e-05
1.374000e-02	5.863750e-05
1.375000e-02	5.863540e-05
1.376000e-02	5.863330e-05
1.377000e-02	5.863120e-05
1.378000e-02	5.862909e-05
1.379000e-02	5.862699e-05
1.380000e-02	5.862489e-05
1.381000e-02	5.862279e-05
1.382000e-02	5.862069e-05
1.383000e-02	5.861859e-05
1.384000e-02	5.861648e-05
1.385000e-02	5.861438e-05
1.386000e-02	5.861228e-05
1.387000e-02	5.861018e-05
1.388000e-02	5.860808e-05
1.389000e-02	5.860598e-05
1.390000e-02	5.860388e-05
1.391000e-02	5.860177e-05
1.392000e-02	5.859967e-05
1.393000e-02	5.859757e-05
1.394000e-02	5.859547e-05
1.395000e-02	5.859337e-05
1.396000e-02	5.859127e-05
1.397000e-02	5.858916e-05
1.398000e-02	5.858706e-05
1.399000e-02	5.858496e-05
1.400000e-02	5.858286e-05
1.401000e-02	5.858076e-05
1.402000e-02	5.857866e-05
1.403000e-02	5.857655e-05
1.404000e-02	5.857445e-05
1.405000e-02	5.857235e-05
1.406000e-02	5.857025e-05
1.407000e-02	5.856815e-05
1.408000e-02	5.856605e-05
1.409000e-02	5.856395e-05
1.410000e-02	5.856184e-05
1.411000e-02	5.855974e-05
1.412000e-02	5.855764e-05
1.413000e-02	5.855554e-05
1.414000e-02	5.855344e-05
1.415000e-02	5.855134e-05
1.416000e-02	5.854923e-05
1.417000e-02	5.854713e-05
1.418000e-02	5.854503e-05
1.419000e-02	5.854293e-05
1.420000e-02	5.854083e-05
1.421000e-02	5.854068e-05
1.422000e-02	5.854053e-05
1.423000e-02	5.854039e-05
1.424000e-02	5.854024e-05
1.425000e-02	5.854009e-05
1.426000e-02	5.853994e-05
1.427000e-02	5.853980e-05
1.428000e-02	5.853965e-05
1.429000e-02	5.853950e-05
1.430000e-02	5.853935e-05
1.431000e-02	5.853921e-05
1.432000e-02	5.853906e-05
1.433000e-02	5.853891e-05
1.434000e-02	5.853876e-05
1.435000e-02	5.853861e-05
1.436000e-02	5.853847e-05
1.437000e-02	5.853832e-05
1.438000e-02	5.853817e-05
1.439000e-02	5.853802e-05
1.440000e-02	5.853788e-05
1.441000e-02	5.853773e-05
1.442000e-02	5.853758e-05
1.443000e-02	5.853743e-05
1.444000e-02	5.853729e-05
1.445000e-02	5.853714e-05
1.446000e-02	5.853699e-05
1.447000e-02	5.853684e-05
1.448000e-02	5.853670e-05
1.449000e-02	5.853655e-05
1.450000e-02	5.853640e-05
1.451000e-02	5.853625e-05
1.452000e-02	5.853611e-05
1.453000e-02	5.853596e-05
1.454000e-02	5.853581e-05
1.455000e-02	5.853566e-05
1.456000e-02	5.853552e-05
1.457000e-02	5.853537e-05
1.458000e-02	5.853522e-05
1.459000e-02	5.853507e-05
1.460000e-02	5.853493e-05
1.461000e-02	5.853478e-05
1.462000e-02	5.853463e-05
1.463000e-02	5.853448e-05
1.464000e-02	5.853434e-05
1.465000e-02	5.853419e-05
1.466000e-02	5.853404e-05
1.467000e-02	5.853389e-05
1.468000e-02	5.853375e-05
1.469000e-02	5.853360e-05
1.470000e-02	5.853345e-05
1.471000e-02	5.853330e-05
1.472000e-02	5.853316e-05
1.473000e-02	5.853301e-05
1.474000e-02	5.853286e-05
1.475000e-02	5.853271e-05
1.476000e-02	5.853256e-05
1.477000e-02	5.853242e-05
1.478000e-02	5.853227e-05
1.479000e-02	5.853212e-05
1.480000e-02	5.853197e-05
1.481000e-02	5.853183e-05
1.482000e-02	5.853168e-05
1.483000e-02	5.853153e-05
1.484000e-02	5.853138e-05
1.485000e-02	5.853124e-05
1.486000e-02	5.853109e-05
1.487000e-02	5.853094e-05
1.488000e-02	5.853079e-05
1.489000e-02	5.853065e-05
1.490000e-02	5.853050e-05
1.491000e-02	5.853035e-05
1.492000e-02	5.853020e-05
1.493000e-02	5.853006e-05
1.494000e-02	5.852991e-05
1.495000e-02	5.852976e-05
1.496000e-02	5.852961e-05
1.497000e-02	5.852947e-05
1.498000e-02	5.852932e-05
1.499000e-02	5.852917e-05
1.500000e-02	5.852902e-05
1.501000e-02	5.852888e-05
1.502000e-02	5.852873e-05
1.503000e-02	5.852858e-05
1.504000e-02	5.852843e-05
1.505000e-02	5.852829e-05
1.506000e-02	5.852814e-05
1.507000e-02	5.852799e-05
1.508000e-02	5.852784e-05
1.509000e-02	5.852770e-05
1.510000e-02	5.852755e-05
1.511000e-02	5.852740e-05
1.512000e-02	5.852725e-05
1.513000e-02	5.852711e-05
1.514000e-02	5.852696e-05
1.515000e-02	5.852681e-05
1.516000e-02	5.852666e-05
1.517000e-02	5.852651e-05
1.518000e-02	5.852637e-05
1.519000e-02	5.852622e-05
1.520000e-02	5.852607e-05
1.521000e-02	5.853239e-05
1.522000e-02	5.853870e-05
1.523000e-02	5.854501e-05
1.524000e-02	5.855132e-05
1.525000e-02	5.855764e-05
1.526000e-02	5.856395e-05
1.527000e-02	5.857026e-05
1.528000e-02	5.857658e-05
1.529000e-02	5.858289e-05
1.530000e-02	5.858920e-05
1.531000e-02	5.859552e-05
1.532000e-02	5.860183e-05
1.533000e-02	5.860814e-05
1.534000e-02	5.861446e-05
1.535000e-02	5.862077e-05
1.536000e-02	5.862708e-05
1.537000e-02	5.863340e-05
1.538000e-02	5.863971e-05
1.539000e-02	5.864602e-05
1.540000e-02	5.865233e-05
1.541000e-02	5.865865e-05
1.542000e-02	5.866496e-05
1.543000e-02	5.867127e-05
1.544000e-02	5.867759e-05
1.545000e-02	5.868390e-05
1.546000e-02	5.869021e-05
1.547000e-02	5.869653e-05
1.548000e-02	5.870284e-05
1.549000e-02	5.870915e-05
1.550000e-02	5.871547e-05
1.551000e-02	5.872178e-05
1.552000e-02	5.872809e-05
1.553000e-02	5.873441e-05
1.554000e-02	5.874072e-05
1.555000e-02	5.874703e-05
1.556000e-02	5.875334e-05
1.557000e-02	5.875966e-05
1.558000e-02	5.876597e-05
1.559000e-02	5.877228e-05
1.560000e-02	5.877860e-05
1.561000e-02	5.878491e-05
1.562000e-02	5.879122e-05
1.563000e-02	5.879754e-05
1.564000e-02	5.880385e-05
1.565000e-02	5.881016e-05
1.566000e-02	5.881648e-05
1.567000e-02	5.882279e-05
1.568000e-02	5.882910e-05
1.569000e-02	5.883542e-05
1.570000e-02	5.884173e-05
1.571000e-02	5.884804e-05
1.572000e-02	5.885435e-05
1.573000e-02	5.886067e-05
1.574000e-02	5.886698e-05
1.575000e-02	5.887329e-05
1.576000e-02	5.887961e-05
1.577000e-02	5.888592e-05
1.578000e-02	5.889223e-05
1.579000e-02	5.889855e-05
1.580000e-02	5.890486e-05
1.581000e-02	5.891117e-05
1.582000e-02	5.891749e-05
1.583000e-02	5.892380e-05
1.584000e-02	5.893011e-05
1.585000e-02	5.893643e-05
1.586000e-02	5.894274e-05
1.587000e-02	5.894905e-05
1.588000e-02	5.895536e-05
1.589000e-02	5.896168e-05
1.590000e-02	5.896799e-05
1.591000e-02	5.897430e-05
1.592000e-02	5.898062e-05
1.593000e-02	5.898693e-05
1.594000e-02	5.899324e-05
1.595000e-02	5.899956e-05
1.596000e-02	5.900587e-05
1.597000e-02	5.901218e-05
1.598000e-02	5.901850e-05
1.599000e-02	5.902481e-05
1.600000e-02	5.903112e-05
1.601000e-02	5.903744e-05
1.602000e-02	5.904375e-05
1.603000e-02	5.905006e-05
1.604000e-02	5.905637e-05
1.605000e-02	5.906269e-05
1.606000e-02	5.906900e-05
1.607000e-02	5.907531e-05
1.608000e-02	5.908163e-05
1.609000e-02	5.908794e-05
1.610000e-02	5.909425e-05
1.611000e-02	5.910057e-05
1.612000e-02	5.910688e-05
1.613000e-02	5.911319e-05
1.614000e-02	5.911951e-05
1.615000e-02	5.912582e-05
1.616000e-02	5.913213e-05
1.617000e-02	5.913845e-05
1.618000e-02	5.914476e-05
1.619000e-02	5.915107e-05
1.620000e-02	5.915738e-05
1.621000e-02	5.916370e-05
1.622000e-02	5.917001e-05
1.623000e-02	5.917632e-05
1.624000e-02	5.918264e-05
1.625000e-02	5.918895e-05
1.626000e-02	5.919526e-05
1.627000e-02	5.920158e-05
1.628000e-02	5.920789e-05
1.629000e-02	5.921420e-05
1.630000e-02	5.922052e-05
1.631000e-02	5.922683e-05
1.632000e-02	5.923314e-05
1.633000e-02	5.923945e-05
1.634000e-02	5.924577e-05
1.635000e-02	5.925208e-05
1.636000e-02	5.925839e-05
1.637000e-02	5.926471e-05
1.638000e-02	5.927102e-05
1.639000e-02	5.927733e-05
1.640000e-02	5.928365e-05
1.641000e-02	5.928996e-05
1.642000e-02	5.929627e-05
1.643000e-02	5.930259e-05
1.644000e-02	5.930890e-05
1.645000e-02	5.931521e-05
1.646000e-02	5.932153e-05
1.647000e-02	5.932784e-05
1.648000e-02	5.933415e-05
1.649000e-02	5.934046e-05
1.650000e-02	5.934678e-05
1.651000e-02	5.935309e-05
1.652000e-02	5.935940e-05
1.653000e-02	5.936572e-05
1.654000e-02	5.937203e-05
1.655000e-02	5.937834e-05
1.656000e-02	5.938466e-05
1.657000e-02	5.939097e-05
1.658000e-02	5.939728e-05
1.659000e-02	5.940360e-05
1.660000e-02	5.940991e-05
1.661000e-02	5.941622e-05
1.662000e-02	5.942254e-05
1.663000e-02	5.942885e-05
1.664000e-02	5.943516e-05
1.665000e-02	5.944147e-05
1.666000e-02	5.944779e-05
1.667000e-02	5.945410e-05
1.668000e-02	5.946041e-05
1.669000e-02	5.946673e-05
1.670000e-02	5.947304e-05
1.671000e-02	5.947935e-05
1.672000e-02	5.948567e-05
1.673000e-02	5.949198e-05
1.674000e-02	5.949829e-05
1.675000e-02	5.950461e-05
1.676000e-02	5.951092e-05
1.677000e-02	5.951723e-05
1.678000e-02	5.952355e-05
1.679000e-02	5.952986e-05
1.680000e-02	5.953617e-05
1.681000e-02	5.954248e-05
1.682000e-02	5.954880e-05
1.683000e-02	5.955511e-05
1.684000e-02	5.956142e-05
1.685000e-02	5.956774e-05
1.686000e-02	5.957405e-05
1.687000e-02	5.958036e-05
1.688000e-02	5.958668e-05
1.689000e-02	5.959299e-05
1.690000e-02	5.959930e-05
1.691000e-02	5.960562e-05
1.692000e-02	5.961193e-05
1.693000e-02	5.961824e-05
1.694000e-02	5.962456e-05
1.695000e-02	5.963087e-05
1.696000e-02	5.963718e-05
1.697000e-02	5.964349e-05
1.698000e-02	5.964981e-05
1.699000e-02	5.965612e-05
1.700000e-02	5.966243e-05
1.701000e-02	5.966875e-05
1.702000e-02	5.967506e-05
1.703000e-02	5.968137e-05
1.704000e-02	5.968769e-05
1.705000e-02	5.969400e-05
1.706000e-02	5.970031e-05
1.707000e-02	5.970663e-05
1.708000e-02	5.971294e-05
1.709000e-02	5.971925e-05
1.710000e-02	5.972557e-05
1.711000e-02	5.973188e-05
1.712000e-02	5.973819e-05
1.713000e-02	5.974450e-05
1.714000e-02	5.975082e-05
1.715000e-02	5.975713e-05
1.716000e-02	5.976344e-05
1.717000e-02	5.976976e-05
1.718000e-02	5.977607e-05
1.719000e-02	5.978238e-05
1.720000e-02	5.978870e-05
1.721000e-02	5.979501e-05
1.722000e-02	5.980132e-05
1.723000e-02	5.980764e-05
1.724000e-02	5.981395e-05
1.725000e-02	5.982026e-05
1.726000e-02	5.982658e-05
1.727000e-02	5.983289e-05
1.728000e-02	5.983920e-05
1.729000e-02	5.984551e-05
1.730000e-02	5.985183e-05
1.731000e-02	5.985814e-05
1.732000e-02	5.986445e-05
1.733000e-02	5.987077e-05
1.734000e-02	5.987708e-05
1.735000e-02	5.988339e-05
1.736000e-02	5.988971e-05
1.737000e-02	5.989602e-05
1.738000e-02	5.990233e-05
1.739000e-02	5.990865e-05
1.740000e-02	5.991496e-05
1.741000e-02	5.992127e-05
1.742000e-02	5.992759e-05
1.743000e-02	5.993390e-05
1.744000e-02	5.994021e-05
1.745000e-02	5.994652e-05
1.746000e-02	5.995284e-05
1.747000e-02	5.995915e-05
1.748000e-02	5.996546e-05
1.749000e-02	5.997178e-05
1.750000e-02	5.997809e-05
1.751000e-02	5.998440e-05
1.752000e-02	5.999072e-05
1.753000e-02	5.999703e-05
1.754000e-02	6.000334e-05
1.755000e-02	6.000966e-05
1.756000e-02	6.001597e-05
1.757000e-02	6.002228e-05
1.758000e-02	6.002860e-05
1.759000e-02	6.003491e-05
1.760000e-02	6.004122e-05
1.761000e-02	6.004753e-05
1.762000e-02	6.005385e-05
1.763000e-02	6.006016e-05
1.764000e-02	6.006647e-05
1.765000e-02	6.007279e-05
1.766000e-02	6.007910e-05
1.767000e-02	6.008541e-05
1.768000e-02	6.009173e-05
1.769000e-02	6.009804e-05
1.770000e-02	6.010435e-05
1.771000e-02	6.011067e-05
1.772000e-02	6.011698e-05
1.773000e-02	6.012329e-05
1.774000e-02	6.012961e-05
1.775000e-02	6.013592e-05
1.776000e-02	6.014223e-05
1.777000e-02	6.014854e-05
1.778000e-02	6.015486e-05
1.779000e-02	6.016117e-05
1.780000e-02	6.016748e-05
1.781000e-02	6.017380e-05
1.782000e-02	6.018011e-05
1.783000e-02	6.018642e-05
1.784000e-02	6.019274e-05
1.785000e-02	6.019905e-05
1.786000e-02	6.020536e-05
1.787000e-02	6.021168e-05
1.788000e-02	6.021799e-05
1.789000e-02	6.022430e-05
1.790000e-02	6.023062e-05
1.791000e-02	6.023693e-05
1.792000e-02	6.024324e-05
1.793000e-02	6.024955e-05
1.794000e-02	6.025587e-05
1.795000e-02	6.026218e-05
1.796000e-02	6.026849e-05
1.797000e-02	6.027481e-05
1.798000e-02	6.028112e-05
1.799000e-02	6.028743e-05
1.800000e-02	6.029375e-05
1.801000e-02	6.030006e-05
1.802000e-02	6.030637e-05
1.803000e-02	6.031269e-05
1.804000e-02	6.031900e-05
1.805000e-02	6.032531e-05
1.806000e-02	6.033163e-05
1.807000e-02	6.033794e-05
1.808000e-02	6.034425e-05
1.809000e-02	6.035056e-05
1.810000e-02	6.035688e-05
1.811000e-02	6.036319e-05
1.812000e-02	6.036950e-05
1.813000e-02	6.037582e-05
1.814000e-02	6.038213e-05
1.815000e-02	6.038844e-05
1.816000e-02	6.039476e-05
1.817000e-02	6.040107e-05
1.818000e-02	6.040738e-05
1.819000e-02	6.041370e-05
1.820000e-02	6.042001e-05
1.821000e-02	6.042632e-05
1.822000e-02	6.043264e-05
1.823000e-02	6.043895e-05
1.824000e-02	6.044526e-05
1.825000e-02	6.045157e-05
1.826000e-02	6.045789e-05
1.827000e-02	6.046420e-05
1.828000e-02	6.047051e-05
1.829000e-02	6.047683e-05
1.830000e-02	6.048314e-05
1.831000e-02	6.048945e-05
1.832000e-02	6.049577e-05
1.833000e-02	6.050208e-05
1.834000e-02	6.050839e-05
1.835000e-02	6.051471e-05
1.836000e-02	6.052102e-05
1.837000e-02	6.052733e-05
1.838000e-02	6.053365e-05
1.839000e-02	6.053996e-05
1.840000e-02	6.054627e-05
1.841000e-02	6.055258e-05
1.842000e-02	6.055890e-05
1.843000e-02	6.056521e-05
1.844000e-02	6.057152e-05
1.845000e-02	6.057784e-05
1.846000e-02	6.058415e-05
1.847000e-02	6.059046e-05
1.848000e-02	6.059678e-05
1.849000e-02	6.060309e-05
1.850000e-02	6.060940e-05
1.851000e-02	6.061572e-05
1.852000e-02	6.062203e-05
1.853000e-02	6.062834e-05
1.854000e-02	6.063466e-05
1.855000e-02	6.064097e-05
1.856000e-02	6.064728e-05
1.857000e-02	6.065359e-05
1.858000e-02	6.065991e-05
1.859000e-02	6.066622e-05
1.860000e-02	6.067253e-05
1.861000e-02	6.067885e-05
1.862000e-02	6.068516e-05
1.863000e-02	6.069147e-05
1.864000e-02	6.069779e-05
1.865000e-02	6.070410e-05
1.866000e-02	6.071041e-05
1.867000e-02	6.071673e-05
1.868000e-02	6.072304e-05
1.869000e-02	6.072935e-05
1.870000e-02	6.073567e-05
1.871000e-02	6.074198e-05
1.872000e-02	6.074829e-05
1.873000e-02	6.075460e-05
1.874000e-02	6.076092e-05
1.875000e-02	6.076723e-05
1.876000e-02	6.077354e-05
1.877000e-02	6.077986e-05
1.878000e-02	6.078617e-05
1.879000e-02	6.079248e-05
1.880000e-02	6.079880e-05
1.881000e-02	6.080511e-05
1.882000e-02	6.081142e-05
1.883000e-02	6.081774e-05
1.884000e-02	6.082405e-05
1.885000e-02	6.083036e-05
1.886000e-02	6.083667e-05
1.887000e-02	6.084299e-05
1.888000e-02	6.084930e-05
1.889000e-02	6.085561e-05
1.890000e-02	6.086193e-05
1.891000e-02	6.086824e-05
1.892000e-02	6.087455e-05
1.893000e-02	6.088087e-05
1.894000e-02	6.088718e-05
1.895000e-02	6.089349e-05
1.896000e-02	6.089981e-05
1.897000e-02	6.090612e-05
1.898000e-02	6.091243e-05
1.899000e-02	6.091875e-05
1.900000e-02	6.092506e-05
1.901000e-02	6.093137e-05
1.902000e-02	6.093768e-05
1.903000e-02	6.094400e-05
1.904000e-02	6.095031e-05
1.905000e-02	6.095662e-05
1.906000e-02	6.096294e-05
1.907000e-02	6.096925e-05
1.908000e-02	6.097556e-05
1.909000e-02	6.098188e-05
1.910000e-02	6.098819e-05
1.911000e-02	6.099450e-05
1.912000e-02	6.100082e-05
1.913000e-02	6.100713e-05
1.914000e-02	6.101344e-05
1.915000e-02	6.101976e-05
1.916000e-02	6.102607e-05
1.917000e-02	6.103238e-05
1.918000e-02	6.103869e-05
1.919000e-02	6.104501e-05
1.920000e-02	6.105132e-05
1.921000e-02	6.105763e-05
1.922000e-02	6.106395e-05
1.923000e-02	6.107026e-05
1.924000e-02	6.107657e-05
1.925000e-02	6.108289e-05
1.926000e-02	6.108920e-05
1.927000e-02	6.109551e-05
1.928000e-02	6.110183e-05
1.929000e-02	6.110814e-05
1.930000e-02	6.111445e-05
1.931000e-02	6.112077e-05
1.932000e-02	6.112708e-05
1.933000e-02	6.113339e-05
1.934000e-02	6.113970e-05
1.935000e-02	6.114602e-05
1.936000e-02	6.115233e-05
1.937000e-02	6.115864e-05
1.938000e-02	6.116496e-05
1.939000e-02	6.117127e-05
1.940000e-02	6.117758e-05
1.941000e-02	6.118390e-05
1.942000e-02	6.119021e-05
1.943000e-02	6.119652e-05
1.944000e-02	6.120284e-05
1.945000e-02	6.120915e-05
1.946000e-02	6.121546e-05
1.947000e-02	6.122178e-05
1.948000e-02	6.122809e-05
1.949000e-02	6.123440e-05
1.950000e-02	6.124071e-05
1.951000e-02	6.124703e-05
1.952000e-02	6.125334e-05
1.953000e-02	6.125965e-05
1.954000e-02	6.126597e-05
1.955000e-02	6.127228e-05
1.956000e-02	6.127859e-05
1.957000e-02	6.128491e-05
1.958000e-02	6.129122e-05
1.959000e-02	6.129753e-05
1.960000e-02	6.130385e-05
1.961000e-02	6.131016e-05
1.962000e-02	6.131647e-05
1.963000e-02	6.132279e-05
1.964000e-02	6.132910e-05
1.965000e-02	6.133541e-05
1.966000e-02	6.134172e-05
1.967000e-02	6.134804e-05
1.968000e-02	6.135435e-05
1.969000e-02	6.136066e-05
1.970000e-02	6.136698e-05
1.971000e-02	6.137329e-05
1.972000e-02	6.137960e-05
1.973000e-02	6.138592e-05
1.974000e-02	6.139223e-05
1.975000e-02	6.139854e-05
1.976000e-02	6.140486e-05
1.977000e-02	6.141117e-05
1.978000e-02	6.141748e-05
1.979000e-02	6.142380e-05
1.980000e-02	6.143011e-05
1.981000e-02	6.143642e-05
1.982000e-02	6.144273e-05
1.983000e-02	6.144905e-05
1.984000e-02	6.145536e-05
1.985000e-02	6.146167e-05
1.986000e-02	6.146799e-05
1.987000e-02	6.147430e-05
1.988000e-02	6.148061e-05
1.989000e-02	6.148693e-05
1.990000e-02	6.149324e-05
1.991000e-02	6.149955e-05
1.992000e-02	6.150587e-05
1.993000e-02	6.151218e-05
1.994000e-02	6.151849e-05
1.995000e-02	6.152481e-05
1.996000e-02	6.153112e-05
1.997000e-02	6.153743e-05
1.998000e-02	6.154374e-05
1.999000e-02	6.155006e-05
2.000000e-02	6.155637e-05
2.001000e-02	6.156268e-05
2.002000e-02	6.156900e-05
2.003000e-02	6.157531e-05
2.004000e-02	6.158162e-05
2.005000e-02	6.158794e-05
2.006000e-02	6.159425e-05
2.007000e-02	6.160056e-05
2.008000e-02	6.160688e-05
2.009000e-02	6.161319e-05
2.010000e-02	6.161950e-05
2.011000e-02	6.162582e-05
2.012000e-02	6.163213e-05
2.013000e-02	6.163844e-05
2.014000e-02	6.164475e-05
2.015000e-02	6.165107e-05
2.016000e-02	6.165738e-05
2.017000e-02	6.166369e-05
2.018000e-02	6.167001e-05
2.019000e-02	6.167632e-05
2.020000e-02	6.168263e-05
2.021000e-02	6.168895e-05
2.022000e-02	6.169526e-05
2.023000e-02	6.170157e-05
2.024000e-02	6.170789e-05
2.025000e-02	6.171420e-05
2.026000e-02	6.172051e-05
2.027000e-02	6.172683e-05
2.028000e-02	6.173314e-05
2.029000e-02	6.173945e-05
2.030000e-02	6.174576e-05
2.031000e-02	6.175208e-05
2.032000e-02	6.175839e-05
2.033000e-02	6.176470e-05
2.034000e-02	6.177102e-05
2.035000e-02	6.177733e-05
2.036000e-02	6.178364e-05
2.037000e-02	6.178996e-05
2.038000e-02	6.179627e-05
2.039000e-02	6.180258e-05
2.040000e-02	6.180890e-05
2.041000e-02	6.181521e-05
2.042000e-02	6.182152e-05
2.043000e-02	6.182784e-05
2.044000e-02	6.183415e-05
2.045000e-02	6.184046e-05
2.046000e-02	6.184677e-05
2.047000e-02	6.185309e-05
2.048000e-02	6.185940e-05
2.049000e-02	6.186571e-05
2.050000e-02	6.187203e-05
2.051000e-02	6.187834e-05
2.052000e-02	6.188465e-05
2.053000e-02	6.189097e-05
2.054000e-02	6.189728e-05
2.055000e-02	6.190359e-05
2.056000e-02	6.190991e-05
2.057000e-02	6.191622e-05
2.058000e-02	6.192253e-05
2.059000e-02	6.192885e-05
2.060000e-02	6.193516e-05
2.061000e-02	6.194147e-05
2.062000e-02	6.194778e-05
2.063000e-02	6.195410e-05
2.064000e-02	6.196041e-05
2.065000e-02	6.196672e-05
2.066000e-02	6.197304e-05
2.067000e-02	6.197935e-05
2.068000e-02	6.198566e-05
2.069000e-02	6.199198e-05
2.070000e-02	6.199829e-05
2.071000e-02	6.200460e-05
2.072000e-02	6.201092e-05
2.073000e-02	6.201723e-05
2.074000e-02	6.202354e-05
2.075000e-02	6.202986e-05
2.076000e-02	6.203617e-05
2.077000e-02	6.204248e-05
2.078000e-02	6.204879e-05
2.079000e-02	6.205511e-05
2.080000e-02	6.206142e-05
2.081000e-02	6.206773e-05
2.082000e-02	6.207405e-05
2.083000e-02	6.208036e-05
2.084000e-02	6.208667e-05
2.085000e-02	6.209299e-05
2.086000e-02	6.209930e-05
2.087000e-02	6.210561e-05
2.088000e-02	6.211193e-05
2.089000e-02	6.211824e-05
2.090000e-02	6.212455e-05
2.091000e-02	6.213087e-05
2.092000e-02	6.213718e-05
2.093000e-02	6.214349e-05
2.094000e-02	6.214980e-05
2.095000e-02	6.215612e-05
2.096000e-02	6.216243e-05
2.097000e-02	6.216874e-05
2.098000e-02	6.217506e-05
2.099000e-02	6.218137e-05
2.100000e-02	6.218768e-05
2.101000e-02	6.219996e-05
2.102000e-02	6.221223e-05
2.103000e-02	6.222450e-05
2.104000e-02	6.223677e-05
2.105000e-02	6.224904e-05
2.106000e-02	6.226132e-05
2.107000e-02	6.227359e-05
2.108000e-02	6.228586e-05
2.109000e-02	6.229813e-05
2.110000e-02	6.231041e-05
2.111000e-02	6.232268e-05
2.112000e-02	6.233495e-05
2.113000e-02	6.234722e-05
2.114000e-02	6.235950e-05
2.115000e-02	6.237177e-05
2.116000e-02	6.238404e-05
2.117000e-02	6.239631e-05
2.118000e-02	6.240859e-05
2.119000e-02	6.242086e-05
2.120000e-02	6.243313e-05
2.121000e-02	6.244540e-05
2.122000e-02	6.245767e-05
2.123000e-02	6.246995e-05
2.124000e-02	6.248222e-05
2.125000e-02	6.249449e-05
2.126000e-02	6.250676e-05
2.127000e-02	6.251904e-05
2.128000e-02	6.253131e-05
2.129000e-02	6.254358e-05
2.130000e-02	6.255585e-05
2.131000e-02	6.256813e-05
2.132000e-02	6.258040e-05
2.133000e-02	6.259267e-05
2.134000e-02	6.260494e-05
2.135000e-02	6.261721e-05
2.136000e-02	6.262949e-05
2.137000e-02	6.264176e-05
2.138000e-02	6.265403e-05
2.139000e-02	6.266630e-05
2.140000e-02	6.267858e-05
2.141000e-02	6.269085e-05
2.142000e-02	6.270312e-05
2.143000e-02	6.271539e-05
2.144000e-02	6.272767e-05
2.145000e-02	6.273994e-05
2.146000e-02	6.275221e-05
2.147000e-02	6.276448e-05
2.148000e-02	6.277675e-05
2.149000e-02	6.278903e-05
2.150000e-02	6.280130e-05
2.151000e-02	6.281357e-05
2.152000e-02	6.282584e-05
2.153000e-02	6.283812e-05
2.154000e-02	6.285039e-05
2.155000e-02	6.286266e-05
2.156000e-02	6.287493e-05
2.157000e-02	6.288721e-05
2.158000e-02	6.289948e-05
2.159000e-02	6.291175e-05
2.160000e-02	6.292402e-05
2.161000e-02	6.293630e-05
2.162000e-02	6.294857e-05
2.163000e-02	6.296084e-05
2.164000e-02	6.297311e-05
2.165000e-02	6.298538e-05
2.166000e-02	6.299766e-05
2.167000e-02	6.300993e-05
2.168000e-02	6.302220e-05
2.169000e-02	6.303447e-05
2.170000e-02	6.304675e-05
2.171000e-02	6.305902e-05
2.172000e-02	6.307129e-05
2.173000e-02	6.308356e-05
2.174000e-02	6.309584e-05
2.175000e-02	6.310811e-05
2.176000e-02	6.312038e-05
2.177000e-02	6.313265e-05
2.178000e-02	6.314492e-05
2.179000e-02	6.315720e-05
2.180000e-02	6.316947e-05
2.181000e-02	6.318174e-05
2.182000e-02	6.319401e-05
2.183000e-02	6.320629e-05
2.184000e-02	6.321856e-05
2.185000e-02	6.323083e-05
2.186000e-02	6.324310e-05
2.187000e-02	6.325538e-05
2.188000e-02	6.326765e-05
2.189000e-02	6.327992e-05
2.190000e-02	6.329219e-05
2.191000e-02	6.330446e-05
2.192000e-02	6.331674e-05
2.193000e-02	6.332901e-05
2.194000e-02	6.334128e-05
2.195000e-02	6.335355e-05
2.196000e-02	6.336583e-05
2.197000e-02	6.337810e-05
2.198000e-02	6.339037e-05
2.199000e-02	6.340264e-05
2.200000e-02	6.341492e-05
2.201000e-02	6.342873e-05
2.202000e-02	6.344254e-05
2.203000e-02	6.345635e-05
2.204000e-02	6.347016e-05
2.205000e-02	6.348397e-05
2.206000e-02	6.349778e-05
2.207000e-02	6.351159e-05
2.208000e-02	6.352540e-05
2.209000e-02	6.353921e-05
2.210000e-02	6.355302e-05
2.211000e-02	6.356683e-05
2.212000e-02	6.358064e-05
2.213000e-02	6.359445e-05
2.214000e-02	6.360826e-05
2.215000e-02	6.362207e-05
2.216000e-02	6.363588e-05
2.217000e-02	6.364969e-05
2.218000e-02	6.366350e-05
2.219000e-02	6.367732e-05
2.220000e-02	6.369113e-05
2.221000e-02	6.370494e-05
2.222000e-02	6.371875e-05
2.223000e-02	6.373256e-05
2.224000e-02	6.374637e-05
2.225000e-02	6.376018e-05
2.226000e-02	6.377399e-05
2.227000e-02	6.378780e-05
2.228000e-02	6.380161e-05
2.229000e-02	6.381542e-05
2.230000e-02	6.382923e-05
2.231000e-02	6.384304e-05
2.232000e-02	6.385685e-05
2.233000e-02	6.387066e-05
2.234000e-02	6.388447e-05
2.235000e-02	6.389828e-05
2.236000e-02	6.391209e-05
2.237000e-02	6.392590e-05
2.238000e-02	6.393972e-05
2.239000e-02	6.395353e-05
2.240000e-02	6.396734e-05
2.241000e-02	6.398115e-05
2.242000e-02	6.399496e-05
2.243000e-02	6.400877e-05
2.244000e-02	6.402258e-05
2.245000e-02	6.403639e-05
2.246000e-02	6.405020e-05
2.247000e-02	6.406401e-05
2.248000e-02	6.407782e-05
2.249000e-02	6.409163e-05
2.250000e-02	6.410544e-05
2.251000e-02	6.411925e-05
2.252000e-02	6.413306e-05
2.253000e-02	6.414687e-05
2.254000e-02	6.416068e-05
2.255000e-02	6.417449e-05
2.256000e-02	6.418830e-05
2.257000e-02	6.420211e-05
2.258000e-02	6.421593e-05
2.259000e-02	6.422974e-05
2.260000e-02	6.424355e-05
2.261000e-02	6.425736e-05
2.262000e-02	6.427117e-05
2.263000e-02	6.428498e-05
2.264000e-02	6.429879e-05
2.265000e-02	6.431260e-05
2.266000e-02	6.432641e-05
2.267000e-02	6.434022e-05
2.268000e-02	6.435403e-05
2.269000e-02	6.436784e-05
2.270000e-02	6.438165e-05
2.271000e-02	6.439546e-05
2.272000e-02	6.440927e-05
2.273000e-02	6.442308e-05
2.274000e-02	6.443689e-05
2.275000e-02	6.445070e-05
2.276000e-02	6.446451e-05
2.277000e-02	6.447833e-05
2.278000e-02	6.449214e-05
2.279000e-02	6.450595e-05
2.280000e-02	6.451976e-05
2.281000e-02	6.453357e-05
2.282000e-02	6.454738e-05
2.283000e-02	6.456119e-05
2.284000e-02	6.457500e-05
2.285000e-02	6.458881e-05
2.286000e-02	6.460262e-05
2.287000e-02	6.461643e-05
2.288000e-02	6.463024e-05
2.289000e-02	6.464405e-05
2.290000e-02	6.465786e-05
2.291000e-02	6.467167e-05
2.292000e-02	6.468548e-05
2.293000e-02	6.469929e-05
2.294000e-02	6.471310e-05
2.295000e-02	6.472691e-05
2.296000e-02	6.474073e-05
2.297000e-02	6.475454e-05
2.298000e-02	6.476835e-05
2.299000e-02	6.478216e-05
2.300000e-02	6.479597e-05
2.301000e-02	6.481122e-05
2.302000e-02	6.482647e-05
2.303000e-02	6.484172e-05
2.304000e-02	6.485698e-05
2.305000e-02	6.487223e-05
2.306000e-02	6.488748e-05
2.307000e-02	6.490274e-05
2.308000e-02	6.491799e-05
2.309000e-02	6.493324e-05
2.310000e-02	6.494849e-05
2.311000e-02	6.496375e-05
2.312000e-02	6.497900e-05
2.313000e-02	6.499425e-05
2.314000e-02	6.500950e-05
2.315000e-02	6.502476e-05
2.316000e-02	6.504001e-05
2.317000e-02	6.505526e-05
2.318000e-02	6.507051e-05
2.319000e-02	6.508577e-05
2.320000e-02	6.510102e-05
2.321000e-02	6.511627e-05
2.322000e-02	6.513152e-05
2.323000e-02	6.514678e-05
2.324000e-02	6.516203e-05
2.325000e-02	6.517728e-05
2.326000e-02	6.519254e-05
2.327000e-02	6.520779e-05
2.328000e-02	6.522304e-05
2.329000e-02	6.523829e-05
2.330000e-02	6.525355e-05
2.331000e-02	6.526880e-05
2.332000e-02	6.528405e-05
2.333000e-02	6.529930e-05
2.334000e-02	6.531456e-05
2.335000e-02	6.532981e-05
2.336000e-02	6.534506e-05
2.337000e-02	6.536031e-05
2.338000e-02	6.537557e-05
2.339000e-02	6.539082e-05
2.340000e-02	6.540607e-05
2.341000e-02	6.542132e-05
2.342000e-02	6.543658e-05
2.343000e-02	6.545183e-05
2.344000e-02	6.546708e-05
2.345000e-02	6.548233e-05
2.346000e-02	6.549759e-05
2.347000e-02	6.551284e-05
2.348000e-02	6.552809e-05
2.349000e-02	6.554335e-05
2.350000e-02	6.555860e-05
2.351000e-02	6.557385e-05
2.352000e-02	6.558910e-05
2.353000e-02	6.560436e-05
2.354000e-02	6.561961e-05
2.355000e-02	6.563486e-05
2.356000e-02	6.565011e-05
2.357000e-02	6.566537e-05
2.358000e-02	6.568062e-05
2.359000e-02	6.569587e-05
2.360000e-02	6.571112e-05
2.361000e-02	6.572638e-05
2.362000e-02	6.574163e-05
2.363000e-02	6.575688e-05
2.364000e-02	6.577213e-05
2.365000e-02	6.578739e-05
2.366000e-02	6.580264e-05
2.367000e-02	6.581789e-05
2.368000e-02	6.583314e-05
2.369000e-02	6.584840e-05
2.370000e-02	6.586365e-05
2.371000e-02	6.587890e-05
2.372000e-02	6.589416e-05
2.373000e-02	6.590941e-05
2.374000e-02	6.592466e-05
2.375000e-02	6.593991e-05
2.376000e-02	6.595517e-05
2.377000e-02	6.597042e-05
2.378000e-02	6.598567e-05
2.379000e-02	6.600092e-05
2.380000e-02	6.601618e-05
2.381000e-02	6.603143e-05
2.382000e-02	6.604668e-05
2.383000e-02	6.606193e-05
2.384000e-02	6.607719e-05
2.385000e-02	6.609244e-05
2.386000e-02	6.610769e-05
2.387000e-02	6.612294e-05
2.388000e-02	6.613820e-05
2.389000e-02	6.615345e-05
2.390000e-02	6.616870e-05
2.391000e-02	6.618396e-05
2.392000e-02	6.619921e-05
2.393000e-02	6.621446e-05
2.394000e-02	6.622971e-05
2.395000e-02	6.624497e-05
2.396000e-02	6.626022e-05
2.397000e-02	6.627547e-05
2.398000e-02	6.629072e-05
2.399000e-02	6.630598e-05
2.400000e-02	6.632123e-05
2.401000e-02	6.633783e-05
2.402000e-02	6.635442e-05
2.403000e-02	6.637102e-05
2.404000e-02	6.638762e-05
2.405000e-02	6.640422e-05
2.406000e-02	6.642081e-05
2.407000e-02	6.643741e-05
2.408000e-02	6.645401e-05
2.409000e-02	6.647061e-05
2.410000e-02	6.648721e-05
2.411000e-02	6.650380e-05
2.412000e-02	6.652040e-05
2.413000e-02	6.653700e-05
2.414000e-02	6.655360e-05
2.415000e-02	6.657019e-05
2.416000e-02	6.658679e-05
2.417000e-02	6.660339e-05
2.418000e-02	6.661999e-05
2.419000e-02	6.663658e-05
2.420000e-02	6.665318e-05
2.421000e-02	6.666978e-05
2.422000e-02	6.668638e-05
2.423000e-02	6.670297e-05
2.424000e-02	6.671957e-05
2.425000e-02	6.673617e-05
2.426000e-02	6.675277e-05
2.427000e-02	6.676937e-05
2.428000e-02	6.678596e-05
2.429000e-02	6.680256e-05
2.430000e-02	6.681916e-05
2.431000e-02	6.683576e-05
2.432000e-02	6.685235e-05
2.433000e-02	6.686895e-05
2.434000e-02	6.688555e-05
2.435000e-02	6.690215e-05
2.436000e-02	6.691874e-05
2.437000e-02	6.693534e-05
2.438000e-02	6.695194e-05
2.439000e-02	6.696854e-05
2.440000e-02	6.698513e-05
2.441000e-02	6.700173e-05
2.442000e-02	6.701833e-05
2.443000e-02	6.703493e-05
2.444000e-02	6.705153e-05
2.445000e-02	6.706812e-05
2.446000e-02	6.708472e-05
2.447000e-02	6.710132e-05
2.448000e-02	6.711792e-05
2.449000e-02	6.713451e-05
2.450000e-02	6.715111e-05
2.451000e-02	6.716771e-05
2.452000e-02	6.718431e-05
2.453000e-02	6.720090e-05
2.454000e-02	6.721750e-05
2.455000e-02	6.723410e-05
2.456000e-02	6.725070e-05
2.457000e-02	6.726730e-05
2.458000e-02	6.728389e-05
2.459000e-02	6.730049e-05
2.460000e-02	6.731709e-05
2.461000e-02	6.733369e-05
2.462000e-02	6.735028e-05
2.463000e-02	6.736688e-05
2.464000e-02	6.738348e-05
2.465000e-02	6.740008e-05
2.466000e-02	6.741667e-05
2.467000e-02	6.743327e-05
2.468000e-02	6.744987e-05
2.469000e-02	6.746647e-05
2.470000e-02	6.748306e-05
2.471000e-02	6.749966e-05
2.472000e-02	6.751626e-05
2.473000e-02	6.753286e-05
2.474000e-02	6.754946e-05
2.475000e-02	6.756605e-05
2.476000e-02	6.758265e-05
2.477000e-02	6.759925e-05
2.478000e-02	6.761585e-05
2.479000e-02	6.763244e-05
2.480000e-02	6.764904e-05
2.481000e-02	6.766564e-05
2.482000e-02	6.768224e-05
2.483000e-02	6.769883e-05
2.484000e-02	6.771543e-05
2.485000e-02	6.773203e-05
2.486000e-02	6.774863e-05
2.487000e-02	6.776522e-05
2.488000e-02	6.778182e-05
2.489000e-02	6.779842e-05
2.490000e-02	6.781502e-05
2.491000e-02	6.783162e-05
2.492000e-02	6.784821e-05
2.493000e-02	6.786481e-05
2.494000e-02	6.788141e-05
2.495000e-02	6.789801e-05
2.496000e-02	6.791460e-05
2.497000e-02	6.793120e-05
2.498000e-02	6.794780e-05
2.499000e-02	6.796440e-05
