z1_new_m	d2_new_long_m
1.000000e-03	6.765189e-05
1.010000e-03	6.763479e-05
1.020000e-03	6.761769e-05
1.030000e-03	6.760058e-05
1.040000e-03	6.758348e-05
1.050000e-03	6.756637e-05
1.060000e-03	6.754927e-05
1.070000e-03	6.753217e-05
1.080000e-03	6.751506e-05
1.090000e-03	6.749796e-05
1.100000e-03	6.748085e-05
1.110000e-03	6.746375e-05
1.120000e-03	6.744664e-05
1.130000e-03	6.742954e-05
1.140000e-03	6.741244e-05
1.150000e-03	6.739533e-05
1.160000e-03	6.737823e-05
1.170000e-03	6.736112e-05
1.180000e-03	6.734402e-05
1.190000e-03	6.732692e-05
1.200000e-03	6.730981e-05
1.210000e-03	6.729271e-05
1.220000e-03	6.727560e-05
1.230000e-03	6.725850e-05
1.240000e-03	6.724140e-05
1.250000e-03	6.722429e-05
1.260000e-03	6.720719e-05
1.270000e-03	6.719008e-05
1.280000e-03	6.717298e-05
1.290000e-03	6.715588e-05
1.300000e-03	6.713877e-05
1.310000e-03	6.712167e-05
1.320000e-03	6.710456e-05
1.330000e-03	6.708746e-05
1.340000e-03	6.707036e-05
1.350000e-03	6.705325e-05
1.360000e-03	6.703615e-05
1.370000e-03	6.701904e-05
1.380000e-03	6.700194e-05
1.390000e-03	6.698484e-05
1.400000e-03	6.696773e-05
1.410000e-03	6.695063e-05
1.420000e-03	6.693352e-05
1.430000e-03	6.691642e-05
1.440000e-03	6.689932e-05
1.450000e-03	6.688221e-05
1.460000e-03	6.686511e-05
1.470000e-03	6.684800e-05
1.480000e-03	6.683090e-05
1.490000e-03	6.681380e-05
1.500000e-03	6.679669e-05
1.510000e-03	6.677959e-05
1.520000e-03	6.676248e-05
1.530000e-03	6.674538e-05
1.540000e-03	6.672827e-05
1.550000e-03	6.671117e-05
1.560000e-03	6.669407e-05
1.570000e-03	6.667696e-05
1.580000e-03	6.665986e-05
1.590000e-03	6.664275e-05
1.600000e-03	6.662565e-05
1.610000e-03	6.660855e-05
1.620000e-03	6.659144e-05
1.630000e-03	6.657434e-05
1.640000e-03	6.655723e-05
1.650000e-03	6.654013e-05
1.660000e-03	6.652303e-05
1.670000e-03	6.650592e-05
1.680000e-03	6.648882e-05
1.690000e-03	6.647171e-05
1.700000e-03	6.645461e-05
1.710000e-03	6.643751e-05
1.720000e-03	6.642040e-05
1.730000e-03	6.640330e-05
1.740000e-03	6.638619e-05
1.750000e-03	6.636909e-05
1.760000e-03	6.635199e-05
1.770000e-03	6.633488e-05
1.780000e-03	6.631778e-05
1.790000e-03	6.630067e-05
1.800000e-03	6.628357e-05
1.810000e-03	6.626647e-05
1.820000e-03	6.624936e-05
1.830000e-03	6.623226e-05
1.840000e-03	6.621515e-05
1.850000e-03	6.619805e-05
1.860000e-03	6.618095e-05
1.870000e-03	6.616384e-05
1.880000e-03	6.614674e-05
1.890000e-03	6.612963e-05
1.900000e-03	6.611253e-05
1.910000e-03	6.609543e-05
1.920000e-03	6.607832e-05
1.930000e-03	6.606122e-05
1.940000e-03	6.604411e-05
1.950000e-03	6.602701e-05
1.960000e-03	6.600990e-05
1.970000e-03	6.599280e-05
1.980000e-03	6.597570e-05
1.990000e-03	6.595859e-05
2.000000e-03	6.594149e-05
2.010000e-03	6.592584e-05
2.020000e-03	6.591020e-05
2.030000e-03	6.589455e-05
2.040000e-03	6.587891e-05
2.050000e-03	6.586326e-05
2.060000e-03	6.584761e-05
2.070000e-03	6.583197e-05
2.080000e-03	6.581632e-05
2.090000e-03	6.580068e-05
2.100000e-03	6.578503e-05
2.110000e-03	6.576938e-05
2.120000e-03	6.575374e-05
2.130000e-03	6.573809e-05
2.140000e-03	6.572245e-05
2.150000e-03	6.570680e-05
2.160000e-03	6.569116e-05
2.170000e-03	6.567551e-05
2.180000e-03	6.565986e-05
2.190000e-03	6.564422e-05
2.200000e-03	6.562857e-05
2.210000e-03	6.561293e-05
2.220000e-03	6.559728e-05
2.230000e-03	6.558164e-05
2.240000e-03	6.556599e-05
2.250000e-03	6.555034e-05
2.260000e-03	6.553470e-05
2.270000e-03	6.551905e-05
2.280000e-03	6.550341e-05
2.290000e-03	6.548776e-05
2.300000e-03	6.547211e-05
2.310000e-03	6.545647e-05
2.320000e-03	6.544082e-05
2.330000e-03	6.542518e-05
2.340000e-03	6.540953e-05
2.350000e-03	6.539389e-05
2.360000e-03	6.537824e-05
2.370000e-03	6.536259e-05
2.380000e-03	6.534695e-05
2.390000e-03	6.533130e-05
2.400000e-03	6.531566e-05
2.410000e-03	6.530001e-05
2.420000e-03	6.528437e-05
2.430000e-03	6.526872e-05
2.440000e-03	6.525307e-05
2.450000e-03	6.523743e-05
2.460000e-03	6.522178e-05
2.470000e-03	6.520614e-05
2.480000e-03	6.519049e-05
2.490000e-03	6.517484e-05
2.500000e-03	6.515920e-05
2.510000e-03	6.514355e-05
2.520000e-03	6.512791e-05
2.530000e-03	6.511226e-05
2.540000e-03	6.509662e-05
2.550000e-03	6.508097e-05
2.560000e-03	6.506532e-05
2.570000e-03	6.504968e-05
2.580000e-03	6.503403e-05
2.590000e-03	6.501839e-05
2.600000e-03	6.500274e-05
2.610000e-03	6.498709e-05
2.620000e-03	6.497145e-05
2.630000e-03	6.495580e-05
2.640000e-03	6.494016e-05
2.650000e-03	6.492451e-05
2.660000e-03	6.490887e-05
2.670000e-03	6.489322e-05
2.680000e-03	6.487757e-05
2.690000e-03	6.486193e-05
2.700000e-03	6.484628e-05
2.710000e-03	6.483064e-05
2.720000e-03	6.481499e-05
2.730000e-03	6.479935e-05
2.740000e-03	6.478370e-05
2.750000e-03	6.476805e-05
2.760000e-03	6.475241e-05
2.770000e-03	6.473676e-05
2.780000e-03	6.472112e-05
2.790000e-03	6.470547e-05
2.800000e-03	6.468982e-05
2.810000e-03	6.467418e-05
2.820000e-03	6.465853e-05
2.830000e-03	6.464289e-05
2.840000e-03	6.462724e-05
2.850000e-03	6.461160e-05
2.860000e-03	6.459595e-05
2.870000e-03	6.458030e-05
2.880000e-03	6.456466e-05
2.890000e-03	6.454901e-05
2.900000e-03	6.453337e-05
2.910000e-03	6.451772e-05
2.920000e-03	6.450208e-05
2.930000e-03	6.448643e-05
2.940000e-03	6.447078e-05
2.950000e-03	6.445514e-05
2.960000e-03	6.443949e-05
2.970000e-03	6.442385e-05
2.980000e-03	6.440820e-05
2.990000e-03	6.439255e-05
3.000000e-03	6.437691e-05
3.010000e-03	6.436283e-05
3.020000e-03	6.434875e-05
3.030000e-03	6.433467e-05
3.040000e-03	6.432059e-05
3.050000e-03	6.430651e-05
3.060000e-03	6.429244e-05
3.070000e-03	6.427836e-05
3.080000e-03	6.426428e-05
3.090000e-03	6.425020e-05
3.100000e-03	6.423612e-05
3.110000e-03	6.422204e-05
3.120000e-03	6.420796e-05
3.130000e-03	6.419388e-05
3.140000e-03	6.417981e-05
3.150000e-03	6.416573e-05
3.160000e-03	6.415165e-05
3.170000e-03	6.413757e-05
3.180000e-03	6.412349e-05
3.190000e-03	6.410941e-05
3.200000e-03	6.409533e-05
3.210000e-03	6.408125e-05
3.220000e-03	6.406717e-05
3.230000e-03	6.405310e-05
3.240000e-03	6.403902e-05
3.250000e-03	6.402494e-05
3.260000e-03	6.401086e-05
3.270000e-03	6.399678e-05
3.280000e-03	6.398270e-05
3.290000e-03	6.396862e-05
3.300000e-03	6.395454e-05
3.310000e-03	6.394046e-05
3.320000e-03	6.392639e-05
3.330000e-03	6.391231e-05
3.340000e-03	6.389823e-05
3.350000e-03	6.388415e-05
3.360000e-03	6.387007e-05
3.370000e-03	6.385599e-05
3.380000e-03	6.384191e-05
3.390000e-03	6.382783e-05
3.400000e-03	6.381376e-05
3.410000e-03	6.379968e-05
3.420000e-03	6.378560e-05
3.430000e-03	6.377152e-05
3.440000e-03	6.375744e-05
3.450000e-03	6.374336e-05
3.460000e-03	6.372928e-05
3.470000e-03	6.371520e-05
3.480000e-03	6.370112e-05
3.490000e-03	6.368705e-05
3.500000e-03	6.367297e-05
3.510000e-03	6.365889e-05
3.520000e-03	6.364481e-05
3.530000e-03	6.363073e-05
3.540000e-03	6.361665e-05
3.550000e-03	6.360257e-05
3.560000e-03	6.358849e-05
3.570000e-03	6.357442e-05
3.580000e-03	6.356034e-05
3.590000e-03	6.354626e-05
3.600000e-03	6.353218e-05
3.610000e-03	6.351810e-05
3.620000e-03	6.350402e-05
3.630000e-03	6.348994e-05
3.640000e-03	6.347586e-05
3.650000e-03	6.346178e-05
3.660000e-03	6.344771e-05
3.670000e-03	6.343363e-05
3.680000e-03	6.341955e-05
3.690000e-03	6.340547e-05
3.700000e-03	6.339139e-05
3.710000e-03	6.337731e-05
3.720000e-03	6.336323e-05
3.730000e-03	6.334915e-05
3.740000e-03	6.333507e-05
3.750000e-03	6.332100e-05
3.760000e-03	6.330692e-05
3.770000e-03	6.329284e-05
3.780000e-03	6.327876e-05
3.790000e-03	6.326468e-05
3.800000e-03	6.325060e-05
3.810000e-03	6.323652e-05
3.820000e-03	6.322244e-05
3.830000e-03	6.320837e-05
3.840000e-03	6.319429e-05
3.850000e-03	6.318021e-05
3.860000e-03	6.316613e-05
3.870000e-03	6.315205e-05
3.880000e-03	6.313797e-05
3.890000e-03	6.312389e-05
3.900000e-03	6.310981e-05
3.910000e-03	6.309573e-05
3.920000e-03	6.308166e-05
3.930000e-03	6.306758e-05
3.940000e-03	6.305350e-05
3.950000e-03	6.303942e-05
3.960000e-03	6.302534e-05
3.970000e-03	6.301126e-05
3.980000e-03	6.299718e-05
3.990000e-03	6.298310e-05
4.000000e-03	6.296903e-05
4.010000e-03	6.295662e-05
4.020000e-03	6.294422e-05
4.030000e-03	6.293181e-05
4.040000e-03	6.291941e-05
4.050000e-03	6.290700e-05
4.060000e-03	6.289460e-05
4.070000e-03	6.288219e-05
4.080000e-03	6.286979e-05
4.090000e-03	6.285738e-05
4.100000e-03	6.284498e-05
4.110000e-03	6.283257e-05
4.120000e-03	6.282017e-05
4.130000e-03	6.280776e-05
4.140000e-03	6.279536e-05
4.150000e-03	6.278296e-05
4.160000e-03	6.277055e-05
4.170000e-03	6.275815e-05
4.180000e-03	6.274574e-05
4.190000e-03	6.273334e-05
4.200000e-03	6.272093e-05
4.210000e-03	6.270853e-05
4.220000e-03	6.269612e-05
4.230000e-03	6.268372e-05
4.240000e-03	6.267131e-05
4.250000e-03	6.265891e-05
4.260000e-03	6.264650e-05
4.270000e-03	6.263410e-05
4.280000e-03	6.262169e-05
4.290000e-03	6.260929e-05
4.300000e-03	6.259689e-05
4.310000e-03	6.258448e-05
4.320000e-03	6.257208e-05
4.330000e-03	6.255967e-05
4.340000e-03	6.254727e-05
4.350000e-03	6.253486e-05
4.360000e-03	6.252246e-05
4.370000e-03	6.251005e-05
4.380000e-03	6.249765e-05
4.390000e-03	6.248524e-05
4.400000e-03	6.247284e-05
4.410000e-03	6.246043e-05
4.420000e-03	6.244803e-05
4.430000e-03	6.243562e-05
4.440000e-03	6.242322e-05
4.450000e-03	6.241082e-05
4.460000e-03	6.239841e-05
4.470000e-03	6.238601e-05
4.480000e-03	6.237360e-05
4.490000e-03	6.236120e-05
4.500000e-03	6.234879e-05
4.510000e-03	6.233639e-05
4.520000e-03	6.232398e-05
4.530000e-03	6.231158e-05
4.540000e-03	6.229917e-05
4.550000e-03	6.228677e-05
4.560000e-03	6.227436e-05
4.570000e-03	6.226196e-05
4.580000e-03	6.224956e-05
4.590000e-03	6.223715e-05
4.600000e-03	6.222475e-05
4.610000e-03	6.221234e-05
4.620000e-03	6.219994e-05
4.630000e-03	6.218753e-05
4.640000e-03	6.217513e-05
4.650000e-03	6.216272e-05
4.660000e-03	6.215032e-05
4.670000e-03	6.213791e-05
4.680000e-03	6.212551e-05
4.690000e-03	6.211310e-05
4.700000e-03	6.210070e-05
4.710000e-03	6.208829e-05
4.720000e-03	6.207589e-05
4.730000e-03	6.206349e-05
4.740000e-03	6.205108e-05
4.750000e-03	6.203868e-05
4.760000e-03	6.202627e-05
4.770000e-03	6.201387e-05
4.780000e-03	6.200146e-05
4.790000e-03	6.198906e-05
4.800000e-03	6.197665e-05
4.810000e-03	6.196425e-05
4.820000e-03	6.195184e-05
4.830000e-03	6.193944e-05
4.840000e-03	6.192703e-05
4.850000e-03	6.191463e-05
4.860000e-03	6.190222e-05
4.870000e-03	6.188982e-05
4.880000e-03	6.187742e-05
4.890000e-03	6.186501e-05
4.900000e-03	6.185261e-05
4.910000e-03	6.184020e-05
4.920000e-03	6.182780e-05
4.930000e-03	6.181539e-05
4.940000e-03	6.180299e-05
4.950000e-03	6.179058e-05
4.960000e-03	6.177818e-05
4.970000e-03	6.176577e-05
4.980000e-03	6.175337e-05
4.990000e-03	6.174096e-05
5.000000e-03	6.172856e-05
5.010000e-03	6.172082e-05
5.020000e-03	6.171308e-05
5.030000e-03	6.170534e-05
5.040000e-03	6.169760e-05
5.050000e-03	6.168986e-05
5.060000e-03	6.168211e-05
5.070000e-03	6.167437e-05
5.080000e-03	6.166663e-05
5.090000e-03	6.165889e-05
5.100000e-03	6.165115e-05
5.110000e-03	6.164341e-05
5.120000e-03	6.163567e-05
5.130000e-03	6.162793e-05
5.140000e-03	6.162019e-05
5.150000e-03	6.161245e-05
5.160000e-03	6.160471e-05
5.170000e-03	6.159696e-05
5.180000e-03	6.158922e-05
5.190000e-03	6.158148e-05
5.200000e-03	6.157374e-05
5.210000e-03	6.156600e-05
5.220000e-03	6.155826e-05
5.230000e-03	6.155052e-05
5.240000e-03	6.154278e-05
5.250000e-03	6.153504e-05
5.260000e-03	6.152730e-05
5.270000e-03	6.151956e-05
5.280000e-03	6.151182e-05
5.290000e-03	6.150407e-05
5.300000e-03	6.149633e-05
5.310000e-03	6.148859e-05
5.320000e-03	6.148085e-05
5.330000e-03	6.147311e-05
5.340000e-03	6.146537e-05
5.350000e-03	6.145763e-05
5.360000e-03	6.144989e-05
5.370000e-03	6.144215e-05
5.380000e-03	6.143441e-05
5.390000e-03	6.142667e-05
5.400000e-03	6.141892e-05
5.410000e-03	6.141118e-05
5.420000e-03	6.140344e-05
5.430000e-03	6.139570e-05
5.440000e-03	6.138796e-05
5.450000e-03	6.138022e-05
5.460000e-03	6.137248e-05
5.470000e-03	6.136474e-05
5.480000e-03	6.135700e-05
5.490000e-03	6.134926e-05
5.500000e-03	6.134152e-05
5.510000e-03	6.133377e-05
5.520000e-03	6.132603e-05
5.530000e-03	6.131829e-05
5.540000e-03	6.131055e-05
5.550000e-03	6.130281e-05
5.560000e-03	6.129507e-05
5.570000e-03	6.128733e-05
5.580000e-03	6.127959e-05
5.590000e-03	6.127185e-05
5.600000e-03	6.126411e-05
5.610000e-03	6.125637e-05
5.620000e-03	6.124862e-05
5.630000e-03	6.124088e-05
5.640000e-03	6.123314e-05
5.650000e-03	6.122540e-05
5.660000e-03	6.121766e-05
5.670000e-03	6.120992e-05
5.680000e-03	6.120218e-05
5.690000e-03	6.119444e-05
5.700000e-03	6.118670e-05
5.710000e-03	6.117896e-05
5.720000e-03	6.117122e-05
5.730000e-03	6.116348e-05
5.740000e-03	6.115573e-05
5.750000e-03	6.114799e-05
5.760000e-03	6.114025e-05
5.770000e-03	6.113251e-05
5.780000e-03	6.112477e-05
5.790000e-03	6.111703e-05
5.800000e-03	6.110929e-05
5.810000e-03	6.110155e-05
5.820000e-03	6.109381e-05
5.830000e-03	6.108607e-05
5.840000e-03	6.107833e-05
5.850000e-03	6.107058e-05
5.860000e-03	6.106284e-05
5.870000e-03	6.105510e-05
5.880000e-03	6.104736e-05
5.890000e-03	6.103962e-05
5.900000e-03	6.103188e-05
5.910000e-03	6.102414e-05
5.920000e-03	6.101640e-05
5.930000e-03	6.100866e-05
5.940000e-03	6.100092e-05
5.950000e-03	6.099318e-05
5.960000e-03	6.098543e-05
5.970000e-03	6.097769e-05
5.980000e-03	6.096995e-05
5.990000e-03	6.096221e-05
6.000000e-03	6.095447e-05
6.010000e-03	6.094673e-05
6.020000e-03	6.093899e-05
6.030000e-03	6.093125e-05
6.040000e-03	6.092351e-05
6.050000e-03	6.091577e-05
6.060000e-03	6.090803e-05
6.070000e-03	6.090029e-05
6.080000e-03	6.089254e-05
6.090000e-03	6.088480e-05
6.100000e-03	6.087706e-05
6.110000e-03	6.086932e-05
6.120000e-03	6.086158e-05
6.130000e-03	6.085384e-05
6.140000e-03	6.084610e-05
6.150000e-03	6.083836e-05
6.160000e-03	6.083062e-05
6.170000e-03	6.082288e-05
6.180000e-03	6.081514e-05
6.190000e-03	6.080739e-05
6.200000e-03	6.079965e-05
6.210000e-03	6.079191e-05
6.220000e-03	6.078417e-05
6.230000e-03	6.077643e-05
6.240000e-03	6.076869e-05
6.250000e-03	6.076095e-05
6.260000e-03	6.075321e-05
6.270000e-03	6.074547e-05
6.280000e-03	6.073773e-05
6.290000e-03	6.072999e-05
6.300000e-03	6.072224e-05
6.310000e-03	6.071450e-05
6.320000e-03	6.070676e-05
6.330000e-03	6.069902e-05
6.340000e-03	6.069128e-05
6.350000e-03	6.068354e-05
6.360000e-03	6.067580e-05
6.370000e-03	6.066806e-05
6.380000e-03	6.066032e-05
6.390000e-03	6.065258e-05
6.400000e-03	6.064484e-05
6.410000e-03	6.063710e-05
6.420000e-03	6.062935e-05
6.430000e-03	6.062161e-05
6.440000e-03	6.061387e-05
6.450000e-03	6.060613e-05
6.460000e-03	6.059839e-05
6.470000e-03	6.059065e-05
6.480000e-03	6.058291e-05
6.490000e-03	6.057517e-05
6.500000e-03	6.056743e-05
6.510000e-03	6.055969e-05
6.520000e-03	6.055195e-05
6.530000e-03	6.054420e-05
6.540000e-03	6.053646e-05
6.550000e-03	6.052872e-05
6.560000e-03	6.052098e-05
6.570000e-03	6.051324e-05
6.580000e-03	6.050550e-05
6.590000e-03	6.049776e-05
6.600000e-03	6.049002e-05
6.610000e-03	6.048228e-05
6.620000e-03	6.047454e-05
6.630000e-03	6.046680e-05
6.640000e-03	6.045905e-05
6.650000e-03	6.045131e-05
6.660000e-03	6.044357e-05
6.670000e-03	6.043583e-05
6.680000e-03	6.042809e-05
6.690000e-03	6.042035e-05
6.700000e-03	6.041261e-05
6.710000e-03	6.040487e-05
6.720000e-03	6.039713e-05
6.730000e-03	6.038939e-05
6.740000e-03	6.038165e-05
6.750000e-03	6.037391e-05
6.760000e-03	6.036616e-05
6.770000e-03	6.035842e-05
6.780000e-03	6.035068e-05
6.790000e-03	6.034294e-05
6.800000e-03	6.033520e-05
6.810000e-03	6.032746e-05
6.820000e-03	6.031972e-05
6.830000e-03	6.031198e-05
6.840000e-03	6.030424e-05
6.850000e-03	6.029650e-05
6.860000e-03	6.028876e-05
6.870000e-03	6.028101e-05
6.880000e-03	6.027327e-05
6.890000e-03	6.026553e-05
6.900000e-03	6.025779e-05
6.910000e-03	6.025005e-05
6.920000e-03	6.024231e-05
6.930000e-03	6.023457e-05
6.940000e-03	6.022683e-05
6.950000e-03	6.021909e-05
6.960000e-03	6.021135e-05
6.970000e-03	6.020361e-05
6.980000e-03	6.019586e-05
6.990000e-03	6.018812e-05
7.000000e-03	6.018038e-05
7.010000e-03	6.017264e-05
7.020000e-03	6.016490e-05
7.030000e-03	6.015716e-05
7.040000e-03	6.014942e-05
7.050000e-03	6.014168e-05
7.060000e-03	6.013394e-05
7.070000e-03	6.012620e-05
7.080000e-03	6.011846e-05
7.090000e-03	6.011071e-05
7.100000e-03	6.010297e-05
7.110000e-03	6.009523e-05
7.120000e-03	6.008749e-05
7.130000e-03	6.007975e-05
7.140000e-03	6.007201e-05
7.150000e-03	6.006427e-05
7.160000e-03	6.005653e-05
7.170000e-03	6.004879e-05
7.180000e-03	6.004105e-05
7.190000e-03	6.003331e-05
7.200000e-03	6.002557e-05
7.210000e-03	6.001782e-05
7.220000e-03	6.001008e-05
7.230000e-03	6.000234e-05
7.240000e-03	5.999460e-05
7.250000e-03	5.998686e-05
7.260000e-03	5.997912e-05
7.270000e-03	5.997138e-05
7.280000e-03	5.996364e-05
7.290000e-03	5.995590e-05
7.300000e-03	5.994816e-05
7.310000e-03	5.994042e-05
7.320000e-03	5.993267e-05
7.330000e-03	5.992493e-05
7.340000e-03	5.991719e-05
7.350000e-03	5.990945e-05
7.360000e-03	5.990171e-05
7.370000e-03	5.989397e-05
7.380000e-03	5.988623e-05
7.390000e-03	5.987849e-05
7.400000e-03	5.987075e-05
7.410000e-03	5.986301e-05
7.420000e-03	5.985527e-05
7.430000e-03	5.984752e-05
7.440000e-03	5.983978e-05
7.450000e-03	5.983204e-05
7.460000e-03	5.982430e-05
7.470000e-03	5.981656e-05
7.480000e-03	5.980882e-05
7.490000e-03	5.980108e-05
7.500000e-03	5.979334e-05
7.510000e-03	5.978560e-05
7.520000e-03	5.977786e-05
7.530000e-03	5.977012e-05
7.540000e-03	5.976238e-05
7.550000e-03	5.975463e-05
7.560000e-03	5.974689e-05
7.570000e-03	5.973915e-05
7.580000e-03	5.973141e-05
7.590000e-03	5.972367e-05
7.600000e-03	5.971593e-05
7.610000e-03	5.970819e-05
7.620000e-03	5.970045e-05
7.630000e-03	5.969271e-05
7.640000e-03	5.968497e-05
7.650000e-03	5.967723e-05
7.660000e-03	5.966948e-05
7.670000e-03	5.966174e-05
7.680000e-03	5.965400e-05
7.690000e-03	5.964626e-05
7.700000e-03	5.963852e-05
7.710000e-03	5.963078e-05
7.720000e-03	5.962304e-05
7.730000e-03	5.961530e-05
7.740000e-03	5.960756e-05
7.750000e-03	5.959982e-05
7.760000e-03	5.959208e-05
7.770000e-03	5.958433e-05
7.780000e-03	5.957659e-05
7.790000e-03	5.956885e-05
7.800000e-03	5.956111e-05
7.810000e-03	5.955337e-05
7.820000e-03	5.954563e-05
7.830000e-03	5.953789e-05
7.840000e-03	5.953015e-05
7.850000e-03	5.952241e-05
7.860000e-03	5.951467e-05
7.870000e-03	5.950693e-05
7.880000e-03	5.949919e-05
7.890000e-03	5.949144e-05
7.900000e-03	5.948370e-05
7.910000e-03	5.947596e-05
7.920000e-03	5.946822e-05
7.930000e-03	5.946048e-05
7.940000e-03	5.945274e-05
7.950000e-03	5.944500e-05
7.960000e-03	5.943726e-05
7.970000e-03	5.942952e-05
7.980000e-03	5.942178e-05
7.990000e-03	5.941404e-05
8.000000e-03	5.940629e-05
8.010000e-03	5.939855e-05
8.020000e-03	5.939081e-05
8.030000e-03	5.938307e-05
8.040000e-03	5.937533e-05
8.050000e-03	5.936759e-05
8.060000e-03	5.935985e-05
8.070000e-03	5.935211e-05
8.080000e-03	5.934437e-05
8.090000e-03	5.933663e-05
8.100000e-03	5.932889e-05
8.110000e-03	5.932114e-05
8.120000e-03	5.931340e-05
8.130000e-03	5.930566e-05
8.140000e-03	5.929792e-05
8.150000e-03	5.929018e-05
8.160000e-03	5.928244e-05
8.170000e-03	5.927470e-05
8.180000e-03	5.926696e-05
8.190000e-03	5.925922e-05
8.200000e-03	5.925148e-05
8.210000e-03	5.924374e-05
8.220000e-03	5.923600e-05
8.230000e-03	5.922825e-05
8.240000e-03	5.922051e-05
8.250000e-03	5.921277e-05
8.260000e-03	5.920503e-05
8.270000e-03	5.919729e-05
8.280000e-03	5.918955e-05
8.290000e-03	5.918181e-05
8.300000e-03	5.917407e-05
8.310000e-03	5.916633e-05
8.320000e-03	5.915859e-05
8.330000e-03	5.915085e-05
8.340000e-03	5.914310e-05
8.350000e-03	5.913536e-05
8.360000e-03	5.912762e-05
8.370000e-03	5.911988e-05
8.380000e-03	5.911214e-05
8.390000e-03	5.910440e-05
8.400000e-03	5.909666e-05
8.410000e-03	5.908892e-05
8.420000e-03	5.908118e-05
8.430000e-03	5.907344e-05
8.440000e-03	5.906570e-05
8.450000e-03	5.905795e-05
8.460000e-03	5.905021e-05
8.470000e-03	5.904247e-05
8.480000e-03	5.903473e-05
8.490000e-03	5.902699e-05
8.500000e-03	5.901925e-05
8.510000e-03	5.901151e-05
8.520000e-03	5.900377e-05
8.530000e-03	5.899603e-05
8.540000e-03	5.898829e-05
8.550000e-03	5.898055e-05
8.560000e-03	5.897280e-05
8.570000e-03	5.896506e-05
8.580000e-03	5.895732e-05
8.590000e-03	5.894958e-05
8.600000e-03	5.894184e-05
8.610000e-03	5.893410e-05
8.620000e-03	5.892636e-05
8.630000e-03	5.891862e-05
8.640000e-03	5.891088e-05
8.650000e-03	5.890314e-05
8.660000e-03	5.889540e-05
8.670000e-03	5.888766e-05
8.680000e-03	5.887991e-05
8.690000e-03	5.887217e-05
8.700000e-03	5.886443e-05
8.710000e-03	5.885669e-05
8.720000e-03	5.884895e-05
8.730000e-03	5.884121e-05
8.740000e-03	5.883347e-05
8.750000e-03	5.882573e-05
8.760000e-03	5.881799e-05
8.770000e-03	5.881025e-05
8.780000e-03	5.880251e-05
8.790000e-03	5.879476e-05
8.800000e-03	5.878702e-05
8.810000e-03	5.877928e-05
8.820000e-03	5.877154e-05
8.830000e-03	5.876380e-05
8.840000e-03	5.875606e-05
8.850000e-03	5.874832e-05
8.860000e-03	5.874058e-05
8.870000e-03	5.873284e-05
8.880000e-03	5.872510e-05
8.890000e-03	5.871736e-05
8.900000e-03	5.870961e-05
8.910000e-03	5.870187e-05
8.920000e-03	5.869413e-05
8.930000e-03	5.868639e-05
8.940000e-03	5.867865e-05
8.950000e-03	5.867091e-05
8.960000e-03	5.866317e-05
8.970000e-03	5.865543e-05
8.980000e-03	5.864769e-05
8.990000e-03	5.863995e-05
9.000000e-03	5.863221e-05
9.010000e-03	5.862950e-05
9.020000e-03	5.862679e-05
9.030000e-03	5.862409e-05
9.040000e-03	5.862138e-05
9.050000e-03	5.861868e-05
9.060000e-03	5.861597e-05
9.070000e-03	5.861327e-05
9.080000e-03	5.861056e-05
9.090000e-03	5.860785e-05
9.100000e-03	5.860515e-05
9.110000e-03	5.860244e-05
9.120000e-03	5.859974e-05
9.130000e-03	5.859703e-05
9.140000e-03	5.859432e-05
9.150000e-03	5.859162e-05
9.160000e-03	5.858891e-05
9.170000e-03	5.858621e-05
9.180000e-03	5.858350e-05
9.190000e-03	5.858079e-05
9.200000e-03	5.857809e-05
9.210000e-03	5.857538e-05
9.220000e-03	5.857268e-05
9.230000e-03	5.856997e-05
9.240000e-03	5.856727e-05
9.250000e-03	5.856456e-05
9.260000e-03	5.856185e-05
9.270000e-03	5.855915e-05
9.280000e-03	5.855644e-05
9.290000e-03	5.855374e-05
9.300000e-03	5.855103e-05
9.310000e-03	5.854832e-05
9.320000e-03	5.854562e-05
9.330000e-03	5.854291e-05
9.340000e-03	5.854021e-05
9.350000e-03	5.853750e-05
9.360000e-03	5.853480e-05
9.370000e-03	5.853209e-05
9.380000e-03	5.852938e-05
9.390000e-03	5.852668e-05
9.400000e-03	5.852397e-05
9.410000e-03	5.852127e-05
9.420000e-03	5.851856e-05
9.430000e-03	5.851585e-05
9.440000e-03	5.851315e-05
9.450000e-03	5.851044e-05
9.460000e-03	5.850774e-05
9.470000e-03	5.850503e-05
9.480000e-03	5.850233e-05
9.490000e-03	5.849962e-05
9.500000e-03	5.849691e-05
9.510000e-03	5.849421e-05
9.520000e-03	5.849150e-05
9.530000e-03	5.848880e-05
9.540000e-03	5.848609e-05
9.550000e-03	5.848338e-05
9.560000e-03	5.848068e-05
9.570000e-03	5.847797e-05
9.580000e-03	5.847527e-05
9.590000e-03	5.847256e-05
9.600000e-03	5.846986e-05
9.610000e-03	5.846715e-05
9.620000e-03	5.846444e-05
9.630000e-03	5.846174e-05
9.640000e-03	5.845903e-05
9.650000e-03	5.845633e-05
9.660000e-03	5.845362e-05
9.670000e-03	5.845091e-05
9.680000e-03	5.844821e-05
9.690000e-03	5.844550e-05
9.700000e-03	5.844280e-05
9.710000e-03	5.844009e-05
9.720000e-03	5.843739e-05
9.730000e-03	5.843468e-05
9.740000e-03	5.843197e-05
9.750000e-03	5.842927e-05
9.760000e-03	5.842656e-05
9.770000e-03	5.842386e-05
9.780000e-03	5.842115e-05
9.790000e-03	5.841844e-05
9.800000e-03	5.841574e-05
9.810000e-03	5.841303e-05
9.820000e-03	5.841033e-05
9.830000e-03	5.840762e-05
9.840000e-03	5.840491e-05
9.850000e-03	5.840221e-05
9.860000e-03	5.839950e-05
9.870000e-03	5.839680e-05
9.880000e-03	5.839409e-05
9.890000e-03	5.839139e-05
9.900000e-03	5.838868e-05
9.910000e-03	5.838597e-05
9.920000e-03	5.838327e-05
9.930000e-03	5.838056e-05
9.940000e-03	5.837786e-05
9.950000e-03	5.837515e-05
9.960000e-03	5.837244e-05
9.970000e-03	5.836974e-05
9.980000e-03	5.836703e-05
9.990000e-03	5.836433e-05
1.000000e-02	5.836162e-05
1.001000e-02	5.836102e-05
1.002000e-02	5.836041e-05
1.003000e-02	5.835981e-05
1.004000e-02	5.835920e-05
1.005000e-02	5.835860e-05
1.006000e-02	5.835799e-05
1.007000e-02	5.835739e-05
1.008000e-02	5.835679e-05
1.009000e-02	5.835618e-05
1.010000e-02	5.835558e-05
1.011000e-02	5.835497e-05
1.012000e-02	5.835437e-05
1.013000e-02	5.835376e-05
1.014000e-02	5.835316e-05
1.015000e-02	5.835255e-05
1.016000e-02	5.835195e-05
1.017000e-02	5.835135e-05
1.018000e-02	5.835074e-05
1.019000e-02	5.835014e-05
1.020000e-02	5.834953e-05
1.021000e-02	5.834893e-05
1.022000e-02	5.834832e-05
1.023000e-02	5.834772e-05
1.024000e-02	5.834712e-05
1.025000e-02	5.834651e-05
1.026000e-02	5.834591e-05
1.027000e-02	5.834530e-05
1.028000e-02	5.834470e-05
1.029000e-02	5.834409e-05
1.030000e-02	5.834349e-05
1.031000e-02	5.834288e-05
1.032000e-02	5.834228e-05
1.033000e-02	5.834168e-05
1.034000e-02	5.834107e-05
1.035000e-02	5.834047e-05
1.036000e-02	5.833986e-05
1.037000e-02	5.833926e-05
1.038000e-02	5.833865e-05
1.039000e-02	5.833805e-05
1.040000e-02	5.833744e-05
1.041000e-02	5.833684e-05
1.042000e-02	5.833624e-05
1.043000e-02	5.833563e-05
1.044000e-02	5.833503e-05
1.045000e-02	5.833442e-05
1.046000e-02	5.833382e-05
1.047000e-02	5.833321e-05
1.048000e-02	5.833261e-05
1.049000e-02	5.833200e-05
1.050000e-02	5.833140e-05
1.051000e-02	5.833080e-05
1.052000e-02	5.833019e-05
1.053000e-02	5.832959e-05
1.054000e-02	5.832898e-05
1.055000e-02	5.832838e-05
1.056000e-02	5.832777e-05
1.057000e-02	5.832717e-05
1.058000e-02	5.832656e-05
1.059000e-02	5.832596e-05
1.060000e-02	5.832536e-05
1.061000e-02	5.832475e-05
1.062000e-02	5.832415e-05
1.063000e-02	5.832354e-05
1.064000e-02	5.832294e-05
1.065000e-02	5.832233e-05
1.066000e-02	5.832173e-05
1.067000e-02	5.832112e-05
1.068000e-02	5.832052e-05
1.069000e-02	5.831992e-05
1.070000e-02	5.831931e-05
1.071000e-02	5.831871e-05
1.072000e-02	5.831810e-05
1.073000e-02	5.831750e-05
1.074000e-02	5.831689e-05
1.075000e-02	5.831629e-05
1.076000e-02	5.831568e-05
1.077000e-02	5.831508e-05
1.078000e-02	5.831448e-05
1.079000e-02	5.831387e-05
1.080000e-02	5.831327e-05
1.081000e-02	5.831266e-05
1.082000e-02	5.831206e-05
1.083000e-02	5.831145e-05
1.084000e-02	5.831085e-05
1.085000e-02	5.831024e-05
1.086000e-02	5.830964e-05
1.087000e-02	5.830904e-05
1.088000e-02	5.830843e-05
1.089000e-02	5.830783e-05
1.090000e-02	5.830722e-05
1.091000e-02	5.830662e-05
1.092000e-02	5.830601e-05
1.093000e-02	5.830541e-05
1.094000e-02	5.830480e-05
1.095000e-02	5.830420e-05
1.096000e-02	5.830360e-05
1.097000e-02	5.830299e-05
1.098000e-02	5.830239e-05
1.099000e-02	5.830178e-05
1.100000e-02	5.830118e-05
1.101000e-02	5.830268e-05
1.102000e-02	5.830419e-05
1.103000e-02	5.830569e-05
1.104000e-02	5.830719e-05
1.105000e-02	5.830870e-05
1.106000e-02	5.831020e-05
1.107000e-02	5.831170e-05
1.108000e-02	5.831321e-05
1.109000e-02	5.831471e-05
1.110000e-02	5.831621e-05
1.111000e-02	5.831772e-05
1.112000e-02	5.831922e-05
1.113000e-02	5.832072e-05
1.114000e-02	5.832223e-05
1.115000e-02	5.832373e-05
1.116000e-02	5.832523e-05
1.117000e-02	5.832674e-05
1.118000e-02	5.832824e-05
1.119000e-02	5.832974e-05
1.120000e-02	5.833125e-05
1.121000e-02	5.833275e-05
1.122000e-02	5.833426e-05
1.123000e-02	5.833576e-05
1.124000e-02	5.833726e-05
1.125000e-02	5.833877e-05
1.126000e-02	5.834027e-05
1.127000e-02	5.834177e-05
1.128000e-02	5.834328e-05
1.129000e-02	5.834478e-05
1.130000e-02	5.834628e-05
1.131000e-02	5.834779e-05
1.132000e-02	5.834929e-05
1.133000e-02	5.835079e-05
1.134000e-02	5.835230e-05
1.135000e-02	5.835380e-05
1.136000e-02	5.835530e-05
1.137000e-02	5.835681e-05
1.138000e-02	5.835831e-05
1.139000e-02	5.835981e-05
1.140000e-02	5.836132e-05
1.141000e-02	5.836282e-05
1.142000e-02	5.836433e-05
1.143000e-02	5.836583e-05
1.144000e-02	5.836733e-05
1.145000e-02	5.836884e-05
1.146000e-02	5.837034e-05
1.147000e-02	5.837184e-05
1.148000e-02	5.837335e-05
1.149000e-02	5.837485e-05
1.150000e-02	5.837635e-05
1.151000e-02	5.837786e-05
1.152000e-02	5.837936e-05
1.153000e-02	5.838086e-05
1.154000e-02	5.838237e-05
1.155000e-02	5.838387e-05
1.156000e-02	5.838537e-05
1.157000e-02	5.838688e-05
1.158000e-02	5.838838e-05
1.159000e-02	5.838988e-05
1.160000e-02	5.839139e-05
1.161000e-02	5.839289e-05
1.162000e-02	5.839440e-05
1.163000e-02	5.839590e-05
1.164000e-02	5.839740e-05
1.165000e-02	5.839891e-05
1.166000e-02	5.840041e-05
1.167000e-02	5.840191e-05
1.168000e-02	5.840342e-05
1.169000e-02	5.840492e-05
1.170000e-02	5.840642e-05
1.171000e-02	5.840793e-05
1.172000e-02	5.840943e-05
1.173000e-02	5.841093e-05
1.174000e-02	5.841244e-05
1.175000e-02	5.841394e-05
1.176000e-02	5.841544e-05
1.177000e-02	5.841695e-05
1.178000e-02	5.841845e-05
1.179000e-02	5.841995e-05
1.180000e-02	5.842146e-05
1.181000e-02	5.842296e-05
1.182000e-02	5.842447e-05
1.183000e-02	5.842597e-05
1.184000e-02	5.842747e-05
1.185000e-02	5.842898e-05
1.186000e-02	5.843048e-05
1.187000e-02	5.843198e-05
1.188000e-02	5.843349e-05
1.189000e-02	5.843499e-05
1.190000e-02	5.843649e-05
1.191000e-02	5.843800e-05
1.192000e-02	5.843950e-05
1.193000e-02	5.844100e-05
1.194000e-02	5.844251e-05
1.195000e-02	5.844401e-05
1.196000e-02	5.844551e-05
1.197000e-02	5.844702e-05
1.198000e-02	5.844852e-05
1.199000e-02	5.845002e-05
1.200000e-02	5.845153e-05
1.201000e-02	5.845512e-05
1.202000e-02	5.845872e-05
1.203000e-02	5.846231e-05
1.204000e-02	5.846591e-05
1.205000e-02	5.846950e-05
1.206000e-02	5.847310e-05
1.207000e-02	5.847670e-05
1.208000e-02	5.848029e-05
1.209000e-02	5.848389e-05
1.210000e-02	5.848748e-05
1.211000e-02	5.849108e-05
1.212000e-02	5.849467e-05
1.213000e-02	5.849827e-05
1.214000e-02	5.850186e-05
1.215000e-02	5.850546e-05
1.216000e-02	5.850905e-05
1.217000e-02	5.851265e-05
1.218000e-02	5.851624e-05
1.219000e-02	5.851984e-05
1.220000e-02	5.852343e-05
1.221000e-02	5.852703e-05
1.222000e-02	5.853062e-05
1.223000e-02	5.853422e-05
1.224000e-02	5.853781e-05
1.225000e-02	5.854141e-05
1.226000e-02	5.854501e-05
1.227000e-02	5.854860e-05
1.228000e-02	5.855220e-05
1.229000e-02	5.855579e-05
1.230000e-02	5.855939e-05
1.231000e-02	5.856298e-05
1.232000e-02	5.856658e-05
1.233000e-02	5.857017e-05
1.234000e-02	5.857377e-05
1.235000e-02	5.857736e-05
1.236000e-02	5.858096e-05
1.237000e-02	5.858455e-05
1.238000e-02	5.858815e-05
1.239000e-02	5.859174e-05
1.240000e-02	5.859534e-05
1.241000e-02	5.859893e-05
1.242000e-02	5.860253e-05
1.243000e-02	5.860612e-05
1.244000e-02	5.860972e-05
1.245000e-02	5.861332e-05
1.246000e-02	5.861691e-05
1.247000e-02	5.862051e-05
1.248000e-02	5.862410e-05
1.249000e-02	5.862770e-05
1.250000e-02	5.863129e-05
1.251000e-02	5.863489e-05
1.252000e-02	5.863848e-05
1.253000e-02	5.864208e-05
1.254000e-02	5.864567e-05
1.255000e-02	5.864927e-05
1.256000e-02	5.865286e-05
1.257000e-02	5.865646e-05
1.258000e-02	5.866005e-05
1.259000e-02	5.866365e-05
1.260000e-02	5.866724e-05
1.261000e-02	5.867084e-05
1.262000e-02	5.867443e-05
1.263000e-02	5.867803e-05
1.264000e-02	5.868163e-05
1.265000e-02	5.868522e-05
1.266000e-02	5.868882e-05
1.267000e-02	5.869241e-05
1.268000e-02	5.869601e-05
1.269000e-02	5.869960e-05
1.270000e-02	5.870320e-05
1.271000e-02	5.870679e-05
1.272000e-02	5.871039e-05
1.273000e-02	5.871398e-05
1.274000e-02	5.871758e-05
1.275000e-02	5.872117e-05
1.276000e-02	5.872477e-05
1.277000e-02	5.872836e-05
1.278000e-02	5.873196e-05
1.279000e-02	5.873555e-05
1.280000e-02	5.873915e-05
1.281000e-02	5.874274e-05
1.282000e-02	5.874634e-05
1.283000e-02	5.874994e-05
1.284000e-02	5.875353e-05
1.285000e-02	5.875713e-05
1.286000e-02	5.876072e-05
1.287000e-02	5.876432e-05
1.288000e-02	5.876791e-05
1.289000e-02	5.877151e-05
1.290000e-02	5.877510e-05
1.291000e-02	5.877870e-05
1.292000e-02	5.878229e-05
1.293000e-02	5.878589e-05
1.294000e-02	5.878948e-05
1.295000e-02	5.879308e-05
1.296000e-02	5.879667e-05
1.297000e-02	5.880027e-05
1.298000e-02	5.880386e-05
1.299000e-02	5.880746e-05
1.300000e-02	5.881105e-05
1.301000e-02	5.881976e-05
1.302000e-02	5.882846e-05
1.303000e-02	5.883717e-05
1.304000e-02	5.884587e-05
1.305000e-02	5.885457e-05
1.306000e-02	5.886328e-05
1.307000e-02	5.887198e-05
1.308000e-02	5.888068e-05
1.309000e-02	5.888939e-05
1.310000e-02	5.889809e-05
1.311000e-02	5.890679e-05
1.312000e-02	5.891550e-05
1.313000e-02	5.892420e-05
1.314000e-02	5.893291e-05
1.315000e-02	5.894161e-05
1.316000e-02	5.895031e-05
1.317000e-02	5.895902e-05
1.318000e-02	5.896772e-05
1.319000e-02	5.897642e-05
1.320000e-02	5.898513e-05
1.321000e-02	5.899383e-05
1.322000e-02	5.900253e-05
1.323000e-02	5.901124e-05
1.324000e-02	5.901994e-05
1.325000e-02	5.902865e-05
1.326000e-02	5.903735e-05
1.327000e-02	5.904605e-05
1.328000e-02	5.905476e-05
1.329000e-02	5.906346e-05
1.330000e-02	5.907216e-05
1.331000e-02	5.908087e-05
1.332000e-02	5.908957e-05
1.333000e-02	5.909827e-05
1.334000e-02	5.910698e-05
1.335000e-02	5.911568e-05
1.336000e-02	5.912439e-05
1.337000e-02	5.913309e-05
1.338000e-02	5.914179e-05
1.339000e-02	5.915050e-05
1.340000e-02	5.915920e-05
1.341000e-02	5.916790e-05
1.342000e-02	5.917661e-05
1.343000e-02	5.918531e-05
1.344000e-02	5.919401e-05
1.345000e-02	5.920272e-05
1.346000e-02	5.921142e-05
1.347000e-02	5.922013e-05
1.348000e-02	5.922883e-05
1.349000e-02	5.923753e-05
1.350000e-02	5.924624e-05
1.351000e-02	5.925494e-05
1.352000e-02	5.926364e-05
1.353000e-02	5.927235e-05
1.354000e-02	5.928105e-05
1.355000e-02	5.928975e-05
1.356000e-02	5.929846e-05
1.357000e-02	5.930716e-05
1.358000e-02	5.931586e-05
1.359000e-02	5.932457e-05
1.360000e-02	5.933327e-05
1.361000e-02	5.934198e-05
1.362000e-02	5.935068e-05
1.363000e-02	5.935938e-05
1.364000e-02	5.936809e-05
1.365000e-02	5.937679e-05
1.366000e-02	5.938549e-05
1.367000e-02	5.939420e-05
1.368000e-02	5.940290e-05
1.369000e-02	5.941160e-05
1.370000e-02	5.942031e-05
1.371000e-02	5.942901e-05
1.372000e-02	5.943772e-05
1.373000e-02	5.944642e-05
1.374000e-02	5.945512e-05
1.375000e-02	5.946383e-05
1.376000e-02	5.947253e-05
1.377000e-02	5.948123e-05
1.378000e-02	5.948994e-05
1.379000e-02	5.949864e-05
1.380000e-02	5.950734e-05
1.381000e-02	5.951605e-05
1.382000e-02	5.952475e-05
1.383000e-02	5.953346e-05
1.384000e-02	5.954216e-05
1.385000e-02	5.955086e-05
1.386000e-02	5.955957e-05
1.387000e-02	5.956827e-05
1.388000e-02	5.957697e-05
1.389000e-02	5.958568e-05
1.390000e-02	5.959438e-05
1.391000e-02	5.960308e-05
1.392000e-02	5.961179e-05
1.393000e-02	5.962049e-05
1.394000e-02	5.962920e-05
1.395000e-02	5.963790e-05
1.396000e-02	5.964660e-05
1.397000e-02	5.965531e-05
1.398000e-02	5.966401e-05
1.399000e-02	5.967271e-05
1.400000e-02	5.968142e-05
1.401000e-02	5.969012e-05
1.402000e-02	5.969882e-05
1.403000e-02	5.970753e-05
1.404000e-02	5.971623e-05
1.405000e-02	5.972494e-05
1.406000e-02	5.973364e-05
1.407000e-02	5.974234e-05
1.408000e-02	5.975105e-05
1.409000e-02	5.975975e-05
1.410000e-02	5.976845e-05
1.411000e-02	5.977716e-05
1.412000e-02	5.978586e-05
1.413000e-02	5.979456e-05
1.414000e-02	5.980327e-05
1.415000e-02	5.981197e-05
1.416000e-02	5.982067e-05
1.417000e-02	5.982938e-05
1.418000e-02	5.983808e-05
1.419000e-02	5.984679e-05
1.420000e-02	5.985549e-05
1.421000e-02	5.986419e-05
1.422000e-02	5.987290e-05
1.423000e-02	5.988160e-05
1.424000e-02	5.989030e-05
1.425000e-02	5.989901e-05
1.426000e-02	5.990771e-05
1.427000e-02	5.991641e-05
1.428000e-02	5.992512e-05
1.429000e-02	5.993382e-05
1.430000e-02	5.994253e-05
1.431000e-02	5.995123e-05
1.432000e-02	5.995993e-05
1.433000e-02	5.996864e-05
1.434000e-02	5.997734e-05
1.435000e-02	5.998604e-05
1.436000e-02	5.999475e-05
1.437000e-02	6.000345e-05
1.438000e-02	6.001215e-05
1.439000e-02	6.002086e-05
1.440000e-02	6.002956e-05
1.441000e-02	6.003827e-05
1.442000e-02	6.004697e-05
1.443000e-02	6.005567e-05
1.444000e-02	6.006438e-05
1.445000e-02	6.007308e-05
1.446000e-02	6.008178e-05
1.447000e-02	6.009049e-05
1.448000e-02	6.009919e-05
1.449000e-02	6.010789e-05
1.450000e-02	6.011660e-05
1.451000e-02	6.012530e-05
1.452000e-02	6.013401e-05
1.453000e-02	6.014271e-05
1.454000e-02	6.015141e-05
1.455000e-02	6.016012e-05
1.456000e-02	6.016882e-05
1.457000e-02	6.017752e-05
1.458000e-02	6.018623e-05
1.459000e-02	6.019493e-05
1.460000e-02	6.020363e-05
1.461000e-02	6.021234e-05
1.462000e-02	6.022104e-05
1.463000e-02	6.022975e-05
1.464000e-02	6.023845e-05
1.465000e-02	6.024715e-05
1.466000e-02	6.025586e-05
1.467000e-02	6.026456e-05
1.468000e-02	6.027326e-05
1.469000e-02	6.028197e-05
1.470000e-02	6.029067e-05
1.471000e-02	6.029937e-05
1.472000e-02	6.030808e-05
1.473000e-02	6.031678e-05
1.474000e-02	6.032548e-05
1.475000e-02	6.033419e-05
1.476000e-02	6.034289e-05
1.477000e-02	6.035160e-05
1.478000e-02	6.036030e-05
1.479000e-02	6.036900e-05
1.480000e-02	6.037771e-05
1.481000e-02	6.038641e-05
1.482000e-02	6.039511e-05
1.483000e-02	6.040382e-05
1.484000e-02	6.041252e-05
1.485000e-02	6.042122e-05
1.486000e-02	6.042993e-05
1.487000e-02	6.043863e-05
1.488000e-02	6.044734e-05
1.489000e-02	6.045604e-05
1.490000e-02	6.046474e-05
1.491000e-02	6.047345e-05
1.492000e-02	6.048215e-05
1.493000e-02	6.049085e-05
1.494000e-02	6.049956e-05
1.495000e-02	6.050826e-05
1.496000e-02	6.051696e-05
1.497000e-02	6.052567e-05
1.498000e-02	6.053437e-05
1.499000e-02	6.054308e-05
1.500000e-02	6.055178e-05
1.501000e-02	6.056048e-05
1.502000e-02	6.056919e-05
1.503000e-02	6.057789e-05
1.504000e-02	6.058659e-05
1.505000e-02	6.059530e-05
1.506000e-02	6.060400e-05
1.507000e-02	6.061270e-05
1.508000e-02	6.062141e-05
1.509000e-02	6.063011e-05
1.510000e-02	6.063882e-05
1.511000e-02	6.064752e-05
1.512000e-02	6.065622e-05
1.513000e-02	6.066493e-05
1.514000e-02	6.067363e-05
1.515000e-02	6.068233e-05
1.516000e-02	6.069104e-05
1.517000e-02	6.069974e-05
1.518000e-02	6.070844e-05
1.519000e-02	6.071715e-05
1.520000e-02	6.072585e-05
1.521000e-02	6.073456e-05
1.522000e-02	6.074326e-05
1.523000e-02	6.075196e-05
1.524000e-02	6.076067e-05
1.525000e-02	6.076937e-05
1.526000e-02	6.077807e-05
1.527000e-02	6.078678e-05
1.528000e-02	6.079548e-05
1.529000e-02	6.080418e-05
1.530000e-02	6.081289e-05
1.531000e-02	6.082159e-05
1.532000e-02	6.083029e-05
1.533000e-02	6.083900e-05
1.534000e-02	6.084770e-05
1.535000e-02	6.085641e-05
1.536000e-02	6.086511e-05
1.537000e-02	6.087381e-05
1.538000e-02	6.088252e-05
1.539000e-02	6.089122e-05
1.540000e-02	6.089992e-05
1.541000e-02	6.090863e-05
1.542000e-02	6.091733e-05
1.543000e-02	6.092603e-05
1.544000e-02	6.093474e-05
1.545000e-02	6.094344e-05
1.546000e-02	6.095215e-05
1.547000e-02	6.096085e-05
1.548000e-02	6.096955e-05
1.549000e-02	6.097826e-05
1.550000e-02	6.098696e-05
1.551000e-02	6.099566e-05
1.552000e-02	6.100437e-05
1.553000e-02	6.101307e-05
1.554000e-02	6.102177e-05
1.555000e-02	6.103048e-05
1.556000e-02	6.103918e-05
1.557000e-02	6.104789e-05
1.558000e-02	6.105659e-05
1.559000e-02	6.106529e-05
1.560000e-02	6.107400e-05
1.561000e-02	6.108270e-05
1.562000e-02	6.109140e-05
1.563000e-02	6.110011e-05
1.564000e-02	6.110881e-05
1.565000e-02	6.111751e-05
1.566000e-02	6.112622e-05
1.567000e-02	6.113492e-05
1.568000e-02	6.114363e-05
1.569000e-02	6.115233e-05
1.570000e-02	6.116103e-05
1.571000e-02	6.116974e-05
1.572000e-02	6.117844e-05
1.573000e-02	6.118714e-05
1.574000e-02	6.119585e-05
1.575000e-02	6.120455e-05
1.576000e-02	6.121325e-05
1.577000e-02	6.122196e-05
1.578000e-02	6.123066e-05
1.579000e-02	6.123937e-05
1.580000e-02	6.124807e-05
1.581000e-02	6.125677e-05
1.582000e-02	6.126548e-05
1.583000e-02	6.127418e-05
1.584000e-02	6.128288e-05
1.585000e-02	6.129159e-05
1.586000e-02	6.130029e-05
1.587000e-02	6.130899e-05
1.588000e-02	6.131770e-05
1.589000e-02	6.132640e-05
1.590000e-02	6.133510e-05
1.591000e-02	6.134381e-05
1.592000e-02	6.135251e-05
1.593000e-02	6.136122e-05
1.594000e-02	6.136992e-05
1.595000e-02	6.137862e-05
1.596000e-02	6.138733e-05
1.597000e-02	6.139603e-05
1.598000e-02	6.140473e-05
1.599000e-02	6.141344e-05
1.600000e-02	6.142214e-05
1.601000e-02	6.143084e-05
1.602000e-02	6.143955e-05
1.603000e-02	6.144825e-05
1.604000e-02	6.145696e-05
1.605000e-02	6.146566e-05
1.606000e-02	6.147436e-05
1.607000e-02	6.148307e-05
1.608000e-02	6.149177e-05
1.609000e-02	6.150047e-05
1.610000e-02	6.150918e-05
1.611000e-02	6.151788e-05
1.612000e-02	6.152658e-05
1.613000e-02	6.153529e-05
1.614000e-02	6.154399e-05
1.615000e-02	6.155270e-05
1.616000e-02	6.156140e-05
1.617000e-02	6.157010e-05
1.618000e-02	6.157881e-05
1.619000e-02	6.158751e-05
1.620000e-02	6.159621e-05
1.621000e-02	6.160492e-05
1.622000e-02	6.161362e-05
1.623000e-02	6.162232e-05
1.624000e-02	6.163103e-05
1.625000e-02	6.163973e-05
1.626000e-02	6.164844e-05
1.627000e-02	6.165714e-05
1.628000e-02	6.166584e-05
1.629000e-02	6.167455e-05
1.630000e-02	6.168325e-05
1.631000e-02	6.169195e-05
1.632000e-02	6.170066e-05
1.633000e-02	6.170936e-05
1.634000e-02	6.171806e-05
1.635000e-02	6.172677e-05
1.636000e-02	6.173547e-05
1.637000e-02	6.174418e-05
1.638000e-02	6.175288e-05
1.639000e-02	6.176158e-05
1.640000e-02	6.177029e-05
1.641000e-02	6.177899e-05
1.642000e-02	6.178769e-05
1.643000e-02	6.179640e-05
1.644000e-02	6.180510e-05
1.645000e-02	6.181380e-05
1.646000e-02	6.182251e-05
1.647000e-02	6.183121e-05
1.648000e-02	6.183991e-05
1.649000e-02	6.184862e-05
1.650000e-02	6.185732e-05
1.651000e-02	6.186603e-05
1.652000e-02	6.187473e-05
1.653000e-02	6.188343e-05
1.654000e-02	6.189214e-05
1.655000e-02	6.190084e-05
1.656000e-02	6.190954e-05
1.657000e-02	6.191825e-05
1.658000e-02	6.192695e-05
1.659000e-02	6.193565e-05
1.660000e-02	6.194436e-05
1.661000e-02	6.195306e-05
1.662000e-02	6.196177e-05
1.663000e-02	6.197047e-05
1.664000e-02	6.197917e-05
1.665000e-02	6.198788e-05
1.666000e-02	6.199658e-05
1.667000e-02	6.200528e-05
1.668000e-02	6.201399e-05
1.669000e-02	6.202269e-05
1.670000e-02	6.203139e-05
1.671000e-02	6.204010e-05
1.672000e-02	6.204880e-05
1.673000e-02	6.205751e-05
1.674000e-02	6.206621e-05
1.675000e-02	6.207491e-05
1.676000e-02	6.208362e-05
1.677000e-02	6.209232e-05
1.678000e-02	6.210102e-05
1.679000e-02	6.210973e-05
1.680000e-02	6.211843e-05
1.681000e-02	6.212713e-05
1.682000e-02	6.213584e-05
1.683000e-02	6.214454e-05
1.684000e-02	6.215325e-05
1.685000e-02	6.216195e-05
1.686000e-02	6.217065e-05
1.687000e-02	6.217936e-05
1.688000e-02	6.218806e-05
1.689000e-02	6.219676e-05
1.690000e-02	6.220547e-05
1.691000e-02	6.221417e-05
1.692000e-02	6.222287e-05
1.693000e-02	6.223158e-05
1.694000e-02	6.224028e-05
1.695000e-02	6.224898e-05
1.696000e-02	6.225769e-05
1.697000e-02	6.226639e-05
1.698000e-02	6.227510e-05
1.699000e-02	6.228380e-05
1.700000e-02	6.229250e-05
1.701000e-02	6.230121e-05
1.702000e-02	6.230991e-05
1.703000e-02	6.231861e-05
1.704000e-02	6.232732e-05
1.705000e-02	6.233602e-05
1.706000e-02	6.234472e-05
1.707000e-02	6.235343e-05
1.708000e-02	6.236213e-05
1.709000e-02	6.237084e-05
1.710000e-02	6.237954e-05
1.711000e-02	6.238824e-05
1.712000e-02	6.239695e-05
1.713000e-02	6.240565e-05
1.714000e-02	6.241435e-05
1.715000e-02	6.242306e-05
1.716000e-02	6.243644e-05
1.717000e-02	6.244982e-05
1.718000e-02	6.246321e-05
1.719000e-02	6.247659e-05
1.720000e-02	6.248997e-05
1.721000e-02	6.250336e-05
1.722000e-02	6.251674e-05
1.723000e-02	6.253012e-05
1.724000e-02	6.254351e-05
1.725000e-02	6.255689e-05
1.726000e-02	6.257027e-05
1.727000e-02	6.258366e-05
1.728000e-02	6.259704e-05
1.729000e-02	6.261042e-05
1.730000e-02	6.262381e-05
1.731000e-02	6.263719e-05
1.732000e-02	6.265057e-05
1.733000e-02	6.266396e-05
1.734000e-02	6.267734e-05
1.735000e-02	6.269072e-05
1.736000e-02	6.270411e-05
1.737000e-02	6.271749e-05
1.738000e-02	6.273087e-05
1.739000e-02	6.274426e-05
1.740000e-02	6.275764e-05
1.741000e-02	6.277102e-05
1.742000e-02	6.278441e-05
1.743000e-02	6.279779e-05
1.744000e-02	6.281117e-05
1.745000e-02	6.282456e-05
1.746000e-02	6.283794e-05
1.747000e-02	6.285132e-05
1.748000e-02	6.286471e-05
1.749000e-02	6.287809e-05
1.750000e-02	6.289147e-05
1.751000e-02	6.290486e-05
1.752000e-02	6.291824e-05
1.753000e-02	6.293162e-05
1.754000e-02	6.294501e-05
1.755000e-02	6.295839e-05
1.756000e-02	6.297177e-05
1.757000e-02	6.298515e-05
1.758000e-02	6.299854e-05
1.759000e-02	6.301192e-05
1.760000e-02	6.302530e-05
1.761000e-02	6.303869e-05
1.762000e-02	6.305207e-05
1.763000e-02	6.306545e-05
1.764000e-02	6.307884e-05
1.765000e-02	6.309222e-05
1.766000e-02	6.310560e-05
1.767000e-02	6.311899e-05
1.768000e-02	6.313237e-05
1.769000e-02	6.314575e-05
1.770000e-02	6.315914e-05
1.771000e-02	6.317252e-05
1.772000e-02	6.318590e-05
1.773000e-02	6.319929e-05
1.774000e-02	6.321267e-05
1.775000e-02	6.322605e-05
1.776000e-02	6.323944e-05
1.777000e-02	6.325282e-05
1.778000e-02	6.326620e-05
1.779000e-02	6.327959e-05
1.780000e-02	6.329297e-05
1.781000e-02	6.330635e-05
1.782000e-02	6.331974e-05
1.783000e-02	6.333312e-05
1.784000e-02	6.334650e-05
1.785000e-02	6.335989e-05
1.786000e-02	6.337327e-05
1.787000e-02	6.338665e-05
1.788000e-02	6.340004e-05
1.789000e-02	6.341342e-05
1.790000e-02	6.342680e-05
1.791000e-02	6.344019e-05
1.792000e-02	6.345357e-05
1.793000e-02	6.346695e-05
1.794000e-02	6.348034e-05
1.795000e-02	6.349372e-05
1.796000e-02	6.350710e-05
1.797000e-02	6.352049e-05
1.798000e-02	6.353387e-05
1.799000e-02	6.354725e-05
1.800000e-02	6.356064e-05
1.801000e-02	6.357402e-05
1.802000e-02	6.358740e-05
1.803000e-02	6.360079e-05
1.804000e-02	6.361417e-05
1.805000e-02	6.362755e-05
1.806000e-02	6.364094e-05
1.807000e-02	6.365432e-05
1.808000e-02	6.366770e-05
1.809000e-02	6.368109e-05
1.810000e-02	6.369447e-05
1.811000e-02	6.370785e-05
1.812000e-02	6.372124e-05
1.813000e-02	6.373462e-05
1.814000e-02	6.374800e-05
1.815000e-02	6.376138e-05
1.816000e-02	6.377638e-05
1.817000e-02	6.379138e-05
1.818000e-02	6.380637e-05
1.819000e-02	6.382137e-05
1.820000e-02	6.383636e-05
1.821000e-02	6.385136e-05
1.822000e-02	6.386636e-05
1.823000e-02	6.388135e-05
1.824000e-02	6.389635e-05
1.825000e-02	6.391134e-05
1.826000e-02	6.392634e-05
1.827000e-02	6.394134e-05
1.828000e-02	6.395633e-05
1.829000e-02	6.397133e-05
1.830000e-02	6.398632e-05
1.831000e-02	6.400132e-05
1.832000e-02	6.401632e-05
1.833000e-02	6.403131e-05
1.834000e-02	6.404631e-05
1.835000e-02	6.406130e-05
1.836000e-02	6.407630e-05
1.837000e-02	6.409130e-05
1.838000e-02	6.410629e-05
1.839000e-02	6.412129e-05
1.840000e-02	6.413628e-05
1.841000e-02	6.415128e-05
1.842000e-02	6.416628e-05
1.843000e-02	6.418127e-05
1.844000e-02	6.419627e-05
1.845000e-02	6.421126e-05
1.846000e-02	6.422626e-05
1.847000e-02	6.424126e-05
1.848000e-02	6.425625e-05
1.849000e-02	6.427125e-05
1.850000e-02	6.428624e-05
1.851000e-02	6.430124e-05
1.852000e-02	6.431624e-05
1.853000e-02	6.433123e-05
1.854000e-02	6.434623e-05
1.855000e-02	6.436122e-05
1.856000e-02	6.437622e-05
1.857000e-02	6.439121e-05
1.858000e-02	6.440621e-05
1.859000e-02	6.442121e-05
1.860000e-02	6.443620e-05
1.861000e-02	6.445120e-05
1.862000e-02	6.446619e-05
1.863000e-02	6.448119e-05
1.864000e-02	6.449619e-05
1.865000e-02	6.451118e-05
1.866000e-02	6.452618e-05
1.867000e-02	6.454117e-05
1.868000e-02	6.455617e-05
1.869000e-02	6.457117e-05
1.870000e-02	6.458616e-05
1.871000e-02	6.460116e-05
1.872000e-02	6.461615e-05
1.873000e-02	6.463115e-05
1.874000e-02	6.464615e-05
1.875000e-02	6.466114e-05
1.876000e-02	6.467614e-05
1.877000e-02	6.469113e-05
1.878000e-02	6.470613e-05
1.879000e-02	6.472113e-05
1.880000e-02	6.473612e-05
1.881000e-02	6.475112e-05
1.882000e-02	6.476611e-05
1.883000e-02	6.478111e-05
1.884000e-02	6.479611e-05
1.885000e-02	6.481110e-05
1.886000e-02	6.482610e-05
1.887000e-02	6.484109e-05
1.888000e-02	6.485609e-05
1.889000e-02	6.487109e-05
1.890000e-02	6.488608e-05
1.891000e-02	6.490108e-05
1.892000e-02	6.491607e-05
1.893000e-02	6.493107e-05
1.894000e-02	6.494607e-05
1.895000e-02	6.496106e-05
1.896000e-02	6.497606e-05
1.897000e-02	6.499105e-05
1.898000e-02	6.500605e-05
1.899000e-02	6.502105e-05
1.900000e-02	6.503604e-05
1.901000e-02	6.505104e-05
1.902000e-02	6.506603e-05
1.903000e-02	6.508103e-05
1.904000e-02	6.509602e-05
1.905000e-02	6.511102e-05
1.906000e-02	6.512602e-05
1.907000e-02	6.514101e-05
1.908000e-02	6.515601e-05
1.909000e-02	6.517100e-05
1.910000e-02	6.518600e-05
1.911000e-02	6.520100e-05
1.912000e-02	6.521599e-05
1.913000e-02	6.523099e-05
1.914000e-02	6.524598e-05
1.915000e-02	6.526098e-05
1.916000e-02	6.527808e-05
1.917000e-02	6.529517e-05
1.918000e-02	6.531227e-05
1.919000e-02	6.532936e-05
1.920000e-02	6.534646e-05
1.921000e-02	6.536355e-05
1.922000e-02	6.538065e-05
1.923000e-02	6.539775e-05
1.924000e-02	6.541484e-05
1.925000e-02	6.543194e-05
1.926000e-02	6.544903e-05
1.927000e-02	6.546613e-05
1.928000e-02	6.548322e-05
1.929000e-02	6.550032e-05
1.930000e-02	6.551742e-05
1.931000e-02	6.553451e-05
1.932000e-02	6.555161e-05
1.933000e-02	6.556870e-05
1.934000e-02	6.558580e-05
1.935000e-02	6.560290e-05
1.936000e-02	6.561999e-05
1.937000e-02	6.563709e-05
1.938000e-02	6.565418e-05
1.939000e-02	6.567128e-05
1.940000e-02	6.568837e-05
1.941000e-02	6.570547e-05
1.942000e-02	6.572257e-05
1.943000e-02	6.573966e-05
1.944000e-02	6.575676e-05
1.945000e-02	6.577385e-05
1.946000e-02	6.579095e-05
1.947000e-02	6.580804e-05
1.948000e-02	6.582514e-05
1.949000e-02	6.584224e-05
1.950000e-02	6.585933e-05
1.951000e-02	6.587643e-05
1.952000e-02	6.589352e-05
1.953000e-02	6.591062e-05
1.954000e-02	6.592771e-05
1.955000e-02	6.594481e-05
1.956000e-02	6.596191e-05
1.957000e-02	6.597900e-05
1.958000e-02	6.599610e-05
1.959000e-02	6.601319e-05
1.960000e-02	6.603029e-05
1.961000e-02	6.604738e-05
1.962000e-02	6.606448e-05
1.963000e-02	6.608158e-05
1.964000e-02	6.609867e-05
1.965000e-02	6.611577e-05
1.966000e-02	6.613286e-05
1.967000e-02	6.614996e-05
1.968000e-02	6.616705e-05
1.969000e-02	6.618415e-05
1.970000e-02	6.620125e-05
1.971000e-02	6.621834e-05
1.972000e-02	6.623544e-05
1.973000e-02	6.625253e-05
1.974000e-02	6.626963e-05
1.975000e-02	6.628672e-05
1.976000e-02	6.630382e-05
1.977000e-02	6.632092e-05
1.978000e-02	6.633801e-05
1.979000e-02	6.635511e-05
1.980000e-02	6.637220e-05
1.981000e-02	6.638930e-05
1.982000e-02	6.640639e-05
1.983000e-02	6.642349e-05
1.984000e-02	6.644059e-05
1.985000e-02	6.645768e-05
1.986000e-02	6.647478e-05
1.987000e-02	6.649187e-05
1.988000e-02	6.650897e-05
1.989000e-02	6.652607e-05
1.990000e-02	6.654316e-05
1.991000e-02	6.656026e-05
1.992000e-02	6.657735e-05
1.993000e-02	6.659445e-05
1.994000e-02	6.661154e-05
1.995000e-02	6.662864e-05
1.996000e-02	6.664574e-05
1.997000e-02	6.666283e-05
1.998000e-02	6.667993e-05
1.999000e-02	6.669702e-05
2.000000e-02	6.671412e-05
2.001000e-02	6.673121e-05
2.002000e-02	6.674831e-05
2.003000e-02	6.676541e-05
2.004000e-02	6.678250e-05
2.005000e-02	6.679960e-05
2.006000e-02	6.681669e-05
2.007000e-02	6.683379e-05
2.008000e-02	6.685088e-05
2.009000e-02	6.686798e-05
2.010000e-02	6.688508e-05
2.011000e-02	6.690217e-05
2.012000e-02	6.691927e-05
2.013000e-02	6.693636e-05
2.014000e-02	6.695346e-05
2.015000e-02	6.697055e-05
2.016000e-02	6.698765e-05
2.017000e-02	6.700475e-05
2.018000e-02	6.702184e-05
2.019000e-02	6.703894e-05
2.020000e-02	6.705603e-05
2.021000e-02	6.707313e-05
2.022000e-02	6.709022e-05
2.023000e-02	6.710732e-05
2.024000e-02	6.712442e-05
2.025000e-02	6.714151e-05
2.026000e-02	6.715861e-05
2.027000e-02	6.717570e-05
2.028000e-02	6.719280e-05
2.029000e-02	6.720989e-05
2.030000e-02	6.722699e-05
2.031000e-02	6.724409e-05
2.032000e-02	6.726118e-05
2.033000e-02	6.727828e-05
2.034000e-02	6.729537e-05
2.035000e-02	6.731247e-05
2.036000e-02	6.732956e-05
2.037000e-02	6.734666e-05
2.038000e-02	6.736376e-05
2.039000e-02	6.738085e-05
2.040000e-02	6.739795e-05
2.041000e-02	6.741504e-05
2.042000e-02	6.743214e-05
2.043000e-02	6.744924e-05
2.044000e-02	6.746633e-05
2.045000e-02	6.748343e-05
2.046000e-02	6.750052e-05
2.047000e-02	6.751762e-05
2.048000e-02	6.753471e-05
2.049000e-02	6.755181e-05
2.050000e-02	6.756891e-05
2.051000e-02	6.758600e-05
2.052000e-02	6.760310e-05
2.053000e-02	6.762019e-05
2.054000e-02	6.763729e-05
2.055000e-02	6.765438e-05
2.056000e-02	6.767148e-05
2.057000e-02	6.768858e-05
2.058000e-02	6.770567e-05
2.059000e-02	6.772277e-05
2.060000e-02	6.773986e-05
2.061000e-02	6.775696e-05
2.062000e-02	6.777405e-05
2.063000e-02	6.779115e-05
2.064000e-02	6.780825e-05
2.065000e-02	6.782534e-05
2.066000e-02	6.784244e-05
2.067000e-02	6.785953e-05
2.068000e-02	6.787663e-05
2.069000e-02	6.789372e-05
2.070000e-02	6.791082e-05
2.071000e-02	6.792792e-05
2.072000e-02	6.794501e-05
2.073000e-02	6.796211e-05
2.074000e-02	6.797920e-05
2.075000e-02	6.799630e-05
2.076000e-02	6.801339e-05
2.077000e-02	6.803049e-05
2.078000e-02	6.804759e-05
2.079000e-02	6.806468e-05
2.080000e-02	6.808178e-05
2.081000e-02	6.809887e-05
2.082000e-02	6.811597e-05
2.083000e-02	6.813306e-05
2.084000e-02	6.815016e-05
2.085000e-02	6.816726e-05
2.086000e-02	6.818435e-05
2.087000e-02	6.820145e-05
2.088000e-02	6.821854e-05
2.089000e-02	6.823564e-05
2.090000e-02	6.825273e-05
2.091000e-02	6.826983e-05
2.092000e-02	6.828693e-05
2.093000e-02	6.830402e-05
2.094000e-02	6.832112e-05
2.095000e-02	6.833821e-05
2.096000e-02	6.835531e-05
2.097000e-02	6.837241e-05
2.098000e-02	6.838950e-05
2.099000e-02	6.840660e-05
2.100000e-02	6.842369e-05
2.101000e-02	6.844269e-05
2.102000e-02	6.846169e-05
2.103000e-02	6.848069e-05
2.104000e-02	6.849969e-05
2.105000e-02	6.851869e-05
2.106000e-02	6.853769e-05
2.107000e-02	6.855669e-05
2.108000e-02	6.857568e-05
2.109000e-02	6.859468e-05
2.110000e-02	6.861368e-05
2.111000e-02	6.863268e-05
2.112000e-02	6.865168e-05
2.113000e-02	6.867068e-05
2.114000e-02	6.868968e-05
2.115000e-02	6.870868e-05
2.116000e-02	6.872768e-05
2.117000e-02	6.874668e-05
2.118000e-02	6.876567e-05
2.119000e-02	6.878467e-05
2.120000e-02	6.880367e-05
2.121000e-02	6.882267e-05
2.122000e-02	6.884167e-05
2.123000e-02	6.886067e-05
2.124000e-02	6.887967e-05
2.125000e-02	6.889867e-05
2.126000e-02	6.891767e-05
2.127000e-02	6.893667e-05
2.128000e-02	6.895567e-05
2.129000e-02	6.897466e-05
2.130000e-02	6.899366e-05
2.131000e-02	6.901266e-05
2.132000e-02	6.903166e-05
2.133000e-02	6.905066e-05
2.134000e-02	6.906966e-05
2.135000e-02	6.908866e-05
2.136000e-02	6.910766e-05
2.137000e-02	6.912666e-05
2.138000e-02	6.914566e-05
2.139000e-02	6.916465e-05
2.140000e-02	6.918365e-05
2.141000e-02	6.920265e-05
2.142000e-02	6.922165e-05
2.143000e-02	6.924065e-05
2.144000e-02	6.925965e-05
2.145000e-02	6.927865e-05
2.146000e-02	6.929765e-05
2.147000e-02	6.931665e-05
2.148000e-02	6.933565e-05
2.149000e-02	6.935464e-05
2.150000e-02	6.937364e-05
2.151000e-02	6.939264e-05
2.152000e-02	6.941164e-05
2.153000e-02	6.943064e-05
2.154000e-02	6.944964e-05
2.155000e-02	6.946864e-05
2.156000e-02	6.948764e-05
2.157000e-02	6.950664e-05
2.158000e-02	6.952564e-05
2.159000e-02	6.954463e-05
2.160000e-02	6.956363e-05
2.161000e-02	6.958263e-05
2.162000e-02	6.960163e-05
2.163000e-02	6.962063e-05
2.164000e-02	6.963963e-05
2.165000e-02	6.965863e-05
2.166000e-02	6.967763e-05
2.167000e-02	6.969663e-05
2.168000e-02	6.971563e-05
2.169000e-02	6.973463e-05
2.170000e-02	6.975362e-05
2.171000e-02	6.977262e-05
2.172000e-02	6.979162e-05
2.173000e-02	6.981062e-05
2.174000e-02	6.982962e-05
2.175000e-02	6.984862e-05
2.176000e-02	6.986762e-05
2.177000e-02	6.988662e-05
2.178000e-02	6.990562e-05
2.179000e-02	6.992462e-05
2.180000e-02	6.994361e-05
2.181000e-02	6.996261e-05
2.182000e-02	6.998161e-05
2.183000e-02	7.000061e-05
2.184000e-02	7.001961e-05
2.185000e-02	7.003861e-05
2.186000e-02	7.005761e-05
2.187000e-02	7.007661e-05
2.188000e-02	7.009561e-05
2.189000e-02	7.011461e-05
2.190000e-02	7.013360e-05
2.191000e-02	7.015260e-05
2.192000e-02	7.017160e-05
2.193000e-02	7.019060e-05
2.194000e-02	7.020960e-05
2.195000e-02	7.022860e-05
2.196000e-02	7.024760e-05
2.197000e-02	7.026660e-05
2.198000e-02	7.028560e-05
2.199000e-02	7.030460e-05
2.200000e-02	7.032360e-05
2.201000e-02	7.034380e-05
2.202000e-02	7.036400e-05
2.203000e-02	7.038420e-05
2.204000e-02	7.040440e-05
2.205000e-02	7.042460e-05
2.206000e-02	7.044480e-05
2.207000e-02	7.046501e-05
2.208000e-02	7.048521e-05
2.209000e-02	7.050541e-05
2.210000e-02	7.052561e-05
2.211000e-02	7.054581e-05
2.212000e-02	7.056601e-05
2.213000e-02	7.058622e-05
2.214000e-02	7.060642e-05
2.215000e-02	7.062662e-05
2.216000e-02	7.064682e-05
2.217000e-02	7.066702e-05
2.218000e-02	7.068722e-05
2.219000e-02	7.070743e-05
2.220000e-02	7.072763e-05
2.221000e-02	7.074783e-05
2.222000e-02	7.076803e-05
2.223000e-02	7.078823e-05
2.224000e-02	7.080843e-05
2.225000e-02	7.082864e-05
2.226000e-02	7.084884e-05
2.227000e-02	7.086904e-05
2.228000e-02	7.088924e-05
2.229000e-02	7.090944e-05
2.230000e-02	7.092964e-05
2.231000e-02	7.094985e-05
2.232000e-02	7.097005e-05
2.233000e-02	7.099025e-05
2.234000e-02	7.101045e-05
2.235000e-02	7.103065e-05
2.236000e-02	7.105085e-05
2.237000e-02	7.107106e-05
2.238000e-02	7.109126e-05
2.239000e-02	7.111146e-05
2.240000e-02	7.113166e-05
2.241000e-02	7.115186e-05
2.242000e-02	7.117206e-05
2.243000e-02	7.119227e-05
2.244000e-02	7.121247e-05
2.245000e-02	7.123267e-05
2.246000e-02	7.125287e-05
2.247000e-02	7.127307e-05
2.248000e-02	7.129327e-05
2.249000e-02	7.131348e-05
2.250000e-02	7.133368e-05
2.251000e-02	7.135388e-05
2.252000e-02	7.137408e-05
2.253000e-02	7.139428e-05
2.254000e-02	7.141448e-05
2.255000e-02	7.143469e-05
2.256000e-02	7.145489e-05
2.257000e-02	7.147509e-05
2.258000e-02	7.149529e-05
2.259000e-02	7.151549e-05
2.260000e-02	7.153569e-05
2.261000e-02	7.155590e-05
2.262000e-02	7.157610e-05
2.263000e-02	7.159630e-05
2.264000e-02	7.161650e-05
2.265000e-02	7.163670e-05
2.266000e-02	7.165690e-05
2.267000e-02	7.167711e-05
2.268000e-02	7.169731e-05
2.269000e-02	7.171751e-05
2.270000e-02	7.173771e-05
2.271000e-02	7.175791e-05
2.272000e-02	7.177811e-05
2.273000e-02	7.179832e-05
2.274000e-02	7.181852e-05
2.275000e-02	7.183872e-05
2.276000e-02	7.185892e-05
2.277000e-02	7.187912e-05
2.278000e-02	7.189932e-05
2.279000e-02	7.191953e-05
2.280000e-02	7.193973e-05
2.281000e-02	7.195993e-05
2.282000e-02	7.198013e-05
2.283000e-02	7.200033e-05
2.284000e-02	7.202053e-05
2.285000e-02	7.204074e-05
2.286000e-02	7.206094e-05
2.287000e-02	7.208114e-05
2.288000e-02	7.210134e-05
2.289000e-02	7.212154e-05
2.290000e-02	7.214174e-05
2.291000e-02	7.216195e-05
2.292000e-02	7.218215e-05
2.293000e-02	7.220235e-05
2.294000e-02	7.222255e-05
2.295000e-02	7.224275e-05
2.296000e-02	7.226295e-05
2.297000e-02	7.228316e-05
2.298000e-02	7.230336e-05
2.299000e-02	7.232356e-05
2.300000e-02	7.234376e-05
2.301000e-02	7.236507e-05
2.302000e-02	7.238637e-05
2.303000e-02	7.240768e-05
2.304000e-02	7.242899e-05
2.305000e-02	7.245029e-05
2.306000e-02	7.247160e-05
2.307000e-02	7.249290e-05
2.308000e-02	7.251421e-05
2.309000e-02	7.253552e-05
2.310000e-02	7.255682e-05
2.311000e-02	7.257813e-05
2.312000e-02	7.259944e-05
2.313000e-02	7.262074e-05
2.314000e-02	7.264205e-05
2.315000e-02	7.266336e-05
2.316000e-02	7.268466e-05
2.317000e-02	7.270597e-05
2.318000e-02	7.272728e-05
2.319000e-02	7.274858e-05
2.320000e-02	7.276989e-05
2.321000e-02	7.279119e-05
2.322000e-02	7.281250e-05
2.323000e-02	7.283381e-05
2.324000e-02	7.285511e-05
2.325000e-02	7.287642e-05
2.326000e-02	7.289773e-05
2.327000e-02	7.291903e-05
2.328000e-02	7.294034e-05
2.329000e-02	7.296165e-05
2.330000e-02	7.298295e-05
2.331000e-02	7.300426e-05
2.332000e-02	7.302557e-05
2.333000e-02	7.304687e-05
2.334000e-02	7.306818e-05
2.335000e-02	7.308948e-05
2.336000e-02	7.311079e-05
2.337000e-02	7.313210e-05
2.338000e-02	7.315340e-05
2.339000e-02	7.317471e-05
2.340000e-02	7.319602e-05
2.341000e-02	7.321732e-05
2.342000e-02	7.323863e-05
2.343000e-02	7.325994e-05
2.344000e-02	7.328124e-05
2.345000e-02	7.330255e-05
2.346000e-02	7.332386e-05
2.347000e-02	7.334516e-05
2.348000e-02	7.336647e-05
2.349000e-02	7.338777e-05
2.350000e-02	7.340908e-05
2.351000e-02	7.343039e-05
2.352000e-02	7.345169e-05
2.353000e-02	7.347300e-05
2.354000e-02	7.349431e-05
2.355000e-02	7.351561e-05
2.356000e-02	7.353692e-05
2.357000e-02	7.355823e-05
2.358000e-02	7.357953e-05
2.359000e-02	7.360084e-05
2.360000e-02	7.362214e-05
2.361000e-02	7.364345e-05
2.362000e-02	7.366476e-05
2.363000e-02	7.368606e-05
2.364000e-02	7.370737e-05
2.365000e-02	7.372868e-05
2.366000e-02	7.374998e-05
2.367000e-02	7.377129e-05
2.368000e-02	7.379260e-05
2.369000e-02	7.381390e-05
2.370000e-02	7.383521e-05
2.371000e-02	7.385652e-05
2.372000e-02	7.387782e-05
2.373000e-02	7.389913e-05
2.374000e-02	7.392043e-05
2.375000e-02	7.394174e-05
2.376000e-02	7.396305e-05
2.377000e-02	7.398435e-05
2.378000e-02	7.400566e-05
2.379000e-02	7.402697e-05
2.380000e-02	7.404827e-05
2.381000e-02	7.406958e-05
2.382000e-02	7.409089e-05
2.383000e-02	7.411219e-05
2.384000e-02	7.413350e-05
2.385000e-02	7.415481e-05
2.386000e-02	7.417611e-05
2.387000e-02	7.419742e-05
2.388000e-02	7.421872e-05
2.389000e-02	7.424003e-05
2.390000e-02	7.426134e-05
2.391000e-02	7.428264e-05
2.392000e-02	7.430395e-05
2.393000e-02	7.432526e-05
2.394000e-02	7.434656e-05
2.395000e-02	7.436787e-05
2.396000e-02	7.438918e-05
2.397000e-02	7.441048e-05
2.398000e-02	7.443179e-05
2.399000e-02	7.445310e-05
2.400000e-02	7.447440e-05
2.401000e-02	7.449672e-05
2.402000e-02	7.451904e-05
2.403000e-02	7.454136e-05
2.404000e-02	7.456368e-05
2.405000e-02	7.458600e-05
2.406000e-02	7.460832e-05
2.407000e-02	7.463064e-05
2.408000e-02	7.465295e-05
2.409000e-02	7.467527e-05
2.410000e-02	7.469759e-05
2.411000e-02	7.471991e-05
2.412000e-02	7.474223e-05
2.413000e-02	7.476455e-05
2.414000e-02	7.478687e-05
2.415000e-02	7.480919e-05
2.416000e-02	7.483151e-05
2.417000e-02	7.485383e-05
2.418000e-02	7.487615e-05
2.419000e-02	7.489846e-05
2.420000e-02	7.492078e-05
2.421000e-02	7.494310e-05
2.422000e-02	7.496542e-05
2.423000e-02	7.498774e-05
2.424000e-02	7.501006e-05
2.425000e-02	7.503238e-05
2.426000e-02	7.505470e-05
2.427000e-02	7.507702e-05
2.428000e-02	7.509934e-05
2.429000e-02	7.512166e-05
2.430000e-02	7.514398e-05
2.431000e-02	7.516629e-05
2.432000e-02	7.518861e-05
2.433000e-02	7.521093e-05
2.434000e-02	7.523325e-05
2.435000e-02	7.525557e-05
2.436000e-02	7.527789e-05
2.437000e-02	7.530021e-05
2.438000e-02	7.532253e-05
2.439000e-02	7.534485e-05
2.440000e-02	7.536717e-05
2.441000e-02	7.538949e-05
2.442000e-02	7.541180e-05
2.443000e-02	7.543412e-05
2.444000e-02	7.545644e-05
2.445000e-02	7.547876e-05
2.446000e-02	7.550108e-05
2.447000e-02	7.552340e-05
2.448000e-02	7.554572e-05
2.449000e-02	7.556804e-05
2.450000e-02	7.559036e-05
2.451000e-02	7.561268e-05
2.452000e-02	7.563500e-05
2.453000e-02	7.565732e-05
2.454000e-02	7.567963e-05
2.455000e-02	7.570195e-05
2.456000e-02	7.572427e-05
2.457000e-02	7.574659e-05
2.458000e-02	7.576891e-05
2.459000e-02	7.579123e-05
2.460000e-02	7.581355e-05
2.461000e-02	7.583587e-05
2.462000e-02	7.585819e-05
2.463000e-02	7.588051e-05
2.464000e-02	7.590283e-05
2.465000e-02	7.592514e-05
2.466000e-02	7.594746e-05
2.467000e-02	7.596978e-05
2.468000e-02	7.599210e-05
2.469000e-02	7.601442e-05
2.470000e-02	7.603674e-05
2.471000e-02	7.605906e-05
2.472000e-02	7.608138e-05
2.473000e-02	7.610370e-05
2.474000e-02	7.612602e-05
2.475000e-02	7.614834e-05
2.476000e-02	7.617065e-05
2.477000e-02	7.619297e-05
2.478000e-02	7.621529e-05
2.479000e-02	7.623761e-05
2.480000e-02	7.625993e-05
2.481000e-02	7.628225e-05
2.482000e-02	7.630457e-05
2.483000e-02	7.632689e-05
2.484000e-02	7.634921e-05
2.485000e-02	7.637153e-05
2.486000e-02	7.639385e-05
2.487000e-02	7.641617e-05
2.488000e-02	7.643848e-05
2.489000e-02	7.646080e-05
2.490000e-02	7.648312e-05
2.491000e-02	7.650544e-05
2.492000e-02	7.652776e-05
2.493000e-02	7.655008e-05
2.494000e-02	7.657240e-05
2.495000e-02	7.659472e-05
2.496000e-02	7.661704e-05
2.497000e-02	7.663936e-05
2.498000e-02	7.666168e-05
2.499000e-02	7.668399e-05
