z1_new_m	d1_new_long_m
1.000000e-03	8.062695e-04
1.010000e-03	8.069964e-04
1.020000e-03	8.077234e-04
1.030000e-03	8.084503e-04
1.040000e-03	8.091773e-04
1.050000e-03	8.099043e-04
1.060000e-03	8.106312e-04
1.070000e-03	8.113582e-04
1.080000e-03	8.120851e-04
1.090000e-03	8.128121e-04
1.100000e-03	8.135391e-04
1.110000e-03	8.142660e-04
1.120000e-03	8.149930e-04
1.130000e-03	8.157199e-04
1.140000e-03	8.164469e-04
1.150000e-03	8.171739e-04
1.160000e-03	8.179008e-04
1.170000e-03	8.186278e-04
1.180000e-03	8.193547e-04
1.190000e-03	8.200817e-04
1.200000e-03	8.208087e-04
1.210000e-03	8.215356e-04
1.220000e-03	8.222626e-04
1.230000e-03	8.229895e-04
1.240000e-03	8.237165e-04
1.250000e-03	8.244435e-04
1.260000e-03	8.251704e-04
1.270000e-03	8.258974e-04
1.280000e-03	8.266243e-04
1.290000e-03	8.273513e-04
1.300000e-03	8.280783e-04
1.310000e-03	8.288052e-04
1.320000e-03	8.295322e-04
1.330000e-03	8.302591e-04
1.340000e-03	8.309861e-04
1.350000e-03	8.317130e-04
1.360000e-03	8.324400e-04
1.370000e-03	8.331670e-04
1.380000e-03	8.338939e-04
1.390000e-03	8.346209e-04
1.400000e-03	8.353478e-04
1.410000e-03	8.360748e-04
1.420000e-03	8.368018e-04
1.430000e-03	8.375287e-04
1.440000e-03	8.382557e-04
1.450000e-03	8.389826e-04
1.460000e-03	8.397096e-04
1.470000e-03	8.404366e-04
1.480000e-03	8.411635e-04
1.490000e-03	8.418905e-04
1.500000e-03	8.426174e-04
1.510000e-03	8.433444e-04
1.520000e-03	8.440714e-04
1.530000e-03	8.447983e-04
1.540000e-03	8.455253e-04
1.550000e-03	8.462522e-04
1.560000e-03	8.469792e-04
1.570000e-03	8.477062e-04
1.580000e-03	8.484331e-04
1.590000e-03	8.491601e-04
1.600000e-03	8.498870e-04
1.610000e-03	8.506140e-04
1.620000e-03	8.513410e-04
1.630000e-03	8.520679e-04
1.640000e-03	8.527949e-04
1.650000e-03	8.535218e-04
1.660000e-03	8.542488e-04
1.670000e-03	8.549758e-04
1.680000e-03	8.557027e-04
1.690000e-03	8.564297e-04
1.700000e-03	8.571566e-04
1.710000e-03	8.578836e-04
1.720000e-03	8.586106e-04
1.730000e-03	8.593375e-04
1.740000e-03	8.600645e-04
1.750000e-03	8.607914e-04
1.760000e-03	8.615184e-04
1.770000e-03	8.622454e-04
1.780000e-03	8.629723e-04
1.790000e-03	8.636993e-04
1.800000e-03	8.644262e-04
1.810000e-03	8.651532e-04
1.820000e-03	8.658802e-04
1.830000e-03	8.666071e-04
1.840000e-03	8.673341e-04
1.850000e-03	8.680610e-04
1.860000e-03	8.687880e-04
1.870000e-03	8.695150e-04
1.880000e-03	8.702419e-04
1.890000e-03	8.709689e-04
1.900000e-03	8.716958e-04
1.910000e-03	8.724228e-04
1.920000e-03	8.731498e-04
1.930000e-03	8.738767e-04
1.940000e-03	8.746037e-04
1.950000e-03	8.753306e-04
1.960000e-03	8.760576e-04
1.970000e-03	8.767846e-04
1.980000e-03	8.775115e-04
1.990000e-03	8.782385e-04
2.000000e-03	8.789654e-04
2.010000e-03	8.796924e-04
2.020000e-03	8.804194e-04
2.030000e-03	8.811463e-04
2.040000e-03	8.818733e-04
2.050000e-03	8.826002e-04
2.060000e-03	8.833272e-04
2.070000e-03	8.840542e-04
2.080000e-03	8.847811e-04
2.090000e-03	8.855081e-04
2.100000e-03	8.862350e-04
2.110000e-03	8.869620e-04
2.120000e-03	8.876890e-04
2.130000e-03	8.884159e-04
2.140000e-03	8.891429e-04
2.150000e-03	8.898698e-04
2.160000e-03	8.905968e-04
2.170000e-03	8.913238e-04
2.180000e-03	8.920507e-04
2.190000e-03	8.927777e-04
2.200000e-03	8.935046e-04
2.210000e-03	8.942316e-04
2.220000e-03	8.949586e-04
2.230000e-03	8.956855e-04
2.240000e-03	8.964125e-04
2.250000e-03	8.971394e-04
2.260000e-03	8.978664e-04
2.270000e-03	8.985934e-04
2.280000e-03	8.993203e-04
2.290000e-03	9.000473e-04
2.300000e-03	9.007742e-04
2.310000e-03	9.015012e-04
2.320000e-03	9.022282e-04
2.330000e-03	9.029551e-04
2.340000e-03	9.036821e-04
2.350000e-03	9.044090e-04
2.360000e-03	9.051360e-04
2.370000e-03	9.058630e-04
2.380000e-03	9.065899e-04
2.390000e-03	9.073169e-04
2.400000e-03	9.080438e-04
2.410000e-03	9.087708e-04
2.420000e-03	9.094978e-04
2.430000e-03	9.102247e-04
2.440000e-03	9.109517e-04
2.450000e-03	9.116786e-04
2.460000e-03	9.124056e-04
2.470000e-03	9.131326e-04
2.480000e-03	9.138595e-04
2.490000e-03	9.145865e-04
2.500000e-03	9.153134e-04
2.510000e-03	9.160404e-04
2.520000e-03	9.167674e-04
2.530000e-03	9.174943e-04
2.540000e-03	9.182213e-04
2.550000e-03	9.189482e-04
2.560000e-03	9.196752e-04
2.570000e-03	9.204022e-04
2.580000e-03	9.211291e-04
2.590000e-03	9.218561e-04
2.600000e-03	9.225830e-04
2.610000e-03	9.233100e-04
2.620000e-03	9.240370e-04
2.630000e-03	9.247639e-04
2.640000e-03	9.254909e-04
2.650000e-03	9.262178e-04
2.660000e-03	9.269448e-04
2.670000e-03	9.276718e-04
2.680000e-03	9.283987e-04
2.690000e-03	9.291257e-04
2.700000e-03	9.298526e-04
2.710000e-03	9.305796e-04
2.720000e-03	9.313066e-04
2.730000e-03	9.320335e-04
2.740000e-03	9.327605e-04
2.750000e-03	9.334874e-04
2.760000e-03	9.342144e-04
2.770000e-03	9.349414e-04
2.780000e-03	9.356683e-04
2.790000e-03	9.363953e-04
2.800000e-03	9.371222e-04
2.810000e-03	9.378492e-04
2.820000e-03	9.385762e-04
2.830000e-03	9.393031e-04
2.840000e-03	9.400301e-04
2.850000e-03	9.407570e-04
2.860000e-03	9.414840e-04
2.870000e-03	9.422110e-04
2.880000e-03	9.429379e-04
2.890000e-03	9.436649e-04
2.900000e-03	9.443918e-04
2.910000e-03	9.451188e-04
2.920000e-03	9.458458e-04
2.930000e-03	9.465727e-04
2.940000e-03	9.472997e-04
2.950000e-03	9.480266e-04
2.960000e-03	9.487536e-04
2.970000e-03	9.494806e-04
2.980000e-03	9.502075e-04
2.990000e-03	9.509345e-04
3.000000e-03	9.516614e-04
3.010000e-03	9.523884e-04
3.020000e-03	9.531154e-04
3.030000e-03	9.538423e-04
3.040000e-03	9.545693e-04
3.050000e-03	9.552962e-04
3.060000e-03	9.560232e-04
3.070000e-03	9.567502e-04
3.080000e-03	9.574771e-04
3.090000e-03	9.582041e-04
3.100000e-03	9.589310e-04
3.110000e-03	9.596580e-04
3.120000e-03	9.603850e-04
3.130000e-03	9.611119e-04
3.140000e-03	9.618389e-04
3.150000e-03	9.625658e-04
3.160000e-03	9.632928e-04
3.170000e-03	9.640198e-04
3.180000e-03	9.647467e-04
3.190000e-03	9.654737e-04
3.200000e-03	9.662006e-04
3.210000e-03	9.669276e-04
3.220000e-03	9.676546e-04
3.230000e-03	9.683815e-04
3.240000e-03	9.691085e-04
3.250000e-03	9.698355e-04
3.260000e-03	9.705624e-04
3.270000e-03	9.712894e-04
3.280000e-03	9.720163e-04
3.290000e-03	9.727433e-04
3.300000e-03	9.734703e-04
3.310000e-03	9.741972e-04
3.320000e-03	9.749242e-04
3.330000e-03	9.756511e-04
3.340000e-03	9.763781e-04
3.350000e-03	9.771051e-04
3.360000e-03	9.778320e-04
3.370000e-03	9.785590e-04
3.380000e-03	9.792859e-04
3.390000e-03	9.800129e-04
3.400000e-03	9.807399e-04
3.410000e-03	9.814668e-04
3.420000e-03	9.821938e-04
3.430000e-03	9.829207e-04
3.440000e-03	9.836477e-04
3.450000e-03	9.843747e-04
3.460000e-03	9.851016e-04
3.470000e-03	9.858286e-04
3.480000e-03	9.865555e-04
3.490000e-03	9.872825e-04
3.500000e-03	9.880095e-04
3.510000e-03	9.887364e-04
3.520000e-03	9.894634e-04
3.530000e-03	9.901903e-04
3.540000e-03	9.909173e-04
3.550000e-03	9.916443e-04
3.560000e-03	9.923712e-04
3.570000e-03	9.930982e-04
3.580000e-03	9.938251e-04
3.590000e-03	9.945521e-04
3.600000e-03	9.952791e-04
3.610000e-03	9.960060e-04
3.620000e-03	9.967330e-04
3.630000e-03	9.974599e-04
3.640000e-03	9.981869e-04
3.650000e-03	9.989139e-04
3.660000e-03	9.996408e-04
3.670000e-03	1.000368e-03
3.680000e-03	1.001095e-03
3.690000e-03	1.001822e-03
3.700000e-03	1.002549e-03
3.710000e-03	1.003276e-03
3.720000e-03	1.004003e-03
3.730000e-03	1.004730e-03
3.740000e-03	1.005457e-03
3.750000e-03	1.006183e-03
3.760000e-03	1.006910e-03
3.770000e-03	1.007637e-03
3.780000e-03	1.008364e-03
3.790000e-03	1.009091e-03
3.800000e-03	1.009818e-03
3.810000e-03	1.010545e-03
3.820000e-03	1.011272e-03
3.830000e-03	1.011999e-03
3.840000e-03	1.012726e-03
3.850000e-03	1.013453e-03
3.860000e-03	1.014180e-03
3.870000e-03	1.014907e-03
3.880000e-03	1.015634e-03
3.890000e-03	1.016361e-03
3.900000e-03	1.017088e-03
3.910000e-03	1.017815e-03
3.920000e-03	1.018542e-03
3.930000e-03	1.019269e-03
3.940000e-03	1.019996e-03
3.950000e-03	1.020723e-03
3.960000e-03	1.021450e-03
3.970000e-03	1.022177e-03
3.980000e-03	1.022904e-03
3.990000e-03	1.023631e-03
4.000000e-03	1.024357e-03
4.010000e-03	1.025084e-03
4.020000e-03	1.025811e-03
4.030000e-03	1.026538e-03
4.040000e-03	1.027265e-03
4.050000e-03	1.027992e-03
4.060000e-03	1.028719e-03
4.070000e-03	1.029446e-03
4.080000e-03	1.030173e-03
4.090000e-03	1.030900e-03
4.100000e-03	1.031627e-03
4.110000e-03	1.032354e-03
4.120000e-03	1.033081e-03
4.130000e-03	1.033808e-03
4.140000e-03	1.034535e-03
4.150000e-03	1.035262e-03
4.160000e-03	1.035989e-03
4.170000e-03	1.036716e-03
4.180000e-03	1.037443e-03
4.190000e-03	1.038170e-03
4.200000e-03	1.038897e-03
4.210000e-03	1.039624e-03
4.220000e-03	1.040351e-03
4.230000e-03	1.041078e-03
4.240000e-03	1.041805e-03
4.250000e-03	1.042531e-03
4.260000e-03	1.043258e-03
4.270000e-03	1.043985e-03
4.280000e-03	1.044712e-03
4.290000e-03	1.045439e-03
4.300000e-03	1.046166e-03
4.310000e-03	1.046893e-03
4.320000e-03	1.047620e-03
4.330000e-03	1.048347e-03
4.340000e-03	1.049074e-03
4.350000e-03	1.049801e-03
4.360000e-03	1.050528e-03
4.370000e-03	1.051255e-03
4.380000e-03	1.051982e-03
4.390000e-03	1.052709e-03
4.400000e-03	1.053436e-03
4.410000e-03	1.054163e-03
4.420000e-03	1.054890e-03
4.430000e-03	1.055617e-03
4.440000e-03	1.056344e-03
4.450000e-03	1.057071e-03
4.460000e-03	1.057798e-03
4.470000e-03	1.058525e-03
4.480000e-03	1.059252e-03
4.490000e-03	1.059979e-03
4.500000e-03	1.060705e-03
4.510000e-03	1.061432e-03
4.520000e-03	1.062159e-03
4.530000e-03	1.062886e-03
4.540000e-03	1.063613e-03
4.550000e-03	1.064340e-03
4.560000e-03	1.065067e-03
4.570000e-03	1.065794e-03
4.580000e-03	1.066521e-03
4.590000e-03	1.067248e-03
4.600000e-03	1.067975e-03
4.610000e-03	1.068702e-03
4.620000e-03	1.069429e-03
4.630000e-03	1.070156e-03
4.640000e-03	1.070883e-03
4.650000e-03	1.071610e-03
4.660000e-03	1.072337e-03
4.670000e-03	1.073064e-03
4.680000e-03	1.073791e-03
4.690000e-03	1.074518e-03
4.700000e-03	1.075245e-03
4.710000e-03	1.075972e-03
4.720000e-03	1.076699e-03
4.730000e-03	1.077426e-03
4.740000e-03	1.078153e-03
4.750000e-03	1.078879e-03
4.760000e-03	1.079606e-03
4.770000e-03	1.080333e-03
4.780000e-03	1.081060e-03
4.790000e-03	1.081787e-03
4.800000e-03	1.082514e-03
4.810000e-03	1.083241e-03
4.820000e-03	1.083968e-03
4.830000e-03	1.084695e-03
4.840000e-03	1.085422e-03
4.850000e-03	1.086149e-03
4.860000e-03	1.086876e-03
4.870000e-03	1.087603e-03
4.880000e-03	1.088330e-03
4.890000e-03	1.089057e-03
4.900000e-03	1.089784e-03
4.910000e-03	1.090511e-03
4.920000e-03	1.091238e-03
4.930000e-03	1.091965e-03
4.940000e-03	1.092692e-03
4.950000e-03	1.093419e-03
4.960000e-03	1.094146e-03
4.970000e-03	1.094873e-03
4.980000e-03	1.095600e-03
4.990000e-03	1.096327e-03
5.000000e-03	1.097054e-03
5.010000e-03	1.097780e-03
5.020000e-03	1.098507e-03
5.030000e-03	1.099234e-03
5.040000e-03	1.099961e-03
5.050000e-03	1.100688e-03
5.060000e-03	1.101415e-03
5.070000e-03	1.102142e-03
5.080000e-03	1.102869e-03
5.090000e-03	1.103596e-03
5.100000e-03	1.104323e-03
5.110000e-03	1.105050e-03
5.120000e-03	1.105777e-03
5.130000e-03	1.106504e-03
5.140000e-03	1.107231e-03
5.150000e-03	1.107958e-03
5.160000e-03	1.108685e-03
5.170000e-03	1.109412e-03
5.180000e-03	1.110139e-03
5.190000e-03	1.110866e-03
5.200000e-03	1.111593e-03
5.210000e-03	1.112320e-03
5.220000e-03	1.113047e-03
5.230000e-03	1.113774e-03
5.240000e-03	1.114501e-03
5.250000e-03	1.115228e-03
5.260000e-03	1.115954e-03
5.270000e-03	1.116681e-03
5.280000e-03	1.117408e-03
5.290000e-03	1.118135e-03
5.300000e-03	1.118862e-03
5.310000e-03	1.119589e-03
5.320000e-03	1.120316e-03
5.330000e-03	1.121043e-03
5.340000e-03	1.121770e-03
5.350000e-03	1.122497e-03
5.360000e-03	1.123224e-03
5.370000e-03	1.123951e-03
5.380000e-03	1.124678e-03
5.390000e-03	1.125405e-03
5.400000e-03	1.126132e-03
5.410000e-03	1.126859e-03
5.420000e-03	1.127586e-03
5.430000e-03	1.128313e-03
5.440000e-03	1.129040e-03
5.450000e-03	1.129767e-03
5.460000e-03	1.130494e-03
5.470000e-03	1.131221e-03
5.480000e-03	1.131948e-03
5.490000e-03	1.132675e-03
5.500000e-03	1.133402e-03
5.510000e-03	1.134128e-03
5.520000e-03	1.134855e-03
5.530000e-03	1.135582e-03
5.540000e-03	1.136309e-03
5.550000e-03	1.137036e-03
5.560000e-03	1.137763e-03
5.570000e-03	1.138490e-03
5.580000e-03	1.139217e-03
5.590000e-03	1.139944e-03
5.600000e-03	1.140671e-03
5.610000e-03	1.141398e-03
5.620000e-03	1.142125e-03
5.630000e-03	1.142852e-03
5.640000e-03	1.143579e-03
5.650000e-03	1.144306e-03
5.660000e-03	1.145033e-03
5.670000e-03	1.145760e-03
5.680000e-03	1.146487e-03
5.690000e-03	1.147214e-03
5.700000e-03	1.147941e-03
5.710000e-03	1.148668e-03
5.720000e-03	1.149395e-03
5.730000e-03	1.150122e-03
5.740000e-03	1.150849e-03
5.750000e-03	1.151576e-03
5.760000e-03	1.152303e-03
5.770000e-03	1.153029e-03
5.780000e-03	1.153756e-03
5.790000e-03	1.154483e-03
5.800000e-03	1.155210e-03
5.810000e-03	1.155937e-03
5.820000e-03	1.156664e-03
5.830000e-03	1.157391e-03
5.840000e-03	1.158118e-03
5.850000e-03	1.158845e-03
5.860000e-03	1.159572e-03
5.870000e-03	1.160299e-03
5.880000e-03	1.161026e-03
5.890000e-03	1.161753e-03
5.900000e-03	1.162480e-03
5.910000e-03	1.163207e-03
5.920000e-03	1.163934e-03
5.930000e-03	1.164661e-03
5.940000e-03	1.165388e-03
5.950000e-03	1.166115e-03
5.960000e-03	1.166842e-03
5.970000e-03	1.167569e-03
5.980000e-03	1.168296e-03
5.990000e-03	1.169023e-03
6.000000e-03	1.169750e-03
6.010000e-03	1.170477e-03
6.020000e-03	1.171203e-03
6.030000e-03	1.171930e-03
6.040000e-03	1.172657e-03
6.050000e-03	1.173384e-03
6.060000e-03	1.174111e-03
6.070000e-03	1.174838e-03
6.080000e-03	1.175565e-03
6.090000e-03	1.176292e-03
6.100000e-03	1.177019e-03
6.110000e-03	1.177746e-03
6.120000e-03	1.178473e-03
6.130000e-03	1.179200e-03
6.140000e-03	1.179927e-03
6.150000e-03	1.180654e-03
6.160000e-03	1.181381e-03
6.170000e-03	1.182108e-03
6.180000e-03	1.182835e-03
6.190000e-03	1.183562e-03
6.200000e-03	1.184289e-03
6.210000e-03	1.185016e-03
6.220000e-03	1.185743e-03
6.230000e-03	1.186470e-03
6.240000e-03	1.187197e-03
6.250000e-03	1.187924e-03
6.260000e-03	1.188651e-03
6.270000e-03	1.189378e-03
6.280000e-03	1.190104e-03
6.290000e-03	1.190831e-03
6.300000e-03	1.191558e-03
6.310000e-03	1.192285e-03
6.320000e-03	1.193012e-03
6.330000e-03	1.193739e-03
6.340000e-03	1.194466e-03
6.350000e-03	1.195193e-03
6.360000e-03	1.195920e-03
6.370000e-03	1.196647e-03
6.380000e-03	1.197374e-03
6.390000e-03	1.198101e-03
6.400000e-03	1.198828e-03
6.410000e-03	1.199555e-03
6.420000e-03	1.200282e-03
6.430000e-03	1.201009e-03
6.440000e-03	1.201736e-03
6.450000e-03	1.202463e-03
6.460000e-03	1.203190e-03
6.470000e-03	1.203917e-03
6.480000e-03	1.204644e-03
6.490000e-03	1.205371e-03
6.500000e-03	1.206098e-03
6.510000e-03	1.206825e-03
6.520000e-03	1.207552e-03
6.530000e-03	1.208278e-03
6.540000e-03	1.209005e-03
6.550000e-03	1.209732e-03
6.560000e-03	1.210459e-03
6.570000e-03	1.211186e-03
6.580000e-03	1.211913e-03
6.590000e-03	1.212640e-03
6.600000e-03	1.213367e-03
6.610000e-03	1.214094e-03
6.620000e-03	1.214821e-03
6.630000e-03	1.215548e-03
6.640000e-03	1.216275e-03
6.650000e-03	1.217002e-03
6.660000e-03	1.217729e-03
6.670000e-03	1.218456e-03
6.680000e-03	1.219183e-03
6.690000e-03	1.219910e-03
6.700000e-03	1.220637e-03
6.710000e-03	1.221364e-03
6.720000e-03	1.222091e-03
6.730000e-03	1.222818e-03
6.740000e-03	1.223545e-03
6.750000e-03	1.224272e-03
6.760000e-03	1.224999e-03
6.770000e-03	1.225726e-03
6.780000e-03	1.226453e-03
6.790000e-03	1.227179e-03
6.800000e-03	1.227906e-03
6.810000e-03	1.228633e-03
6.820000e-03	1.229360e-03
6.830000e-03	1.230087e-03
6.840000e-03	1.230814e-03
6.850000e-03	1.231541e-03
6.860000e-03	1.232268e-03
6.870000e-03	1.232995e-03
6.880000e-03	1.233722e-03
6.890000e-03	1.234449e-03
6.900000e-03	1.235176e-03
6.910000e-03	1.235903e-03
6.920000e-03	1.236630e-03
6.930000e-03	1.237357e-03
6.940000e-03	1.238084e-03
6.950000e-03	1.238811e-03
6.960000e-03	1.239538e-03
6.970000e-03	1.240265e-03
6.980000e-03	1.240992e-03
6.990000e-03	1.241719e-03
7.000000e-03	1.242446e-03
7.010000e-03	1.243173e-03
7.020000e-03	1.243900e-03
7.030000e-03	1.244627e-03
7.040000e-03	1.245353e-03
7.050000e-03	1.246080e-03
7.060000e-03	1.246807e-03
7.070000e-03	1.247534e-03
7.080000e-03	1.248261e-03
7.090000e-03	1.248988e-03
7.100000e-03	1.249715e-03
7.110000e-03	1.250442e-03
7.120000e-03	1.251169e-03
7.130000e-03	1.251896e-03
7.140000e-03	1.252623e-03
7.150000e-03	1.253350e-03
7.160000e-03	1.254077e-03
7.170000e-03	1.254804e-03
7.180000e-03	1.255531e-03
7.190000e-03	1.256258e-03
7.200000e-03	1.256985e-03
7.210000e-03	1.257712e-03
7.220000e-03	1.258439e-03
7.230000e-03	1.259166e-03
7.240000e-03	1.259893e-03
7.250000e-03	1.260620e-03
7.260000e-03	1.261347e-03
7.270000e-03	1.262074e-03
7.280000e-03	1.262801e-03
7.290000e-03	1.263527e-03
7.300000e-03	1.264254e-03
7.310000e-03	1.264981e-03
7.320000e-03	1.265708e-03
7.330000e-03	1.266435e-03
7.340000e-03	1.267162e-03
7.350000e-03	1.267889e-03
7.360000e-03	1.268616e-03
7.370000e-03	1.269343e-03
7.380000e-03	1.270070e-03
7.390000e-03	1.270797e-03
7.400000e-03	1.271524e-03
7.410000e-03	1.272251e-03
7.420000e-03	1.272978e-03
7.430000e-03	1.273705e-03
7.440000e-03	1.274432e-03
7.450000e-03	1.275159e-03
7.460000e-03	1.275886e-03
7.470000e-03	1.276613e-03
7.480000e-03	1.277340e-03
7.490000e-03	1.278067e-03
7.500000e-03	1.278794e-03
7.510000e-03	1.279521e-03
7.520000e-03	1.280248e-03
7.530000e-03	1.280975e-03
7.540000e-03	1.281702e-03
7.550000e-03	1.282428e-03
7.560000e-03	1.283155e-03
7.570000e-03	1.283882e-03
7.580000e-03	1.284609e-03
7.590000e-03	1.285336e-03
7.600000e-03	1.286063e-03
7.610000e-03	1.286790e-03
7.620000e-03	1.287517e-03
7.630000e-03	1.288244e-03
7.640000e-03	1.288971e-03
7.650000e-03	1.289698e-03
7.660000e-03	1.290425e-03
7.670000e-03	1.291152e-03
7.680000e-03	1.291879e-03
7.690000e-03	1.292606e-03
7.700000e-03	1.293333e-03
7.710000e-03	1.294060e-03
7.720000e-03	1.294787e-03
7.730000e-03	1.295514e-03
7.740000e-03	1.296241e-03
7.750000e-03	1.296968e-03
7.760000e-03	1.297695e-03
7.770000e-03	1.298422e-03
7.780000e-03	1.299149e-03
7.790000e-03	1.299876e-03
7.800000e-03	1.300602e-03
7.810000e-03	1.301329e-03
7.820000e-03	1.302056e-03
7.830000e-03	1.302783e-03
7.840000e-03	1.303510e-03
7.850000e-03	1.304237e-03
7.860000e-03	1.304964e-03
7.870000e-03	1.305691e-03
7.880000e-03	1.306418e-03
7.890000e-03	1.307145e-03
7.900000e-03	1.307872e-03
7.910000e-03	1.308599e-03
7.920000e-03	1.309326e-03
7.930000e-03	1.310053e-03
7.940000e-03	1.310780e-03
7.950000e-03	1.311507e-03
7.960000e-03	1.312234e-03
7.970000e-03	1.312961e-03
7.980000e-03	1.313688e-03
7.990000e-03	1.314415e-03
8.000000e-03	1.315142e-03
8.010000e-03	1.315869e-03
8.020000e-03	1.316596e-03
8.030000e-03	1.317323e-03
8.040000e-03	1.318050e-03
8.050000e-03	1.318777e-03
8.060000e-03	1.319503e-03
8.070000e-03	1.320230e-03
8.080000e-03	1.320957e-03
8.090000e-03	1.321684e-03
8.100000e-03	1.322411e-03
8.110000e-03	1.323138e-03
8.120000e-03	1.323865e-03
8.130000e-03	1.324592e-03
8.140000e-03	1.325319e-03
8.150000e-03	1.326046e-03
8.160000e-03	1.326773e-03
8.170000e-03	1.327500e-03
8.180000e-03	1.328227e-03
8.190000e-03	1.328954e-03
8.200000e-03	1.329681e-03
8.210000e-03	1.330408e-03
8.220000e-03	1.331135e-03
8.230000e-03	1.331862e-03
8.240000e-03	1.332589e-03
8.250000e-03	1.333316e-03
8.260000e-03	1.334043e-03
8.270000e-03	1.334770e-03
8.280000e-03	1.335497e-03
8.290000e-03	1.336224e-03
8.300000e-03	1.336951e-03
8.310000e-03	1.337677e-03
8.320000e-03	1.338404e-03
8.330000e-03	1.339131e-03
8.340000e-03	1.339858e-03
8.350000e-03	1.340585e-03
8.360000e-03	1.341312e-03
8.370000e-03	1.342039e-03
8.380000e-03	1.342766e-03
8.390000e-03	1.343493e-03
8.400000e-03	1.344220e-03
8.410000e-03	1.344947e-03
8.420000e-03	1.345674e-03
8.430000e-03	1.346401e-03
8.440000e-03	1.347128e-03
8.450000e-03	1.347855e-03
8.460000e-03	1.348582e-03
8.470000e-03	1.349309e-03
8.480000e-03	1.350036e-03
8.490000e-03	1.350763e-03
8.500000e-03	1.351490e-03
8.510000e-03	1.352217e-03
8.520000e-03	1.352944e-03
8.530000e-03	1.353671e-03
8.540000e-03	1.354398e-03
8.550000e-03	1.355125e-03
8.560000e-03	1.355852e-03
8.570000e-03	1.356578e-03
8.580000e-03	1.357305e-03
8.590000e-03	1.358032e-03
8.600000e-03	1.358759e-03
8.610000e-03	1.359486e-03
8.620000e-03	1.360213e-03
8.630000e-03	1.360940e-03
8.640000e-03	1.361667e-03
8.650000e-03	1.362394e-03
8.660000e-03	1.363121e-03
8.670000e-03	1.363848e-03
8.680000e-03	1.364575e-03
8.690000e-03	1.365302e-03
8.700000e-03	1.366029e-03
8.710000e-03	1.366756e-03
8.720000e-03	1.367483e-03
8.730000e-03	1.368210e-03
8.740000e-03	1.368937e-03
8.750000e-03	1.369664e-03
8.760000e-03	1.370391e-03
8.770000e-03	1.371118e-03
8.780000e-03	1.371845e-03
8.790000e-03	1.372572e-03
8.800000e-03	1.373299e-03
8.810000e-03	1.374026e-03
8.820000e-03	1.374752e-03
8.830000e-03	1.375479e-03
8.840000e-03	1.376206e-03
8.850000e-03	1.376933e-03
8.860000e-03	1.377660e-03
8.870000e-03	1.378387e-03
8.880000e-03	1.379114e-03
8.890000e-03	1.379841e-03
8.900000e-03	1.380568e-03
8.910000e-03	1.381295e-03
8.920000e-03	1.382022e-03
8.930000e-03	1.382749e-03
8.940000e-03	1.383476e-03
8.950000e-03	1.384203e-03
8.960000e-03	1.384930e-03
8.970000e-03	1.385657e-03
8.980000e-03	1.386384e-03
8.990000e-03	1.387111e-03
9.000000e-03	1.387838e-03
9.010000e-03	1.388565e-03
9.020000e-03	1.389292e-03
9.030000e-03	1.390019e-03
9.040000e-03	1.390746e-03
9.050000e-03	1.391473e-03
9.060000e-03	1.392200e-03
9.070000e-03	1.392926e-03
9.080000e-03	1.393653e-03
9.090000e-03	1.394380e-03
9.100000e-03	1.395107e-03
9.110000e-03	1.395834e-03
9.120000e-03	1.396561e-03
9.130000e-03	1.397288e-03
9.140000e-03	1.398015e-03
9.150000e-03	1.398742e-03
9.160000e-03	1.399469e-03
9.170000e-03	1.400196e-03
9.180000e-03	1.400923e-03
9.190000e-03	1.401650e-03
9.200000e-03	1.402377e-03
9.210000e-03	1.403104e-03
9.220000e-03	1.403831e-03
9.230000e-03	1.404558e-03
9.240000e-03	1.405285e-03
9.250000e-03	1.406012e-03
9.260000e-03	1.406739e-03
9.270000e-03	1.407466e-03
9.280000e-03	1.408193e-03
9.290000e-03	1.408920e-03
9.300000e-03	1.409647e-03
9.310000e-03	1.410374e-03
9.320000e-03	1.411101e-03
9.330000e-03	1.411827e-03
9.340000e-03	1.412554e-03
9.350000e-03	1.413281e-03
9.360000e-03	1.414008e-03
9.370000e-03	1.414735e-03
9.380000e-03	1.415462e-03
9.390000e-03	1.416189e-03
9.400000e-03	1.416916e-03
9.410000e-03	1.417643e-03
9.420000e-03	1.418370e-03
9.430000e-03	1.419097e-03
9.440000e-03	1.419824e-03
9.450000e-03	1.420551e-03
9.460000e-03	1.421278e-03
9.470000e-03	1.422005e-03
9.480000e-03	1.422732e-03
9.490000e-03	1.423459e-03
9.500000e-03	1.424186e-03
9.510000e-03	1.424913e-03
9.520000e-03	1.425640e-03
9.530000e-03	1.426367e-03
9.540000e-03	1.427094e-03
9.550000e-03	1.427821e-03
9.560000e-03	1.428548e-03
9.570000e-03	1.429275e-03
9.580000e-03	1.430001e-03
9.590000e-03	1.430728e-03
9.600000e-03	1.431455e-03
9.610000e-03	1.432182e-03
9.620000e-03	1.432909e-03
9.630000e-03	1.433636e-03
9.640000e-03	1.434363e-03
9.650000e-03	1.435090e-03
9.660000e-03	1.435817e-03
9.670000e-03	1.436544e-03
9.680000e-03	1.437271e-03
9.690000e-03	1.437998e-03
9.700000e-03	1.438725e-03
9.710000e-03	1.439452e-03
9.720000e-03	1.440179e-03
9.730000e-03	1.440906e-03
9.740000e-03	1.441633e-03
9.750000e-03	1.442360e-03
9.760000e-03	1.443087e-03
9.770000e-03	1.443814e-03
9.780000e-03	1.444541e-03
9.790000e-03	1.445268e-03
9.800000e-03	1.445995e-03
9.810000e-03	1.446722e-03
9.820000e-03	1.447449e-03
9.830000e-03	1.448176e-03
9.840000e-03	1.448902e-03
9.850000e-03	1.449629e-03
9.860000e-03	1.450356e-03
9.870000e-03	1.451083e-03
9.880000e-03	1.451810e-03
9.890000e-03	1.452537e-03
9.900000e-03	1.453264e-03
9.910000e-03	1.453991e-03
9.920000e-03	1.454718e-03
9.930000e-03	1.455445e-03
9.940000e-03	1.456172e-03
9.950000e-03	1.456899e-03
9.960000e-03	1.457626e-03
9.970000e-03	1.458353e-03
9.980000e-03	1.459080e-03
9.990000e-03	1.459807e-03
1.000000e-02	1.460534e-03
1.001000e-02	1.461261e-03
1.002000e-02	1.461988e-03
1.003000e-02	1.462715e-03
1.004000e-02	1.463442e-03
1.005000e-02	1.464169e-03
1.006000e-02	1.464896e-03
1.007000e-02	1.465623e-03
1.008000e-02	1.466350e-03
1.009000e-02	1.467076e-03
1.010000e-02	1.467803e-03
1.011000e-02	1.468530e-03
1.012000e-02	1.469257e-03
1.013000e-02	1.469984e-03
1.014000e-02	1.470711e-03
1.015000e-02	1.471438e-03
1.016000e-02	1.472165e-03
1.017000e-02	1.472892e-03
1.018000e-02	1.473619e-03
1.019000e-02	1.474346e-03
1.020000e-02	1.475073e-03
1.021000e-02	1.475800e-03
1.022000e-02	1.476527e-03
1.023000e-02	1.477254e-03
1.024000e-02	1.477981e-03
1.025000e-02	1.478708e-03
1.026000e-02	1.479435e-03
1.027000e-02	1.480162e-03
1.028000e-02	1.480889e-03
1.029000e-02	1.481616e-03
1.030000e-02	1.482343e-03
1.031000e-02	1.483070e-03
1.032000e-02	1.483797e-03
1.033000e-02	1.484524e-03
1.034000e-02	1.485251e-03
1.035000e-02	1.485977e-03
1.036000e-02	1.486704e-03
1.037000e-02	1.487431e-03
1.038000e-02	1.488158e-03
1.039000e-02	1.488885e-03
1.040000e-02	1.489612e-03
1.041000e-02	1.490339e-03
1.042000e-02	1.491066e-03
1.043000e-02	1.491793e-03
1.044000e-02	1.492520e-03
1.045000e-02	1.493247e-03
1.046000e-02	1.493974e-03
1.047000e-02	1.494701e-03
1.048000e-02	1.495428e-03
1.049000e-02	1.496155e-03
1.050000e-02	1.496882e-03
1.051000e-02	1.497609e-03
1.052000e-02	1.498336e-03
1.053000e-02	1.499063e-03
1.054000e-02	1.499790e-03
1.055000e-02	1.500517e-03
1.056000e-02	1.501244e-03
1.057000e-02	1.501971e-03
1.058000e-02	1.502698e-03
1.059000e-02	1.503425e-03
1.060000e-02	1.504151e-03
1.061000e-02	1.504878e-03
1.062000e-02	1.505605e-03
1.063000e-02	1.506332e-03
1.064000e-02	1.507059e-03
1.065000e-02	1.507786e-03
1.066000e-02	1.508513e-03
1.067000e-02	1.509240e-03
1.068000e-02	1.509967e-03
1.069000e-02	1.510694e-03
1.070000e-02	1.511421e-03
1.071000e-02	1.512148e-03
1.072000e-02	1.512875e-03
1.073000e-02	1.513602e-03
1.074000e-02	1.514329e-03
1.075000e-02	1.515056e-03
1.076000e-02	1.515783e-03
1.077000e-02	1.516510e-03
1.078000e-02	1.517237e-03
1.079000e-02	1.517964e-03
1.080000e-02	1.518691e-03
1.081000e-02	1.519418e-03
1.082000e-02	1.520145e-03
1.083000e-02	1.520872e-03
1.084000e-02	1.521599e-03
1.085000e-02	1.522325e-03
1.086000e-02	1.523052e-03
1.087000e-02	1.523779e-03
1.088000e-02	1.524506e-03
1.089000e-02	1.525233e-03
1.090000e-02	1.525960e-03
1.091000e-02	1.526687e-03
1.092000e-02	1.527414e-03
1.093000e-02	1.528141e-03
1.094000e-02	1.528868e-03
1.095000e-02	1.529595e-03
1.096000e-02	1.530322e-03
1.097000e-02	1.531049e-03
1.098000e-02	1.531776e-03
1.099000e-02	1.532503e-03
1.100000e-02	1.533230e-03
1.101000e-02	1.533957e-03
1.102000e-02	1.534684e-03
1.103000e-02	1.535411e-03
1.104000e-02	1.536138e-03
1.105000e-02	1.536865e-03
1.106000e-02	1.537592e-03
1.107000e-02	1.538319e-03
1.108000e-02	1.539046e-03
1.109000e-02	1.539773e-03
1.110000e-02	1.540500e-03
1.111000e-02	1.541226e-03
1.112000e-02	1.541953e-03
1.113000e-02	1.542680e-03
1.114000e-02	1.543407e-03
1.115000e-02	1.544134e-03
1.116000e-02	1.544861e-03
1.117000e-02	1.545588e-03
1.118000e-02	1.546315e-03
1.119000e-02	1.547042e-03
1.120000e-02	1.547769e-03
1.121000e-02	1.548496e-03
1.122000e-02	1.549223e-03
1.123000e-02	1.549950e-03
1.124000e-02	1.550677e-03
1.125000e-02	1.551404e-03
1.126000e-02	1.552131e-03
1.127000e-02	1.552858e-03
1.128000e-02	1.553585e-03
1.129000e-02	1.554312e-03
1.130000e-02	1.555039e-03
1.131000e-02	1.555766e-03
1.132000e-02	1.556493e-03
1.133000e-02	1.557220e-03
1.134000e-02	1.557947e-03
1.135000e-02	1.558674e-03
1.136000e-02	1.559400e-03
1.137000e-02	1.560127e-03
1.138000e-02	1.560854e-03
1.139000e-02	1.561581e-03
1.140000e-02	1.562308e-03
1.141000e-02	1.563035e-03
1.142000e-02	1.563762e-03
1.143000e-02	1.564489e-03
1.144000e-02	1.565216e-03
1.145000e-02	1.565943e-03
1.146000e-02	1.566670e-03
1.147000e-02	1.567397e-03
1.148000e-02	1.568124e-03
1.149000e-02	1.568851e-03
1.150000e-02	1.569578e-03
1.151000e-02	1.570305e-03
1.152000e-02	1.571032e-03
1.153000e-02	1.571759e-03
1.154000e-02	1.572486e-03
1.155000e-02	1.573213e-03
1.156000e-02	1.573940e-03
1.157000e-02	1.574667e-03
1.158000e-02	1.575394e-03
1.159000e-02	1.576121e-03
1.160000e-02	1.576848e-03
1.161000e-02	1.577575e-03
1.162000e-02	1.578301e-03
1.163000e-02	1.579028e-03
1.164000e-02	1.579755e-03
1.165000e-02	1.580482e-03
1.166000e-02	1.581209e-03
1.167000e-02	1.581936e-03
1.168000e-02	1.582663e-03
1.169000e-02	1.583390e-03
1.170000e-02	1.584117e-03
1.171000e-02	1.584844e-03
1.172000e-02	1.585571e-03
1.173000e-02	1.586298e-03
1.174000e-02	1.587025e-03
1.175000e-02	1.587752e-03
1.176000e-02	1.588479e-03
1.177000e-02	1.589206e-03
1.178000e-02	1.589933e-03
1.179000e-02	1.590660e-03
1.180000e-02	1.591387e-03
1.181000e-02	1.592114e-03
1.182000e-02	1.592841e-03
1.183000e-02	1.593568e-03
1.184000e-02	1.594295e-03
1.185000e-02	1.595022e-03
1.186000e-02	1.595749e-03
1.187000e-02	1.596475e-03
1.188000e-02	1.597202e-03
1.189000e-02	1.597929e-03
1.190000e-02	1.598656e-03
1.191000e-02	1.599383e-03
1.192000e-02	1.600110e-03
1.193000e-02	1.600837e-03
1.194000e-02	1.601564e-03
1.195000e-02	1.602291e-03
1.196000e-02	1.603018e-03
1.197000e-02	1.603745e-03
1.198000e-02	1.604472e-03
1.199000e-02	1.605199e-03
1.200000e-02	1.605926e-03
1.201000e-02	1.606653e-03
1.202000e-02	1.607380e-03
1.203000e-02	1.608107e-03
1.204000e-02	1.608834e-03
1.205000e-02	1.609561e-03
1.206000e-02	1.610288e-03
1.207000e-02	1.611015e-03
1.208000e-02	1.611742e-03
1.209000e-02	1.612469e-03
1.210000e-02	1.613196e-03
1.211000e-02	1.613923e-03
1.212000e-02	1.614650e-03
1.213000e-02	1.615376e-03
1.214000e-02	1.616103e-03
1.215000e-02	1.616830e-03
1.216000e-02	1.617557e-03
1.217000e-02	1.618284e-03
1.218000e-02	1.619011e-03
1.219000e-02	1.619738e-03
1.220000e-02	1.620465e-03
1.221000e-02	1.621192e-03
1.222000e-02	1.621919e-03
1.223000e-02	1.622646e-03
1.224000e-02	1.623373e-03
1.225000e-02	1.624100e-03
1.226000e-02	1.624827e-03
1.227000e-02	1.625554e-03
1.228000e-02	1.626281e-03
1.229000e-02	1.627008e-03
1.230000e-02	1.627735e-03
1.231000e-02	1.628462e-03
1.232000e-02	1.629189e-03
1.233000e-02	1.629916e-03
1.234000e-02	1.630643e-03
1.235000e-02	1.631370e-03
1.236000e-02	1.632097e-03
1.237000e-02	1.632824e-03
1.238000e-02	1.633550e-03
1.239000e-02	1.634277e-03
1.240000e-02	1.635004e-03
1.241000e-02	1.635731e-03
1.242000e-02	1.636458e-03
1.243000e-02	1.637185e-03
1.244000e-02	1.637912e-03
1.245000e-02	1.638639e-03
1.246000e-02	1.639366e-03
1.247000e-02	1.640093e-03
1.248000e-02	1.640820e-03
1.249000e-02	1.641547e-03
1.250000e-02	1.642274e-03
1.251000e-02	1.643001e-03
1.252000e-02	1.643728e-03
1.253000e-02	1.644455e-03
1.254000e-02	1.645182e-03
1.255000e-02	1.645909e-03
1.256000e-02	1.646636e-03
1.257000e-02	1.647363e-03
1.258000e-02	1.648090e-03
1.259000e-02	1.648817e-03
1.260000e-02	1.649544e-03
1.261000e-02	1.650271e-03
1.262000e-02	1.650998e-03
1.263000e-02	1.651724e-03
1.264000e-02	1.652451e-03
1.265000e-02	1.653178e-03
1.266000e-02	1.653905e-03
1.267000e-02	1.654632e-03
1.268000e-02	1.655359e-03
1.269000e-02	1.656086e-03
1.270000e-02	1.656813e-03
1.271000e-02	1.657540e-03
1.272000e-02	1.658267e-03
1.273000e-02	1.658994e-03
1.274000e-02	1.659721e-03
1.275000e-02	1.660448e-03
1.276000e-02	1.661175e-03
1.277000e-02	1.661902e-03
1.278000e-02	1.662629e-03
1.279000e-02	1.663356e-03
1.280000e-02	1.664083e-03
1.281000e-02	1.664810e-03
1.282000e-02	1.665537e-03
1.283000e-02	1.666264e-03
1.284000e-02	1.666991e-03
1.285000e-02	1.667718e-03
1.286000e-02	1.668445e-03
1.287000e-02	1.669172e-03
1.288000e-02	1.669899e-03
1.289000e-02	1.670625e-03
1.290000e-02	1.671352e-03
1.291000e-02	1.672079e-03
1.292000e-02	1.672806e-03
1.293000e-02	1.673533e-03
1.294000e-02	1.674260e-03
1.295000e-02	1.674987e-03
1.296000e-02	1.675714e-03
1.297000e-02	1.676441e-03
1.298000e-02	1.677168e-03
1.299000e-02	1.677895e-03
1.300000e-02	1.678622e-03
1.301000e-02	1.679349e-03
1.302000e-02	1.680076e-03
1.303000e-02	1.680803e-03
1.304000e-02	1.681530e-03
1.305000e-02	1.682257e-03
1.306000e-02	1.682984e-03
1.307000e-02	1.683711e-03
1.308000e-02	1.684438e-03
1.309000e-02	1.685165e-03
1.310000e-02	1.685892e-03
1.311000e-02	1.686619e-03
1.312000e-02	1.687346e-03
1.313000e-02	1.688073e-03
1.314000e-02	1.688800e-03
1.315000e-02	1.689526e-03
1.316000e-02	1.690253e-03
1.317000e-02	1.690980e-03
1.318000e-02	1.691707e-03
1.319000e-02	1.692434e-03
1.320000e-02	1.693161e-03
1.321000e-02	1.693888e-03
1.322000e-02	1.694615e-03
1.323000e-02	1.695342e-03
1.324000e-02	1.696069e-03
1.325000e-02	1.696796e-03
1.326000e-02	1.697523e-03
1.327000e-02	1.698250e-03
1.328000e-02	1.698977e-03
1.329000e-02	1.699704e-03
1.330000e-02	1.700431e-03
1.331000e-02	1.701158e-03
1.332000e-02	1.701885e-03
1.333000e-02	1.702612e-03
1.334000e-02	1.703339e-03
1.335000e-02	1.704066e-03
1.336000e-02	1.704793e-03
1.337000e-02	1.705520e-03
1.338000e-02	1.706247e-03
1.339000e-02	1.706974e-03
1.340000e-02	1.707700e-03
1.341000e-02	1.708427e-03
1.342000e-02	1.709154e-03
1.343000e-02	1.709881e-03
1.344000e-02	1.710608e-03
1.345000e-02	1.711335e-03
1.346000e-02	1.712062e-03
1.347000e-02	1.712789e-03
1.348000e-02	1.713516e-03
1.349000e-02	1.714243e-03
1.350000e-02	1.714970e-03
1.351000e-02	1.715697e-03
1.352000e-02	1.716424e-03
1.353000e-02	1.717151e-03
1.354000e-02	1.717878e-03
1.355000e-02	1.718605e-03
1.356000e-02	1.719332e-03
1.357000e-02	1.720059e-03
1.358000e-02	1.720786e-03
1.359000e-02	1.721513e-03
1.360000e-02	1.722240e-03
1.361000e-02	1.722967e-03
1.362000e-02	1.723694e-03
1.363000e-02	1.724421e-03
1.364000e-02	1.725148e-03
1.365000e-02	1.725875e-03
1.366000e-02	1.726601e-03
1.367000e-02	1.727328e-03
1.368000e-02	1.728055e-03
1.369000e-02	1.728782e-03
1.370000e-02	1.729509e-03
1.371000e-02	1.730236e-03
1.372000e-02	1.730963e-03
1.373000e-02	1.731690e-03
1.374000e-02	1.732417e-03
1.375000e-02	1.733144e-03
1.376000e-02	1.733871e-03
1.377000e-02	1.734598e-03
1.378000e-02	1.735325e-03
1.379000e-02	1.736052e-03
1.380000e-02	1.736779e-03
1.381000e-02	1.737506e-03
1.382000e-02	1.738233e-03
1.383000e-02	1.738960e-03
1.384000e-02	1.739687e-03
1.385000e-02	1.740414e-03
1.386000e-02	1.741141e-03
1.387000e-02	1.741868e-03
1.388000e-02	1.742595e-03
1.389000e-02	1.743322e-03
1.390000e-02	1.744049e-03
1.391000e-02	1.744775e-03
1.392000e-02	1.745502e-03
1.393000e-02	1.746229e-03
1.394000e-02	1.746956e-03
1.395000e-02	1.747683e-03
1.396000e-02	1.748410e-03
1.397000e-02	1.749137e-03
1.398000e-02	1.749864e-03
1.399000e-02	1.750591e-03
1.400000e-02	1.751318e-03
1.401000e-02	1.752045e-03
1.402000e-02	1.752772e-03
1.403000e-02	1.753499e-03
1.404000e-02	1.754226e-03
1.405000e-02	1.754953e-03
1.406000e-02	1.755680e-03
1.407000e-02	1.756407e-03
1.408000e-02	1.757134e-03
1.409000e-02	1.757861e-03
1.410000e-02	1.758588e-03
1.411000e-02	1.759315e-03
1.412000e-02	1.760042e-03
1.413000e-02	1.760769e-03
1.414000e-02	1.761496e-03
1.415000e-02	1.762223e-03
1.416000e-02	1.762950e-03
1.417000e-02	1.763676e-03
1.418000e-02	1.764403e-03
1.419000e-02	1.765130e-03
1.420000e-02	1.765857e-03
1.421000e-02	1.766584e-03
1.422000e-02	1.767311e-03
1.423000e-02	1.768038e-03
1.424000e-02	1.768765e-03
1.425000e-02	1.769492e-03
1.426000e-02	1.770219e-03
1.427000e-02	1.770946e-03
1.428000e-02	1.771673e-03
1.429000e-02	1.772400e-03
1.430000e-02	1.773127e-03
1.431000e-02	1.773854e-03
1.432000e-02	1.774581e-03
1.433000e-02	1.775308e-03
1.434000e-02	1.776035e-03
1.435000e-02	1.776762e-03
1.436000e-02	1.777489e-03
1.437000e-02	1.778216e-03
1.438000e-02	1.778943e-03
1.439000e-02	1.779670e-03
1.440000e-02	1.780397e-03
1.441000e-02	1.781124e-03
1.442000e-02	1.781850e-03
1.443000e-02	1.782577e-03
1.444000e-02	1.783304e-03
1.445000e-02	1.784031e-03
1.446000e-02	1.784758e-03
1.447000e-02	1.785485e-03
1.448000e-02	1.786212e-03
1.449000e-02	1.786939e-03
1.450000e-02	1.787666e-03
1.451000e-02	1.788393e-03
1.452000e-02	1.789120e-03
1.453000e-02	1.789847e-03
1.454000e-02	1.790574e-03
1.455000e-02	1.791301e-03
1.456000e-02	1.792028e-03
1.457000e-02	1.792755e-03
1.458000e-02	1.793482e-03
1.459000e-02	1.794209e-03
1.460000e-02	1.794936e-03
1.461000e-02	1.795663e-03
1.462000e-02	1.796390e-03
1.463000e-02	1.797117e-03
1.464000e-02	1.797844e-03
1.465000e-02	1.798571e-03
1.466000e-02	1.799298e-03
1.467000e-02	1.800025e-03
1.468000e-02	1.800751e-03
1.469000e-02	1.801478e-03
1.470000e-02	1.802205e-03
1.471000e-02	1.802932e-03
1.472000e-02	1.803659e-03
1.473000e-02	1.804386e-03
1.474000e-02	1.805113e-03
1.475000e-02	1.805840e-03
1.476000e-02	1.806567e-03
1.477000e-02	1.807294e-03
1.478000e-02	1.808021e-03
1.479000e-02	1.808748e-03
1.480000e-02	1.809475e-03
1.481000e-02	1.810202e-03
1.482000e-02	1.810929e-03
1.483000e-02	1.811656e-03
1.484000e-02	1.812383e-03
1.485000e-02	1.813110e-03
1.486000e-02	1.813837e-03
1.487000e-02	1.814564e-03
1.488000e-02	1.815291e-03
1.489000e-02	1.816018e-03
1.490000e-02	1.816745e-03
1.491000e-02	1.817472e-03
1.492000e-02	1.818199e-03
1.493000e-02	1.818926e-03
1.494000e-02	1.819652e-03
1.495000e-02	1.820379e-03
1.496000e-02	1.821106e-03
1.497000e-02	1.821833e-03
1.498000e-02	1.822560e-03
1.499000e-02	1.823287e-03
1.500000e-02	1.824014e-03
1.501000e-02	1.824741e-03
1.502000e-02	1.825468e-03
1.503000e-02	1.826195e-03
1.504000e-02	1.826922e-03
1.505000e-02	1.827649e-03
1.506000e-02	1.828376e-03
1.507000e-02	1.829103e-03
1.508000e-02	1.829830e-03
1.509000e-02	1.830557e-03
1.510000e-02	1.831284e-03
1.511000e-02	1.832011e-03
1.512000e-02	1.832738e-03
1.513000e-02	1.833465e-03
1.514000e-02	1.834192e-03
1.515000e-02	1.834919e-03
1.516000e-02	1.835646e-03
1.517000e-02	1.836373e-03
1.518000e-02	1.837100e-03
1.519000e-02	1.837826e-03
1.520000e-02	1.838553e-03
1.521000e-02	1.839280e-03
1.522000e-02	1.840007e-03
1.523000e-02	1.840734e-03
1.524000e-02	1.841461e-03
1.525000e-02	1.842188e-03
1.526000e-02	1.842915e-03
1.527000e-02	1.843642e-03
1.528000e-02	1.844369e-03
1.529000e-02	1.845096e-03
1.530000e-02	1.845823e-03
1.531000e-02	1.846550e-03
1.532000e-02	1.847277e-03
1.533000e-02	1.848004e-03
1.534000e-02	1.848731e-03
1.535000e-02	1.849458e-03
1.536000e-02	1.850185e-03
1.537000e-02	1.850912e-03
1.538000e-02	1.851639e-03
1.539000e-02	1.852366e-03
1.540000e-02	1.853093e-03
1.541000e-02	1.853820e-03
1.542000e-02	1.854547e-03
1.543000e-02	1.855274e-03
1.544000e-02	1.856001e-03
1.545000e-02	1.856727e-03
1.546000e-02	1.857454e-03
1.547000e-02	1.858181e-03
1.548000e-02	1.858908e-03
1.549000e-02	1.859635e-03
1.550000e-02	1.860362e-03
1.551000e-02	1.861089e-03
1.552000e-02	1.861816e-03
1.553000e-02	1.862543e-03
1.554000e-02	1.863270e-03
1.555000e-02	1.863997e-03
1.556000e-02	1.864724e-03
1.557000e-02	1.865451e-03
1.558000e-02	1.866178e-03
1.559000e-02	1.866905e-03
1.560000e-02	1.867632e-03
1.561000e-02	1.868359e-03
1.562000e-02	1.869086e-03
1.563000e-02	1.869813e-03
1.564000e-02	1.870540e-03
1.565000e-02	1.871267e-03
1.566000e-02	1.871994e-03
1.567000e-02	1.872721e-03
1.568000e-02	1.873448e-03
1.569000e-02	1.874175e-03
1.570000e-02	1.874901e-03
1.571000e-02	1.875628e-03
1.572000e-02	1.876355e-03
1.573000e-02	1.877082e-03
1.574000e-02	1.877809e-03
1.575000e-02	1.878536e-03
1.576000e-02	1.879263e-03
1.577000e-02	1.879990e-03
1.578000e-02	1.880717e-03
1.579000e-02	1.881444e-03
1.580000e-02	1.882171e-03
1.581000e-02	1.882898e-03
1.582000e-02	1.883625e-03
1.583000e-02	1.884352e-03
1.584000e-02	1.885079e-03
1.585000e-02	1.885806e-03
1.586000e-02	1.886533e-03
1.587000e-02	1.887260e-03
1.588000e-02	1.887987e-03
1.589000e-02	1.888714e-03
1.590000e-02	1.889441e-03
1.591000e-02	1.890168e-03
1.592000e-02	1.890895e-03
1.593000e-02	1.891622e-03
1.594000e-02	1.892349e-03
1.595000e-02	1.893076e-03
1.596000e-02	1.893802e-03
1.597000e-02	1.894529e-03
1.598000e-02	1.895256e-03
1.599000e-02	1.895983e-03
1.600000e-02	1.896710e-03
1.601000e-02	1.897437e-03
1.602000e-02	1.898164e-03
1.603000e-02	1.898891e-03
1.604000e-02	1.899618e-03
1.605000e-02	1.900345e-03
1.606000e-02	1.901072e-03
1.607000e-02	1.901799e-03
1.608000e-02	1.902526e-03
1.609000e-02	1.903253e-03
1.610000e-02	1.903980e-03
1.611000e-02	1.904707e-03
1.612000e-02	1.905434e-03
1.613000e-02	1.906161e-03
1.614000e-02	1.906888e-03
1.615000e-02	1.907615e-03
1.616000e-02	1.908342e-03
1.617000e-02	1.909069e-03
1.618000e-02	1.909796e-03
1.619000e-02	1.910523e-03
1.620000e-02	1.911250e-03
1.621000e-02	1.911977e-03
1.622000e-02	1.912703e-03
1.623000e-02	1.913430e-03
1.624000e-02	1.914157e-03
1.625000e-02	1.914884e-03
1.626000e-02	1.915611e-03
1.627000e-02	1.916338e-03
1.628000e-02	1.917065e-03
1.629000e-02	1.917792e-03
1.630000e-02	1.918519e-03
1.631000e-02	1.919246e-03
1.632000e-02	1.919973e-03
1.633000e-02	1.920700e-03
1.634000e-02	1.921427e-03
1.635000e-02	1.922154e-03
1.636000e-02	1.922881e-03
1.637000e-02	1.923608e-03
1.638000e-02	1.924335e-03
1.639000e-02	1.925062e-03
1.640000e-02	1.925789e-03
1.641000e-02	1.926516e-03
1.642000e-02	1.927243e-03
1.643000e-02	1.927970e-03
1.644000e-02	1.928697e-03
1.645000e-02	1.929424e-03
1.646000e-02	1.930151e-03
1.647000e-02	1.930877e-03
1.648000e-02	1.931604e-03
1.649000e-02	1.932331e-03
1.650000e-02	1.933058e-03
1.651000e-02	1.933785e-03
1.652000e-02	1.934512e-03
1.653000e-02	1.935239e-03
1.654000e-02	1.935966e-03
1.655000e-02	1.936693e-03
1.656000e-02	1.937420e-03
1.657000e-02	1.938147e-03
1.658000e-02	1.938874e-03
1.659000e-02	1.939601e-03
1.660000e-02	1.940328e-03
1.661000e-02	1.941055e-03
1.662000e-02	1.941782e-03
1.663000e-02	1.942509e-03
1.664000e-02	1.943236e-03
1.665000e-02	1.943963e-03
1.666000e-02	1.944690e-03
1.667000e-02	1.945417e-03
1.668000e-02	1.946144e-03
1.669000e-02	1.946871e-03
1.670000e-02	1.947598e-03
1.671000e-02	1.948325e-03
1.672000e-02	1.949052e-03
1.673000e-02	1.949778e-03
1.674000e-02	1.950505e-03
1.675000e-02	1.951232e-03
1.676000e-02	1.951959e-03
1.677000e-02	1.952686e-03
1.678000e-02	1.953413e-03
1.679000e-02	1.954140e-03
1.680000e-02	1.954867e-03
1.681000e-02	1.955594e-03
1.682000e-02	1.956321e-03
1.683000e-02	1.957048e-03
1.684000e-02	1.957775e-03
1.685000e-02	1.958502e-03
1.686000e-02	1.959229e-03
1.687000e-02	1.959956e-03
1.688000e-02	1.960683e-03
1.689000e-02	1.961410e-03
1.690000e-02	1.962137e-03
1.691000e-02	1.962864e-03
1.692000e-02	1.963591e-03
1.693000e-02	1.964318e-03
1.694000e-02	1.965045e-03
1.695000e-02	1.965772e-03
1.696000e-02	1.966499e-03
1.697000e-02	1.967226e-03
1.698000e-02	1.967952e-03
1.699000e-02	1.968679e-03
1.700000e-02	1.969406e-03
1.701000e-02	1.970133e-03
1.702000e-02	1.970860e-03
1.703000e-02	1.971587e-03
1.704000e-02	1.972314e-03
1.705000e-02	1.973041e-03
1.706000e-02	1.973768e-03
1.707000e-02	1.974495e-03
1.708000e-02	1.975222e-03
1.709000e-02	1.975949e-03
1.710000e-02	1.976676e-03
1.711000e-02	1.977403e-03
1.712000e-02	1.978130e-03
1.713000e-02	1.978857e-03
1.714000e-02	1.979584e-03
1.715000e-02	1.980311e-03
1.716000e-02	1.981038e-03
1.717000e-02	1.981765e-03
1.718000e-02	1.982492e-03
1.719000e-02	1.983219e-03
1.720000e-02	1.983946e-03
1.721000e-02	1.984673e-03
1.722000e-02	1.985400e-03
1.723000e-02	1.986127e-03
1.724000e-02	1.986853e-03
1.725000e-02	1.987580e-03
1.726000e-02	1.988307e-03
1.727000e-02	1.989034e-03
1.728000e-02	1.989761e-03
1.729000e-02	1.990488e-03
1.730000e-02	1.991215e-03
1.731000e-02	1.991942e-03
1.732000e-02	1.992669e-03
1.733000e-02	1.993396e-03
1.734000e-02	1.994123e-03
1.735000e-02	1.994850e-03
1.736000e-02	1.995577e-03
1.737000e-02	1.996304e-03
1.738000e-02	1.997031e-03
1.739000e-02	1.997758e-03
1.740000e-02	1.998485e-03
1.741000e-02	1.999212e-03
1.742000e-02	1.999939e-03
1.743000e-02	2.000666e-03
1.744000e-02	2.001393e-03
1.745000e-02	2.002120e-03
1.746000e-02	2.002847e-03
1.747000e-02	2.003574e-03
1.748000e-02	2.004301e-03
1.749000e-02	2.005028e-03
1.750000e-02	2.005754e-03
1.751000e-02	2.006481e-03
1.752000e-02	2.007208e-03
1.753000e-02	2.007935e-03
1.754000e-02	2.008662e-03
1.755000e-02	2.009389e-03
1.756000e-02	2.010116e-03
1.757000e-02	2.010843e-03
1.758000e-02	2.011570e-03
1.759000e-02	2.012297e-03
1.760000e-02	2.013024e-03
1.761000e-02	2.013751e-03
1.762000e-02	2.014478e-03
1.763000e-02	2.015205e-03
1.764000e-02	2.015932e-03
1.765000e-02	2.016659e-03
1.766000e-02	2.017386e-03
1.767000e-02	2.018113e-03
1.768000e-02	2.018840e-03
1.769000e-02	2.019567e-03
1.770000e-02	2.020294e-03
1.771000e-02	2.021021e-03
1.772000e-02	2.021748e-03
1.773000e-02	2.022475e-03
1.774000e-02	2.023202e-03
1.775000e-02	2.023928e-03
1.776000e-02	2.024655e-03
1.777000e-02	2.025382e-03
1.778000e-02	2.026109e-03
1.779000e-02	2.026836e-03
1.780000e-02	2.027563e-03
1.781000e-02	2.028290e-03
1.782000e-02	2.029017e-03
1.783000e-02	2.029744e-03
1.784000e-02	2.030471e-03
1.785000e-02	2.031198e-03
1.786000e-02	2.031925e-03
1.787000e-02	2.032652e-03
1.788000e-02	2.033379e-03
1.789000e-02	2.034106e-03
1.790000e-02	2.034833e-03
1.791000e-02	2.035560e-03
1.792000e-02	2.036287e-03
1.793000e-02	2.037014e-03
1.794000e-02	2.037741e-03
1.795000e-02	2.038468e-03
1.796000e-02	2.039195e-03
1.797000e-02	2.039922e-03
1.798000e-02	2.040649e-03
1.799000e-02	2.041376e-03
1.800000e-02	2.042103e-03
1.801000e-02	2.042829e-03
1.802000e-02	2.043556e-03
1.803000e-02	2.044283e-03
1.804000e-02	2.045010e-03
1.805000e-02	2.045737e-03
1.806000e-02	2.046464e-03
1.807000e-02	2.047191e-03
1.808000e-02	2.047918e-03
1.809000e-02	2.048645e-03
1.810000e-02	2.049372e-03
1.811000e-02	2.050099e-03
1.812000e-02	2.050826e-03
1.813000e-02	2.051553e-03
1.814000e-02	2.052280e-03
1.815000e-02	2.053007e-03
1.816000e-02	2.053734e-03
1.817000e-02	2.054461e-03
1.818000e-02	2.055188e-03
1.819000e-02	2.055915e-03
1.820000e-02	2.056642e-03
1.821000e-02	2.057369e-03
1.822000e-02	2.058096e-03
1.823000e-02	2.058823e-03
1.824000e-02	2.059550e-03
1.825000e-02	2.060277e-03
1.826000e-02	2.061004e-03
1.827000e-02	2.061730e-03
1.828000e-02	2.062457e-03
1.829000e-02	2.063184e-03
1.830000e-02	2.063911e-03
1.831000e-02	2.064638e-03
1.832000e-02	2.065365e-03
1.833000e-02	2.066092e-03
1.834000e-02	2.066819e-03
1.835000e-02	2.067546e-03
1.836000e-02	2.068273e-03
1.837000e-02	2.069000e-03
1.838000e-02	2.069727e-03
1.839000e-02	2.070454e-03
1.840000e-02	2.071181e-03
1.841000e-02	2.071908e-03
1.842000e-02	2.072635e-03
1.843000e-02	2.073362e-03
1.844000e-02	2.074089e-03
1.845000e-02	2.074816e-03
1.846000e-02	2.075543e-03
1.847000e-02	2.076270e-03
1.848000e-02	2.076997e-03
1.849000e-02	2.077724e-03
1.850000e-02	2.078451e-03
1.851000e-02	2.079178e-03
1.852000e-02	2.079904e-03
1.853000e-02	2.080631e-03
1.854000e-02	2.081358e-03
1.855000e-02	2.082085e-03
1.856000e-02	2.082812e-03
1.857000e-02	2.083539e-03
1.858000e-02	2.084266e-03
1.859000e-02	2.084993e-03
1.860000e-02	2.085720e-03
1.861000e-02	2.086447e-03
1.862000e-02	2.087174e-03
1.863000e-02	2.087901e-03
1.864000e-02	2.088628e-03
1.865000e-02	2.089355e-03
1.866000e-02	2.090082e-03
1.867000e-02	2.090809e-03
1.868000e-02	2.091536e-03
1.869000e-02	2.092263e-03
1.870000e-02	2.092990e-03
1.871000e-02	2.093717e-03
1.872000e-02	2.094444e-03
1.873000e-02	2.095171e-03
1.874000e-02	2.095898e-03
1.875000e-02	2.096625e-03
1.876000e-02	2.097352e-03
1.877000e-02	2.098079e-03
1.878000e-02	2.098805e-03
1.879000e-02	2.099532e-03
1.880000e-02	2.100259e-03
1.881000e-02	2.100986e-03
1.882000e-02	2.101713e-03
1.883000e-02	2.102440e-03
1.884000e-02	2.103167e-03
1.885000e-02	2.103894e-03
1.886000e-02	2.104621e-03
1.887000e-02	2.105348e-03
1.888000e-02	2.106075e-03
1.889000e-02	2.106802e-03
1.890000e-02	2.107529e-03
1.891000e-02	2.108256e-03
1.892000e-02	2.108983e-03
1.893000e-02	2.109710e-03
1.894000e-02	2.110437e-03
1.895000e-02	2.111164e-03
1.896000e-02	2.111891e-03
1.897000e-02	2.112618e-03
1.898000e-02	2.113345e-03
1.899000e-02	2.114072e-03
1.900000e-02	2.114799e-03
1.901000e-02	2.115526e-03
1.902000e-02	2.116253e-03
1.903000e-02	2.116979e-03
1.904000e-02	2.117706e-03
1.905000e-02	2.118433e-03
1.906000e-02	2.119160e-03
1.907000e-02	2.119887e-03
1.908000e-02	2.120614e-03
1.909000e-02	2.121341e-03
1.910000e-02	2.122068e-03
1.911000e-02	2.122795e-03
1.912000e-02	2.123522e-03
1.913000e-02	2.124249e-03
1.914000e-02	2.124976e-03
1.915000e-02	2.125703e-03
1.916000e-02	2.126430e-03
1.917000e-02	2.127157e-03
1.918000e-02	2.127884e-03
1.919000e-02	2.128611e-03
1.920000e-02	2.129338e-03
1.921000e-02	2.130065e-03
1.922000e-02	2.130792e-03
1.923000e-02	2.131519e-03
1.924000e-02	2.132246e-03
1.925000e-02	2.132973e-03
1.926000e-02	2.133700e-03
1.927000e-02	2.134427e-03
1.928000e-02	2.135154e-03
1.929000e-02	2.135880e-03
1.930000e-02	2.136607e-03
1.931000e-02	2.137334e-03
1.932000e-02	2.138061e-03
1.933000e-02	2.138788e-03
1.934000e-02	2.139515e-03
1.935000e-02	2.140242e-03
1.936000e-02	2.140969e-03
1.937000e-02	2.141696e-03
1.938000e-02	2.142423e-03
1.939000e-02	2.143150e-03
1.940000e-02	2.143877e-03
1.941000e-02	2.144604e-03
1.942000e-02	2.145331e-03
1.943000e-02	2.146058e-03
1.944000e-02	2.146785e-03
1.945000e-02	2.147512e-03
1.946000e-02	2.148239e-03
1.947000e-02	2.148966e-03
1.948000e-02	2.149693e-03
1.949000e-02	2.150420e-03
1.950000e-02	2.151147e-03
1.951000e-02	2.151874e-03
1.952000e-02	2.152601e-03
1.953000e-02	2.153328e-03
1.954000e-02	2.154055e-03
1.955000e-02	2.154781e-03
1.956000e-02	2.155508e-03
1.957000e-02	2.156235e-03
1.958000e-02	2.156962e-03
1.959000e-02	2.157689e-03
1.960000e-02	2.158416e-03
1.961000e-02	2.159143e-03
1.962000e-02	2.159870e-03
1.963000e-02	2.160597e-03
1.964000e-02	2.161324e-03
1.965000e-02	2.162051e-03
1.966000e-02	2.162778e-03
1.967000e-02	2.163505e-03
1.968000e-02	2.164232e-03
1.969000e-02	2.164959e-03
1.970000e-02	2.165686e-03
1.971000e-02	2.166413e-03
1.972000e-02	2.167140e-03
1.973000e-02	2.167867e-03
1.974000e-02	2.168594e-03
1.975000e-02	2.169321e-03
1.976000e-02	2.170048e-03
1.977000e-02	2.170775e-03
1.978000e-02	2.171502e-03
1.979000e-02	2.172229e-03
1.980000e-02	2.172955e-03
1.981000e-02	2.173682e-03
1.982000e-02	2.174409e-03
1.983000e-02	2.175136e-03
1.984000e-02	2.175863e-03
1.985000e-02	2.176590e-03
1.986000e-02	2.177317e-03
1.987000e-02	2.178044e-03
1.988000e-02	2.178771e-03
1.989000e-02	2.179498e-03
1.990000e-02	2.180225e-03
1.991000e-02	2.180952e-03
1.992000e-02	2.181679e-03
1.993000e-02	2.182406e-03
1.994000e-02	2.183133e-03
1.995000e-02	2.183860e-03
1.996000e-02	2.184587e-03
1.997000e-02	2.185314e-03
1.998000e-02	2.186041e-03
1.999000e-02	2.186768e-03
2.000000e-02	2.187495e-03
2.001000e-02	2.188222e-03
2.002000e-02	2.188949e-03
2.003000e-02	2.189676e-03
2.004000e-02	2.190403e-03
2.005000e-02	2.191130e-03
2.006000e-02	2.191856e-03
2.007000e-02	2.192583e-03
2.008000e-02	2.193310e-03
2.009000e-02	2.194037e-03
2.010000e-02	2.194764e-03
2.011000e-02	2.195491e-03
2.012000e-02	2.196218e-03
2.013000e-02	2.196945e-03
2.014000e-02	2.197672e-03
2.015000e-02	2.198399e-03
2.016000e-02	2.199126e-03
2.017000e-02	2.199853e-03
2.018000e-02	2.200580e-03
2.019000e-02	2.201307e-03
2.020000e-02	2.202034e-03
2.021000e-02	2.202761e-03
2.022000e-02	2.203488e-03
2.023000e-02	2.204215e-03
2.024000e-02	2.204942e-03
2.025000e-02	2.205669e-03
2.026000e-02	2.206396e-03
2.027000e-02	2.207123e-03
2.028000e-02	2.207850e-03
2.029000e-02	2.208577e-03
2.030000e-02	2.209304e-03
2.031000e-02	2.210031e-03
2.032000e-02	2.210757e-03
2.033000e-02	2.211484e-03
2.034000e-02	2.212211e-03
2.035000e-02	2.212938e-03
2.036000e-02	2.213665e-03
2.037000e-02	2.214392e-03
2.038000e-02	2.215119e-03
2.039000e-02	2.215846e-03
2.040000e-02	2.216573e-03
2.041000e-02	2.217300e-03
2.042000e-02	2.218027e-03
2.043000e-02	2.218754e-03
2.044000e-02	2.219481e-03
2.045000e-02	2.220208e-03
2.046000e-02	2.220935e-03
2.047000e-02	2.221662e-03
2.048000e-02	2.222389e-03
2.049000e-02	2.223116e-03
2.050000e-02	2.223843e-03
2.051000e-02	2.224570e-03
2.052000e-02	2.225297e-03
2.053000e-02	2.226024e-03
2.054000e-02	2.226751e-03
2.055000e-02	2.227478e-03
2.056000e-02	2.228205e-03
2.057000e-02	2.228931e-03
2.058000e-02	2.229658e-03
2.059000e-02	2.230385e-03
2.060000e-02	2.231112e-03
2.061000e-02	2.231839e-03
2.062000e-02	2.232566e-03
2.063000e-02	2.233293e-03
2.064000e-02	2.234020e-03
2.065000e-02	2.234747e-03
2.066000e-02	2.235474e-03
2.067000e-02	2.236201e-03
2.068000e-02	2.236928e-03
2.069000e-02	2.237655e-03
2.070000e-02	2.238382e-03
2.071000e-02	2.239109e-03
2.072000e-02	2.239836e-03
2.073000e-02	2.240563e-03
2.074000e-02	2.241290e-03
2.075000e-02	2.242017e-03
2.076000e-02	2.242744e-03
2.077000e-02	2.243471e-03
2.078000e-02	2.244198e-03
2.079000e-02	2.244925e-03
2.080000e-02	2.245652e-03
2.081000e-02	2.246379e-03
2.082000e-02	2.247106e-03
2.083000e-02	2.247832e-03
2.084000e-02	2.248559e-03
2.085000e-02	2.249286e-03
2.086000e-02	2.250013e-03
2.087000e-02	2.250740e-03
2.088000e-02	2.251467e-03
2.089000e-02	2.252194e-03
2.090000e-02	2.252921e-03
2.091000e-02	2.253648e-03
2.092000e-02	2.254375e-03
2.093000e-02	2.255102e-03
2.094000e-02	2.255829e-03
2.095000e-02	2.256556e-03
2.096000e-02	2.257283e-03
2.097000e-02	2.258010e-03
2.098000e-02	2.258737e-03
2.099000e-02	2.259464e-03
2.100000e-02	2.260191e-03
2.101000e-02	2.260918e-03
2.102000e-02	2.261645e-03
2.103000e-02	2.262372e-03
2.104000e-02	2.263099e-03
2.105000e-02	2.263826e-03
2.106000e-02	2.264553e-03
2.107000e-02	2.265280e-03
2.108000e-02	2.266007e-03
2.109000e-02	2.266733e-03
2.110000e-02	2.267460e-03
2.111000e-02	2.268187e-03
2.112000e-02	2.268914e-03
2.113000e-02	2.269641e-03
2.114000e-02	2.270368e-03
2.115000e-02	2.271095e-03
2.116000e-02	2.271822e-03
2.117000e-02	2.272549e-03
2.118000e-02	2.273276e-03
2.119000e-02	2.274003e-03
2.120000e-02	2.274730e-03
2.121000e-02	2.275457e-03
2.122000e-02	2.276184e-03
2.123000e-02	2.276911e-03
2.124000e-02	2.277638e-03
2.125000e-02	2.278365e-03
2.126000e-02	2.279092e-03
2.127000e-02	2.279819e-03
2.128000e-02	2.280546e-03
2.129000e-02	2.281273e-03
2.130000e-02	2.282000e-03
2.131000e-02	2.282727e-03
2.132000e-02	2.283454e-03
2.133000e-02	2.284181e-03
2.134000e-02	2.284907e-03
2.135000e-02	2.285634e-03
2.136000e-02	2.286361e-03
2.137000e-02	2.287088e-03
2.138000e-02	2.287815e-03
2.139000e-02	2.288542e-03
2.140000e-02	2.289269e-03
2.141000e-02	2.289996e-03
2.142000e-02	2.290723e-03
2.143000e-02	2.291450e-03
2.144000e-02	2.292177e-03
2.145000e-02	2.292904e-03
2.146000e-02	2.293631e-03
2.147000e-02	2.294358e-03
2.148000e-02	2.295085e-03
2.149000e-02	2.295812e-03
2.150000e-02	2.296539e-03
2.151000e-02	2.297266e-03
2.152000e-02	2.297993e-03
2.153000e-02	2.298720e-03
2.154000e-02	2.299447e-03
2.155000e-02	2.300174e-03
2.156000e-02	2.300901e-03
2.157000e-02	2.301628e-03
2.158000e-02	2.302355e-03
2.159000e-02	2.303082e-03
2.160000e-02	2.303808e-03
2.161000e-02	2.304535e-03
2.162000e-02	2.305262e-03
2.163000e-02	2.305989e-03
2.164000e-02	2.306716e-03
2.165000e-02	2.307443e-03
2.166000e-02	2.308170e-03
2.167000e-02	2.308897e-03
2.168000e-02	2.309624e-03
2.169000e-02	2.310351e-03
2.170000e-02	2.311078e-03
2.171000e-02	2.311805e-03
2.172000e-02	2.312532e-03
2.173000e-02	2.313259e-03
2.174000e-02	2.313986e-03
2.175000e-02	2.314713e-03
2.176000e-02	2.315440e-03
2.177000e-02	2.316167e-03
2.178000e-02	2.316894e-03
2.179000e-02	2.317621e-03
2.180000e-02	2.318348e-03
2.181000e-02	2.319075e-03
2.182000e-02	2.319802e-03
2.183000e-02	2.320529e-03
2.184000e-02	2.321256e-03
2.185000e-02	2.321983e-03
2.186000e-02	2.322709e-03
2.187000e-02	2.323436e-03
2.188000e-02	2.324163e-03
2.189000e-02	2.324890e-03
2.190000e-02	2.325617e-03
2.191000e-02	2.326344e-03
2.192000e-02	2.327071e-03
2.193000e-02	2.327798e-03
2.194000e-02	2.328525e-03
2.195000e-02	2.329252e-03
2.196000e-02	2.329979e-03
2.197000e-02	2.330706e-03
2.198000e-02	2.331433e-03
2.199000e-02	2.332160e-03
2.200000e-02	2.332887e-03
2.201000e-02	2.333614e-03
2.202000e-02	2.334341e-03
2.203000e-02	2.335068e-03
2.204000e-02	2.335795e-03
2.205000e-02	2.336522e-03
2.206000e-02	2.337249e-03
2.207000e-02	2.337976e-03
2.208000e-02	2.338703e-03
2.209000e-02	2.339430e-03
2.210000e-02	2.340157e-03
2.211000e-02	2.340883e-03
2.212000e-02	2.341610e-03
2.213000e-02	2.342337e-03
2.214000e-02	2.343064e-03
2.215000e-02	2.343791e-03
2.216000e-02	2.344518e-03
2.217000e-02	2.345245e-03
2.218000e-02	2.345972e-03
2.219000e-02	2.346699e-03
2.220000e-02	2.347426e-03
2.221000e-02	2.348153e-03
2.222000e-02	2.348880e-03
2.223000e-02	2.349607e-03
2.224000e-02	2.350334e-03
2.225000e-02	2.351061e-03
2.226000e-02	2.351788e-03
2.227000e-02	2.352515e-03
2.228000e-02	2.353242e-03
2.229000e-02	2.353969e-03
2.230000e-02	2.354696e-03
2.231000e-02	2.355423e-03
2.232000e-02	2.356150e-03
2.233000e-02	2.356877e-03
2.234000e-02	2.357604e-03
2.235000e-02	2.358331e-03
2.236000e-02	2.359058e-03
2.237000e-02	2.359784e-03
2.238000e-02	2.360511e-03
2.239000e-02	2.361238e-03
2.240000e-02	2.361965e-03
2.241000e-02	2.362692e-03
2.242000e-02	2.363419e-03
2.243000e-02	2.364146e-03
2.244000e-02	2.364873e-03
2.245000e-02	2.365600e-03
2.246000e-02	2.366327e-03
2.247000e-02	2.367054e-03
2.248000e-02	2.367781e-03
2.249000e-02	2.368508e-03
2.250000e-02	2.369235e-03
2.251000e-02	2.369962e-03
2.252000e-02	2.370689e-03
2.253000e-02	2.371416e-03
2.254000e-02	2.372143e-03
2.255000e-02	2.372870e-03
2.256000e-02	2.373597e-03
2.257000e-02	2.374324e-03
2.258000e-02	2.375051e-03
2.259000e-02	2.375778e-03
2.260000e-02	2.376505e-03
2.261000e-02	2.377232e-03
2.262000e-02	2.377959e-03
2.263000e-02	2.378685e-03
2.264000e-02	2.379412e-03
2.265000e-02	2.380139e-03
2.266000e-02	2.380866e-03
2.267000e-02	2.381593e-03
2.268000e-02	2.382320e-03
2.269000e-02	2.383047e-03
2.270000e-02	2.383774e-03
2.271000e-02	2.384501e-03
2.272000e-02	2.385228e-03
2.273000e-02	2.385955e-03
2.274000e-02	2.386682e-03
2.275000e-02	2.387409e-03
2.276000e-02	2.388136e-03
2.277000e-02	2.388863e-03
2.278000e-02	2.389590e-03
2.279000e-02	2.390317e-03
2.280000e-02	2.391044e-03
2.281000e-02	2.391771e-03
2.282000e-02	2.392498e-03
2.283000e-02	2.393225e-03
2.284000e-02	2.393952e-03
2.285000e-02	2.394679e-03
2.286000e-02	2.395406e-03
2.287000e-02	2.396133e-03
2.288000e-02	2.396859e-03
2.289000e-02	2.397586e-03
2.290000e-02	2.398313e-03
2.291000e-02	2.399040e-03
2.292000e-02	2.399767e-03
2.293000e-02	2.400494e-03
2.294000e-02	2.401221e-03
2.295000e-02	2.401948e-03
2.296000e-02	2.402675e-03
2.297000e-02	2.403402e-03
2.298000e-02	2.404129e-03
2.299000e-02	2.404856e-03
2.300000e-02	2.405583e-03
2.301000e-02	2.406310e-03
2.302000e-02	2.407037e-03
2.303000e-02	2.407764e-03
2.304000e-02	2.408491e-03
2.305000e-02	2.409218e-03
2.306000e-02	2.409945e-03
2.307000e-02	2.410672e-03
2.308000e-02	2.411399e-03
2.309000e-02	2.412126e-03
2.310000e-02	2.412853e-03
2.311000e-02	2.413580e-03
2.312000e-02	2.414307e-03
2.313000e-02	2.415034e-03
2.314000e-02	2.415760e-03
2.315000e-02	2.416487e-03
2.316000e-02	2.417214e-03
2.317000e-02	2.417941e-03
2.318000e-02	2.418668e-03
2.319000e-02	2.419395e-03
2.320000e-02	2.420122e-03
2.321000e-02	2.420849e-03
2.322000e-02	2.421576e-03
2.323000e-02	2.422303e-03
2.324000e-02	2.423030e-03
2.325000e-02	2.423757e-03
2.326000e-02	2.424484e-03
2.327000e-02	2.425211e-03
2.328000e-02	2.425938e-03
2.329000e-02	2.426665e-03
2.330000e-02	2.427392e-03
2.331000e-02	2.428119e-03
2.332000e-02	2.428846e-03
2.333000e-02	2.429573e-03
2.334000e-02	2.430300e-03
2.335000e-02	2.431027e-03
2.336000e-02	2.431754e-03
2.337000e-02	2.432481e-03
2.338000e-02	2.433208e-03
2.339000e-02	2.433935e-03
2.340000e-02	2.434661e-03
2.341000e-02	2.435388e-03
2.342000e-02	2.436115e-03
2.343000e-02	2.436842e-03
2.344000e-02	2.437569e-03
2.345000e-02	2.438296e-03
2.346000e-02	2.439023e-03
2.347000e-02	2.439750e-03
2.348000e-02	2.440477e-03
2.349000e-02	2.441204e-03
2.350000e-02	2.441931e-03
2.351000e-02	2.442658e-03
2.352000e-02	2.443385e-03
2.353000e-02	2.444112e-03
2.354000e-02	2.444839e-03
2.355000e-02	2.445566e-03
2.356000e-02	2.446293e-03
2.357000e-02	2.447020e-03
2.358000e-02	2.447747e-03
2.359000e-02	2.448474e-03
2.360000e-02	2.449201e-03
2.361000e-02	2.449928e-03
2.362000e-02	2.450655e-03
2.363000e-02	2.451382e-03
2.364000e-02	2.452109e-03
2.365000e-02	2.452835e-03
2.366000e-02	2.453562e-03
2.367000e-02	2.454289e-03
2.368000e-02	2.455016e-03
2.369000e-02	2.455743e-03
2.370000e-02	2.456470e-03
2.371000e-02	2.457197e-03
2.372000e-02	2.457924e-03
2.373000e-02	2.458651e-03
2.374000e-02	2.459378e-03
2.375000e-02	2.460105e-03
2.376000e-02	2.460832e-03
2.377000e-02	2.461559e-03
2.378000e-02	2.462286e-03
2.379000e-02	2.463013e-03
2.380000e-02	2.463740e-03
2.381000e-02	2.464467e-03
2.382000e-02	2.465194e-03
2.383000e-02	2.465921e-03
2.384000e-02	2.466648e-03
2.385000e-02	2.467375e-03
2.386000e-02	2.468102e-03
2.387000e-02	2.468829e-03
2.388000e-02	2.469556e-03
2.389000e-02	2.470283e-03
2.390000e-02	2.471010e-03
2.391000e-02	2.471736e-03
2.392000e-02	2.472463e-03
2.393000e-02	2.473190e-03
2.394000e-02	2.473917e-03
2.395000e-02	2.474644e-03
2.396000e-02	2.475371e-03
2.397000e-02	2.476098e-03
2.398000e-02	2.476825e-03
2.399000e-02	2.477552e-03
2.400000e-02	2.478279e-03
2.401000e-02	2.479006e-03
2.402000e-02	2.479733e-03
2.403000e-02	2.480460e-03
2.404000e-02	2.481187e-03
2.405000e-02	2.481914e-03
2.406000e-02	2.482641e-03
2.407000e-02	2.483368e-03
2.408000e-02	2.484095e-03
2.409000e-02	2.484822e-03
2.410000e-02	2.485549e-03
2.411000e-02	2.486276e-03
2.412000e-02	2.487003e-03
2.413000e-02	2.487730e-03
2.414000e-02	2.488457e-03
2.415000e-02	2.489184e-03
2.416000e-02	2.489911e-03
2.417000e-02	2.490637e-03
2.418000e-02	2.491364e-03
2.419000e-02	2.492091e-03
2.420000e-02	2.492818e-03
2.421000e-02	2.493545e-03
2.422000e-02	2.494272e-03
2.423000e-02	2.494999e-03
2.424000e-02	2.495726e-03
2.425000e-02	2.496453e-03
2.426000e-02	2.497180e-03
2.427000e-02	2.497907e-03
2.428000e-02	2.498634e-03
2.429000e-02	2.499361e-03
2.430000e-02	2.500088e-03
2.431000e-02	2.500815e-03
2.432000e-02	2.501542e-03
2.433000e-02	2.502269e-03
2.434000e-02	2.502996e-03
2.435000e-02	2.503723e-03
2.436000e-02	2.504450e-03
2.437000e-02	2.505177e-03
2.438000e-02	2.505904e-03
2.439000e-02	2.506631e-03
2.440000e-02	2.507358e-03
2.441000e-02	2.508085e-03
2.442000e-02	2.508811e-03
2.443000e-02	2.509538e-03
2.444000e-02	2.510265e-03
2.445000e-02	2.510992e-03
2.446000e-02	2.511719e-03
2.447000e-02	2.512446e-03
2.448000e-02	2.513173e-03
2.449000e-02	2.513900e-03
2.450000e-02	2.514627e-03
2.451000e-02	2.515354e-03
2.452000e-02	2.516081e-03
2.453000e-02	2.516808e-03
2.454000e-02	2.517535e-03
2.455000e-02	2.518262e-03
2.456000e-02	2.518989e-03
2.457000e-02	2.519716e-03
2.458000e-02	2.520443e-03
2.459000e-02	2.521170e-03
2.460000e-02	2.521897e-03
2.461000e-02	2.522624e-03
2.462000e-02	2.523351e-03
2.463000e-02	2.524078e-03
2.464000e-02	2.524805e-03
2.465000e-02	2.525532e-03
2.466000e-02	2.526259e-03
2.467000e-02	2.526986e-03
2.468000e-02	2.527712e-03
2.469000e-02	2.528439e-03
2.470000e-02	2.529166e-03
2.471000e-02	2.529893e-03
2.472000e-02	2.530620e-03
2.473000e-02	2.531347e-03
2.474000e-02	2.532074e-03
2.475000e-02	2.532801e-03
2.476000e-02	2.533528e-03
2.477000e-02	2.534255e-03
2.478000e-02	2.534982e-03
2.479000e-02	2.535709e-03
2.480000e-02	2.536436e-03
2.481000e-02	2.537163e-03
2.482000e-02	2.537890e-03
2.483000e-02	2.538617e-03
2.484000e-02	2.539344e-03
2.485000e-02	2.540071e-03
2.486000e-02	2.540798e-03
2.487000e-02	2.541525e-03
2.488000e-02	2.542252e-03
2.489000e-02	2.542979e-03
2.490000e-02	2.543706e-03
2.491000e-02	2.544433e-03
2.492000e-02	2.545160e-03
2.493000e-02	2.545887e-03
2.494000e-02	2.546613e-03
2.495000e-02	2.547340e-03
2.496000e-02	2.548067e-03
2.497000e-02	2.548794e-03
2.498000e-02	2.549521e-03
2.499000e-02	2.550248e-03
